506.56381 729.09247
509.36353 633.11896
509.42957 657.47479
489.52942 557.53308
509.47684 609.72797
509.64291 579.13025
510.14331 502.18912
337.74521 492.64630
510.21252 427.36270
510.13354 391.54492
510.40701 280.36081
506.78909 733.88354
507.00757 737.86279
507.40125 740.45117
509.04028 769.46313
509.34729 780.48059
509.74112 793.77319
510.30966 805.55792
508.61676 810.55731
509.43039 645.00677
491.88174 645.66064
241.95300 393.87726
403.14481 524.11572
377.19678 525.24951
353.92056 520.15112
326.78192 500.75473
425.63831 515.51874
373.99911 428.83344
403.44543 433.25824
346.58780 434.36407
328.84827 446.80798
304.18732 516.66833
426.61493 827.01562
331.41821 482.58075
233.09384 500.30145
277.39337 496.73108
391.22650 619.58496
484.45700 725.30243
488.29568 736.76617
465.56293 732.45026
453.08533 739.35327
473.30084 739.31879
461.89114 742.98541
411.64792 770.87476
491.21832 632.75922
487.36920 610.72699
293.69183 426.02313
438.09747 558.24115
442.99298 632.67352
439.90991 620.52032
317.07080 617.90887
488.26300 582.07147
354.01288 395.30975
318.81439 405.13458
263.73944 349.95477
461.90103 421.86041
428.20721 448.40790
396.93820 749.12244
271.94226 717.96301
462.09802 645.00330
479.06708 650.51080
438.20740 751.06592
443.74265 751.06195
305.50049 389.63989
443.14600 644.28094
401.03995 398.55286
397.34763 378.58649
362.86957 292.53711
280.48181 371.02435
376.46661 336.57944
278.84766 416.10138
257.61710 406.72321
485.92404 732.14282
469.19254 736.34027
457.02197 741.39453
467.55463 649.37061
441.07367 751.15125
447.55640 758.96924
446.46295 750.95709
470.09515 634.15149
466.01508 743.76245
476.94641 740.65424
490.66522 739.34045
478.48190 809.66833
484.47290 802.18262
485.48209 790.38605
487.92355 777.22101
490.94000 766.90637
465.90625 758.11401
460.68674 762.38068
454.92789 768.44849
450.18250 774.85004
420.31183 706.51349
239.33151 601.40967
509.52240 650.36926
457.65271 754.52130
452.64218 756.54248
484.39062 658.84418
451.42670 658.20227
481.96701 654.66571
411.89655 572.92780
371.57025 589.66882
436.66370 631.94885
301.55200 315.17044
317.47418 346.07224
345.99591 375.95605
427.74902 785.43396
455.18103 387.02527
438.77658 337.13681
430.41968 282.45972
335.88190 512.73737
276.64783 535.02277
441.06549 506.68732
303.59473 461.42004
455.02573 541.62421
454.29675 621.04938
253.60156 551.41846
291.75208 553.93512
323.06158 563.85626
370.84515 561.39337
406.56250 551.62451
434.09070 538.61957
487.01416 508.16638
260.77979 604.25446
283.70703 458.53799
499.01764 644.42133
442.78876 582.12225
227.84674 495.52924
454.72293 523.22784
434.25967 633.70929
318.53702 482.59882
452.39679 606.60217
251.10535 658.53418
444.18271 496.86151
469.09811 591.21942
330.52069 776.94049
331.01532 795.68970
239.48956 603.22504
298.27942 747.31885
244.33862 450.58429
423.66327 841.19940
501.78909 649.75159
421.22702 600.55182
256.61703 501.76855
357.58722 507.62769
378.02307 512.85199
442.79773 761.80286
270.64191 651.17670
463.28799 866.07623
397.92191 837.61847
368.05627 820.77966
509.97482 338.40527
509.05191 870.74872
400.22589 512.10437
421.33902 506.49506
435.81662 501.65027
265.93002 454.66135
424.42596 470.24982
403.11929 458.70203
380.81097 456.08472
358.98477 460.96179
345.53497 469.15857
230.78543 440.00970
345.20639 500.10156
509.42212 678.15436
440.95123 692.00891
461.69217 640.30609
481.04477 681.23615
510.21558 466.08426
362.69897 802.73633
392.76129 820.98944
461.65149 858.20660
299.90454 764.44043
438.28882 486.25183
471.68262 547.34424
509.08798 861.64423
428.40881 853.61011
251.12482 655.49121
476.93314 762.67542
471.90045 769.95935
467.19977 779.93158
464.03558 790.61841
449.63580 799.40314
452.84860 747.14050
448.05951 746.33887
444.15375 745.10223
405.64066 726.59247
304.85861 666.78955
471.24936 522.86877
461.06329 471.15488
447.46155 475.05695
457.01010 747.43036
308.30722 719.74225
481.49136 467.17242
436.79565 812.78357
509.83279 553.66876
488.01624 534.58228
509.95715 529.42261
456.94376 586.00494
508.95053 846.75574
508.76358 827.60095
471.13031 825.76917
387.85571 774.76990
413.70383 652.39014
409.66357 796.10986
355.63510 648.17560
392.29962 675.86969
340.58853 685.61163
464.01694 844.16711
444.88098 601.03760
368.50317 785.15930
397.41501 806.19788
370.55371 747.99146
281.76947 689.90918
340.20605 746.78278
268.40698 703.48792
378.10242 707.45209
457.60669 564.25580
462.65768 630.66449
451.27014 639.54449
469.51065 614.08972
443.05725 442.09052
402.32361 420.63507
365.33121 416.55518
335.08670 423.47076
314.11536 437.97409
300.58545 489.57275
232.70776 551.45929
316.36359 528.58942
340.34390 537.89825
373.02100 541.03351
405.20325 536.40601
431.01352 526.37695
448.85059 515.97876
232.53903 547.98920
452.25262 646.81702
471.79944 568.86902
476.75076 630.10059
489.46429 641.13470
478.07425 634.12982
458.62894 653.96979
492.77167 643.10919
495.88742 648.78119
451.95920 496.19110
463.04123 500.09805
470.11316 501.83606
338.03650 475.71420
318.16968 462.36200
530.04663 557.30011
690.30566 492.64911
527.38361 645.18164
782.99280 393.80994
623.30798 524.91309
648.05054 526.05127
670.97711 521.31879
699.67401 499.76334
602.14349 517.06348
653.55249 434.62851
624.66656 439.48499
680.77148 438.47461
698.29010 449.10025
719.64685 515.79877
592.36200 826.23145
697.62079 481.65558
791.27625 500.40765
746.05731 494.21631
628.73163 618.64648
529.08337 725.38525
526.62030 736.75757
549.65076 732.90839
563.55603 739.59589
542.90002 739.39233
555.56451 743.10065
607.68097 768.83539
527.60126 632.58954
531.45300 610.43939
732.28418 426.54514
582.08374 557.47980
576.50256 631.32605
579.63983 619.23083
703.20905 616.81006
531.01630 581.77759
671.69287 400.74860
707.41223 408.08807
759.63074 349.60791
563.41998 428.08167
600.95258 454.12085
623.00574 746.81171
750.54712 717.00018
557.33911 643.77399
540.38257 649.73737
581.89392 750.86346
576.21399 750.98853
720.84094 390.91064
576.32764 642.89288
624.76611 405.17987
627.91827 384.01239
659.00104 292.30069
742.50641 370.45721
644.53278 336.29950
746.85760 414.53223
766.60303 406.62476
528.26630 732.16980
546.55560 736.55469
560.00134 741.43829
551.71814 648.23877
578.96606 751.02777
572.77264 758.74249
573.56836 750.87958
549.15918 633.37006
551.69275 743.81970
539.65826 740.62830
525.02893 739.34155
539.26099 809.44653
536.57043 802.04877
534.40753 790.19037
531.21295 777.02301
527.74402 766.82214
553.77606 757.99341
559.29919 762.11859
565.48004 768.20294
570.72845 774.56537
599.44275 704.94324
785.35620 601.63708
562.25629 754.49866
567.43994 756.39685
535.12042 658.45239
568.12878 657.03711
537.45380 654.17621
607.98419 572.16113
648.44092 588.90192
583.01013 630.66016
721.06195 314.76556
704.44775 345.60797
679.85864 379.78918
591.20435 783.99707
569.40723 392.50549
581.54333 336.98755
590.97852 282.30200
689.72040 513.15710
744.73431 533.01178
587.59308 509.40353
722.29126 461.33014
565.38477 540.92535
564.86237 620.14880
769.02899 551.02130
729.50323 553.85437
698.94135 565.46124
652.55884 563.69769
617.72205 554.17847
591.18225 542.19684
533.30725 507.86597
761.18060 603.54602
740.94391 457.68616
519.81134 644.28503
577.06232 581.23859
797.99182 495.68585
571.23236 528.16949
585.53094 632.45123
708.61194 481.36197
566.93164 605.63641
772.53760 658.36475
586.07935 499.54413
550.11218 590.67352
690.48419 775.17065
690.11890 794.19617
783.83447 602.76514
723.15430 745.38751
780.15533 450.69427
595.30609 840.48438
517.28754 649.55664
598.54718 599.62390
766.82141 496.47571
668.80011 508.70776
648.25208 513.68164
577.74109 761.33655
751.07654 650.11731
554.94263 865.81201
621.88849 836.65112
652.55908 819.58514
627.31158 512.55469
607.38281 507.29871
593.79962 503.53690
758.00745 451.15631
605.23724 473.33093
625.59155 462.14386
647.60565 459.46057
669.83264 463.22339
683.40747 470.12897
794.84540 440.12451
681.92517 500.88437
578.96680 690.89801
557.72668 639.12097
538.52258 680.82288
657.55798 801.40314
626.94183 819.99170
556.69293 857.85938
721.70770 762.81738
591.73505 489.16779
548.29376 546.86151
590.48401 852.95752
771.40363 654.57489
542.34955 762.46436
547.81677 769.64899
553.04590 779.62793
557.25568 790.31689
568.62970 798.41809
566.02515 747.02887
570.52600 746.12305
574.24243 744.93237
614.11914 724.52594
715.88525 665.39105
549.15082 522.44031
567.29779 475.83115
582.11414 479.61169
562.03363 747.48700
712.65021 717.77417
544.21753 473.78931
582.00507 811.87512
531.91632 534.30682
562.62543 585.34021
546.96924 825.39130
631.89874 773.19592
606.25507 651.06653
609.71405 794.80957
664.44470 646.93793
627.98132 674.56287
679.85175 684.04132
554.26880 843.87823
574.79926 599.96405
651.57635 783.70282
622.23724 805.02136
649.53308 746.22479
739.86414 688.41211
680.13824 744.94196
753.57544 701.95123
642.33392 705.80811
562.25140 563.59491
556.55530 629.78149
568.19580 638.26855
549.40906 613.50122
584.82849 448.32959
624.35681 427.47131
660.88525 422.48865
691.34167 427.24939
712.22388 439.74719
725.01031 488.28522
791.24414 551.36206
707.34308 528.82098
683.13031 539.32599
651.07068 542.50104
620.00775 537.87250
595.60388 528.64398
578.50299 519.30432
792.95959 548.17188
567.10480 645.47955
547.75378 568.38190
542.16431 629.59760
529.65918 640.87451
541.09698 633.70630
560.68335 652.74243
526.17633 642.85687
523.23236 648.39215
577.66382 499.79364
564.77820 504.36246
556.02783 507.70389
691.09570 475.83252
708.88409 462.62360
391.01630 484.33881
423.28534 485.79654
393.54245 451.81485
358.33154 483.01083
388.33319 516.98077
637.77185 484.31134
670.07208 483.67261
636.75494 452.05392
605.46912 484.89771
638.89807 516.45068
