505.06134 752.85333
504.83862 670.86804
507.88144 689.95398
485.97015 577.67072
504.33478 644.90399
505.14041 607.03296
508.97995 510.48590
347.61615 489.33850
509.81784 437.72525
509.58566 402.29080
511.32611 271.24075
505.03894 764.40051
505.62830 776.60486
506.63037 784.67664
508.17432 789.02704
507.95364 806.22034
507.83350 825.64514
508.27472 843.35736
512.15753 849.16571
505.89236 681.82880
482.89258 678.28815
278.12396 376.76523
414.75821 513.17816
391.21521 516.03302
368.83722 515.23242
340.96796 497.75958
434.62323 507.37048
373.18549 437.16965
401.88684 440.00391
348.40045 442.30603
334.17615 452.85733
324.35281 514.31061
429.83685 867.21924
340.17258 480.54456
270.41214 488.14630
301.90302 492.53101
395.44012 629.68555
476.99481 745.42749
481.43704 774.62616
451.36993 751.56299
435.33533 758.27985
461.92783 772.88660
447.25748 772.05078
408.97711 793.17542
484.83887 669.40088
480.80029 644.44098
302.54272 429.12292
441.60559 562.53613
433.18726 653.42255
432.49518 637.81818
331.55911 621.89441
482.91092 609.10406
346.93890 404.36560
318.51987 411.97638
292.91840 335.94046
452.27747 426.65182
427.09296 451.91736
392.98962 768.26428
308.82831 711.73364
450.74112 668.31683
469.13974 677.00934
417.67407 769.34583
424.05380 770.74780
307.88531 393.89246
433.75174 663.03278
389.84943 406.51489
384.54126 385.03619
374.61658 283.56403
302.93686 366.62189
385.69214 336.95721
292.39398 415.00598
285.77634 398.66684
478.27951 761.20386
456.32437 762.88379
440.82394 765.33936
456.40674 672.78040
420.92102 770.12787
429.34702 781.14606
427.44147 771.42651
459.78812 663.24487
452.44159 776.74225
466.88998 779.55298
485.10455 782.59973
480.49649 846.57605
476.92053 839.22925
478.27789 821.55792
481.45401 802.06415
485.27325 786.49255
451.96588 778.19531
445.92249 785.18536
439.15396 794.05994
434.01212 803.24146
416.21677 728.43604
282.48401 586.02399
506.80795 685.80646
441.19272 774.53546
435.19244 777.83807
476.93494 687.41040
442.89523 677.11945
473.14886 682.33984
418.31085 576.57953
381.33600 594.25995
430.00320 647.79230
322.60681 304.08014
334.03580 344.85547
338.80380 382.97223
427.26505 813.00781
442.06439 391.51956
442.97125 336.81796
435.69788 273.71735
350.71454 509.13913
302.76190 532.37634
447.24246 501.72830
316.56427 462.41086
457.05838 546.94135
445.06577 646.70380
281.15088 545.58014
315.13211 554.06152
342.02692 566.49146
385.76074 562.51990
418.42096 551.28467
441.82166 539.89508
486.33698 516.05798
286.41138 600.84637
301.22272 457.33936
493.44931 680.63257
442.81152 591.51093
272.74466 476.54706
458.86252 527.39697
429.71381 646.76593
331.46387 481.12634
445.16553 627.69427
292.39059 646.32501
447.52475 492.07904
463.01865 615.70825
345.75293 792.98657
351.72559 811.08820
274.91116 594.36700
321.68390 753.68243
277.35492 439.38269
427.39590 886.23041
496.64691 684.68616
422.91321 609.39612
288.20007 494.74097
369.19278 500.16736
389.30688 501.62665
424.23349 784.60394
295.20697 650.26630
468.24991 918.43915
405.90924 875.90790
380.81189 849.01917
510.23236 337.55084
515.58704 924.85809
409.55594 499.01465
428.93842 495.04141
441.64319 493.58160
289.76016 449.37607
424.53741 471.30273
402.81662 462.84286
380.75854 461.62152
360.63638 465.83588
349.52429 472.16690
272.13089 421.28528
356.09863 495.41052
508.46063 711.26282
436.02133 715.96570
450.20447 664.92120
475.83823 711.85010
510.08051 471.99469
372.33466 828.88977
398.53296 857.20648
465.33356 908.29053
329.25470 767.70593
440.05399 483.89816
470.25726 560.22552
513.94055 914.68555
433.74039 900.74554
285.37915 649.25696
466.55130 782.50415
460.71362 794.26831
455.31012 808.72876
451.88358 824.65430
450.05524 832.25757
435.93503 771.10950
429.69586 767.60175
424.59341 763.76758
401.53232 746.73712
320.98083 671.98492
471.83963 529.78351
460.99207 471.92090
448.45453 474.65927
441.87030 774.23346
324.79056 727.27600
478.23892 472.70001
439.15717 848.13849
506.48822 574.38837
485.74387 548.66132
507.68219 543.91547
453.73425 601.81744
512.93628 895.35596
512.55750 870.47089
474.00128 866.28992
389.48380 797.48364
411.26587 665.95795
411.79086 825.19958
362.54840 658.98840
392.63654 691.19427
348.17111 696.94019
467.22339 889.63501
441.66360 614.35638
374.19052 809.39252
401.37207 839.16589
372.01181 765.79169
305.12119 691.73114
348.58307 761.90320
299.50308 701.66107
378.65070 723.25592
456.82297 575.23700
452.35034 659.07507
440.22772 662.61108
461.24631 644.68536
439.18750 446.16980
397.24292 429.03632
361.76001 426.66376
335.36188 432.11090
320.13348 443.49591
318.78870 486.34735
269.39426 540.79407
335.34546 527.37701
357.95636 536.89606
388.62115 536.78284
417.68436 530.17383
439.93024 522.17902
454.93008 514.75659
277.21942 530.18677
441.61523 668.24780
468.44852 587.37506
467.91861 663.74817
480.97330 674.93225
468.59863 666.09302
448.72208 675.16846
485.73331 678.41730
488.71637 682.54291
454.97235 493.80695
466.10977 500.77692
471.46567 507.36963
343.90424 476.74176
327.58643 464.49750
528.13715 577.41687
687.43243 486.89539
531.90906 678.05542
776.22815 371.21262
617.21442 510.38519
642.36816 512.73651
666.45001 511.88849
697.28595 496.39084
595.40051 504.48099
657.16992 436.16760
626.85229 438.71021
683.96527 441.23566
700.13953 451.68033
717.78162 513.17224
602.94275 868.51068
696.35168 479.08505
788.24829 484.76187
745.51465 492.98309
634.30908 628.99127
534.68445 745.06366
531.99506 774.11896
564.16541 751.29633
583.69019 757.37061
554.98743 772.17804
573.04456 771.06946
623.31366 793.29926
525.55743 669.29578
528.67603 644.23395
734.93835 432.53912
586.22131 561.49103
587.45227 653.27087
589.87305 637.47589
706.05627 620.86487
528.36035 608.78491
677.62390 406.71362
712.08545 415.25897
754.43231 330.28305
564.86261 429.71985
600.57306 450.15283
640.05542 768.25208
759.44086 711.83649
569.04224 668.28766
549.14526 676.92334
609.25458 767.28516
603.19336 768.97754
725.11304 397.86230
588.78040 663.06354
629.58875 409.26227
634.03381 388.13062
656.91394 279.64072
738.29388 361.82172
641.56335 333.55139
748.74854 419.13538
762.27771 394.28635
533.76782 760.70654
559.52167 762.35376
578.51190 764.23425
563.34161 672.81641
606.06055 768.20984
595.77881 779.41937
599.81213 769.83167
556.04492 662.96143
569.09271 776.12457
551.20813 779.04028
530.40033 782.28137
545.73572 846.80280
541.18524 838.77338
538.86151 821.08276
535.90503 801.66730
532.78772 786.11450
571.23547 777.10370
577.06549 783.87390
583.53650 792.65454
588.89392 801.80603
610.63354 728.38293
788.22839 584.02002
584.46228 773.37622
590.00067 776.33124
541.00916 687.43262
580.38544 677.39160
544.95557 682.38800
611.50128 575.43524
650.76105 593.06354
594.25159 647.70605
717.26422 298.85574
700.34796 340.35904
686.05933 385.82520
603.08289 813.31042
573.35577 394.82928
580.04022 334.99725
590.13434 271.51868
686.11414 506.76657
743.59631 531.22327
580.94171 498.78101
722.87122 462.91339
568.71759 545.96240
571.63800 646.45734
768.67261 543.23730
727.74738 552.18866
696.59644 563.94702
648.91064 560.22046
613.63116 549.13135
587.44135 537.53632
533.33264 515.56116
762.63171 599.59601
742.03235 459.16992
518.80310 680.55920
583.32214 590.68469
793.82971 472.32037
567.62262 524.36401
596.71625 646.64539
707.17950 480.38196
573.64935 627.24030
778.09155 645.57678
580.16254 489.04736
551.42725 615.33557
704.32220 794.34106
704.08820 812.08258
785.33020 592.84674
733.80444 754.38354
775.97900 435.37137
607.56488 887.97919
517.21307 684.54694
605.29236 608.71301
765.03314 495.86362
663.91895 496.11896
642.94366 497.58395
601.16711 782.71582
755.24109 649.84558
565.26227 919.23871
637.46515 877.20312
668.38580 850.36890
621.52393 495.42426
600.67139 491.89545
586.85370 490.77661
758.35925 451.56110
605.06976 469.02484
627.89185 460.54559
650.89325 459.05441
672.30463 463.16553
684.67401 469.72559
788.08502 416.14783
677.86780 491.96173
588.19305 715.89001
568.53271 664.83527
543.11853 711.89172
672.79755 830.79370
641.82690 859.26703
565.12476 909.34851
733.57330 768.12103
588.07220 481.21713
549.68964 559.65204
604.02838 901.86249
775.15283 648.83313
553.69934 781.62732
559.11639 793.25806
564.41443 807.69055
568.41583 823.53674
578.05969 832.33813
588.54028 769.75049
593.71448 766.02887
598.48969 762.26813
628.42139 746.70605
721.94012 671.66455
550.77777 529.10565
563.38171 470.04675
578.18103 472.11618
583.51196 773.42035
723.18671 727.48450
542.29419 471.47803
591.79950 848.83990
531.05603 548.27448
567.33423 601.39099
553.46039 866.71106
646.06049 798.22284
616.66138 665.67645
621.98987 826.04285
670.57043 658.48181
637.12378 691.00812
689.06000 696.92169
561.18646 890.49487
582.79388 613.73059
666.01868 810.67816
635.42017 840.65308
664.16156 766.32581
746.85315 691.68298
693.66101 762.57288
760.30237 701.83044
654.12109 723.33887
566.34277 574.58966
563.36053 658.87885
579.33923 662.61633
551.38605 644.44098
584.20062 446.16000
627.39771 429.35889
665.42981 426.64429
695.38818 432.26636
714.75751 444.01801
723.78461 487.00714
790.28668 538.22772
704.55872 525.65460
679.49359 534.23590
646.14648 534.16821
614.53009 527.90106
589.87573 519.85852
572.88562 512.01495
792.75220 526.94006
579.22418 668.23462
548.51105 586.95349
544.45398 663.62469
532.83112 674.97516
545.56281 666.07648
572.73273 675.24475
527.14142 678.32214
525.59058 682.32684
571.92505 490.72202
559.61584 497.91980
552.47577 504.25369
691.43701 474.81281
709.10901 463.88892
390.83246 479.00107
417.37265 478.59912
391.06891 455.02979
364.47009 479.56873
390.59979 503.18530
643.73285 474.22913
669.99048 474.32254
643.47937 451.99432
617.53656 473.99268
644.16498 496.73151
