517.74567 749.93054
512.21173 645.91321
513.09344 670.57593
493.26617 556.20020
512.10736 618.36780
512.34833 582.16046
513.34235 495.47403
354.08240 490.54440
513.11078 436.64096
512.89905 403.33051
513.82623 280.16693
518.03479 758.99969
518.21625 767.53351
518.54633 772.96198
518.85571 772.74921
519.36279 781.88464
519.63141 792.90100
520.03699 805.06036
514.65149 834.75940
512.57324 659.42175
489.20184 657.87622
274.46048 403.58148
419.15088 512.43127
396.08304 515.59210
374.22229 514.78735
346.09869 500.56873
439.03214 505.38934
382.76242 440.60571
410.08386 442.82770
358.25089 445.95575
343.22076 456.54300
329.12219 518.43750
429.81897 876.70465
346.36316 483.24628
264.52380 512.37427
303.88547 503.31586
400.91229 621.08441
488.59424 745.11591
491.73663 766.81750
461.22253 752.43213
442.12854 759.85040
469.20627 767.30603
450.90063 768.58044
411.34683 786.87140
492.22678 645.09021
489.12250 618.67517
311.61850 442.58749
447.47232 554.48718
438.29376 635.81860
437.58405 621.29865
335.53784 618.33600
491.16956 585.14349
363.17361 413.83673
331.80713 423.65768
294.45685 357.10001
465.01770 432.86359
433.79028 453.22498
393.87030 762.12939
293.76117 757.56091
455.14731 650.81567
473.76437 658.78046
417.77820 771.18707
422.72830 771.28772
319.65582 410.08777
437.29248 647.06256
406.86261 415.30988
401.54327 396.29193
383.84973 294.97546
308.17041 381.28952
395.67764 342.22015
298.71136 433.66040
287.13849 418.42786
489.63870 757.31335
465.12146 760.49664
446.33813 764.41119
460.51129 655.46790
420.33295 771.24542
432.78448 776.32617
425.56870 771.39313
466.65894 643.37885
454.57892 771.52869
472.66806 771.56995
493.90820 772.21228
484.28363 833.24915
491.12585 803.58881
491.34753 791.27905
492.42593 780.75946
494.34979 772.15143
454.75290 771.86908
451.05035 775.58099
447.05646 781.10779
444.09991 788.02753
417.50772 717.54291
267.97421 628.96582
512.79974 664.95044
440.85168 771.75964
436.84882 773.74402
481.64780 669.04681
445.85538 662.49213
477.82086 664.04846
423.63470 570.08148
387.10797 587.74500
433.84042 632.90137
329.04492 319.62231
342.55145 354.69235
354.75073 395.89697
430.19617 804.60632
455.32462 401.08923
450.76660 339.42328
443.38531 283.16742
356.17883 510.19205
306.68314 537.44788
452.20789 498.60718
322.88693 470.47864
463.33292 537.11243
452.53339 626.80011
281.51477 557.77960
321.79944 554.54358
350.55743 562.82288
393.28217 557.17749
424.97113 545.48236
448.64471 532.54108
492.00598 501.99866
285.78976 611.30566
306.02814 470.12238
500.07175 658.40173
447.91229 580.45825
260.42914 513.36121
466.13345 518.30396
432.86804 634.25415
337.22104 485.79053
452.50696 609.14465
277.21637 691.84424
452.77841 489.74521
471.42459 594.33826
335.66147 816.09766
338.37466 848.88892
268.04886 621.13776
310.95016 780.62250
275.34753 461.47214
423.19873 906.10400
502.69656 663.90393
427.40106 600.04462
286.26007 508.60236
375.17749 499.69800
394.58032 501.33102
429.25586 779.81982
291.43436 664.20679
465.19141 944.80774
396.40811 909.61597
368.77277 884.64392
513.06940 340.02090
515.75781 949.49072
414.36130 498.98224
433.33121 494.62863
446.21500 492.24847
291.24963 466.98010
430.45023 471.45587
410.01389 463.95374
389.56592 462.44525
369.43344 466.67462
357.63074 473.30646
264.08755 452.66882
362.48706 495.42010
513.45605 692.40295
438.62091 702.22485
455.11462 646.72809
480.78644 693.58905
513.47021 465.95114
363.22931 851.76086
391.79562 879.66785
464.45819 923.86816
315.32654 809.85529
445.57227 482.27048
477.06992 544.10144
515.17297 928.17493
427.28424 930.65503
277.09836 678.78241
472.94901 771.69989
469.39410 778.14093
466.82492 786.55481
465.48572 797.31683
453.70776 821.18103
435.92377 769.78766
431.41827 767.91870
427.82272 765.76752
401.39874 738.10455
319.51614 676.11273
478.17365 517.65417
467.90610 469.99756
454.52057 473.13678
440.60699 771.47925
318.29108 740.94641
486.30420 468.60580
441.94940 847.72998
512.72137 552.06281
492.29449 530.02277
513.01837 524.26715
460.70975 586.07367
514.86761 898.19263
514.75238 863.87830
477.38843 861.87878
389.85638 798.34583
414.85785 655.90997
413.69153 826.77997
366.04791 652.14282
395.33704 682.88055
347.70160 695.21051
468.87027 894.86481
446.83807 600.89801
370.45938 819.88464
399.93704 850.27600
371.57700 765.12634
298.43408 709.53503
344.48792 769.44482
289.73358 732.17847
378.39954 717.34979
463.21494 561.93286
459.58395 638.89374
445.15515 644.70312
469.38135 621.73120
448.50806 448.44305
409.08881 433.33527
374.58282 431.31424
347.24310 437.81238
329.59973 450.49088
323.00232 494.37799
262.78360 566.00006
341.23224 528.60883
364.09540 535.64246
394.10376 534.69580
422.75110 527.66571
445.29004 518.28992
460.78287 509.35901
263.06680 570.75977
445.62781 651.35303
476.29083 568.53180
475.38904 641.03790
487.85873 653.86243
475.74567 645.20691
452.25061 659.03204
492.48184 656.51202
494.78778 661.95563
460.56686 490.18652
472.33035 495.11127
478.72293 498.51736
351.33154 478.45187
334.80304 469.43091
532.37219 555.86926
679.28613 493.08105
536.84607 657.93634
763.00067 398.90546
612.73499 514.44482
635.74207 517.63147
657.81732 516.75018
687.76544 501.54297
593.15350 507.46701
647.65649 438.05750
620.10437 440.41992
672.53900 444.07120
688.10535 455.67377
704.81653 517.64722
602.49323 877.00012
687.66162 484.40408
773.28076 509.96954
730.68201 500.55722
629.01459 619.57422
546.41663 743.26978
544.58276 765.12164
574.11481 748.52826
593.79047 754.47968
567.27759 763.94208
585.88287 763.84167
622.57465 785.54462
532.38190 645.09747
534.94537 618.38702
717.40826 440.22150
581.75439 553.30902
589.20483 634.96106
590.27893 620.18951
695.92279 616.16278
533.70667 584.75104
661.49988 410.49652
694.59253 420.83536
740.38501 352.46509
559.24976 430.38895
596.78070 452.24774
640.36542 760.55939
750.81207 756.78485
572.49573 650.29523
553.43738 658.60931
620.01257 763.62762
615.00177 764.20239
706.81897 405.98840
590.91266 646.25769
617.05011 412.01166
620.44244 392.11487
646.25146 291.81213
723.77112 377.34134
631.66510 339.56201
730.90430 429.75256
747.34595 414.82635
546.00439 755.50610
570.75562 756.88177
590.00537 759.21527
566.91571 655.03967
617.39496 763.93170
605.31091 770.56836
611.97040 764.61761
559.76978 643.14331
582.50549 766.99646
564.13525 768.41827
542.90753 770.66040
545.94000 833.20001
548.47040 802.70856
547.27051 790.13110
545.51385 779.45258
543.05621 770.76343
582.48242 767.65369
586.89038 771.51752
591.27106 777.12793
594.72955 784.20825
613.63416 716.32220
775.35315 627.50946
596.47522 766.45447
600.92261 768.19391
545.66309 668.95673
582.74969 661.87231
549.43750 663.95898
605.88531 568.69696
643.00482 586.06934
594.80951 631.94269
703.60590 315.40353
686.99115 351.14874
668.91223 391.59662
602.69971 803.88489
565.94769 397.13177
575.64783 338.11563
585.10577 281.45972
676.94446 512.15186
728.19214 535.40143
580.00641 501.05634
708.96643 469.48242
565.41022 536.11633
573.65900 626.14514
753.03210 555.51270
711.90063 553.15509
681.99786 561.78168
638.83685 556.91394
607.09686 545.79352
583.24152 533.63177
535.09717 501.61844
748.88586 609.21698
725.92719 467.61670
525.07849 658.48651
580.73853 579.27991
780.91235 510.13007
564.95837 520.10107
596.71442 633.23456
696.62482 486.01270
574.19647 608.22717
767.20996 690.77063
579.92780 492.35736
554.00043 593.70264
703.55835 816.36224
702.78705 849.25775
771.12463 619.63446
729.53790 780.12921
760.90173 458.28604
609.51422 906.97510
522.90857 663.88531
601.87292 598.81592
750.73572 504.82104
656.49805 503.45300
636.53949 504.68051
609.08978 773.91260
744.94769 662.44690
566.86719 945.42078
639.76465 910.36182
670.10822 885.41766
616.98627 501.78583
598.37677 497.07574
586.02002 494.80383
742.20966 462.49915
602.35999 470.93912
622.93506 461.53223
643.65137 459.96756
663.85242 464.86081
675.84625 472.68289
775.27832 448.35544
670.03381 498.88794
591.37823 701.28571
572.13373 646.30151
547.21503 693.35834
674.10315 852.57990
643.41028 880.60876
566.57074 924.44727
727.95538 809.41528
586.99072 484.07349
549.97052 543.40839
606.38074 931.39233
763.33942 677.67340
564.29663 768.85883
568.55817 775.44873
571.68701 784.09741
574.02185 795.33051
577.69067 820.75397
601.31421 763.76782
605.36896 761.47900
608.70636 759.04724
631.28497 736.56586
714.45154 674.23334
549.71204 517.05170
562.44067 470.86649
577.16980 474.33044
596.73889 765.97620
719.21008 739.65192
540.61920 469.14142
590.08441 847.56329
534.02295 529.62793
566.48419 585.26080
553.00677 861.85754
644.51581 797.77325
615.36316 654.65796
619.89148 826.40259
664.94037 650.38123
636.00952 681.43481
685.31268 693.62213
561.64813 895.20679
581.52502 599.73651
665.33710 819.85651
634.39319 850.50940
662.90015 764.14618
739.74390 708.09503
691.54736 768.69177
751.47742 731.33862
654.77100 715.86957
564.63239 561.04523
566.67432 638.46320
582.13446 644.08899
555.56006 621.35577
580.12103 448.03464
618.24774 431.39642
652.72296 428.97772
680.76550 435.85275
700.00555 449.27563
710.90228 493.34363
775.37909 564.11072
692.08105 528.58191
668.08484 535.67700
637.78436 535.13348
609.26343 528.46344
587.12079 519.57721
571.53204 510.99664
779.27502 568.50354
582.11841 650.69293
549.99023 567.86841
549.79944 640.97858
537.90417 654.08551
550.23773 645.32465
575.70496 658.39990
532.90814 656.62921
530.93170 661.92932
571.66962 492.70746
559.30560 496.85718
551.02325 500.46774
682.44360 478.82611
697.20819 469.30560
395.09177 481.67639
419.58203 481.18884
394.12134 459.96396
370.29736 482.20642
395.86435 503.49506
639.89441 480.59561
664.14270 481.01712
639.75128 457.73541
615.65454 480.08905
640.10272 503.61572
