515.34735 749.04932
514.96838 662.29907
514.79681 683.05627
494.16620 566.94940
514.70618 634.64197
514.42151 595.94025
514.55664 501.26233
347.46338 487.20703
514.86566 443.72424
514.79395 409.01434
515.33728 261.92081
515.28210 757.70728
515.13452 765.67706
515.20514 770.73840
514.18683 771.80902
514.20056 786.21466
514.07690 803.72137
514.04303 821.42871
517.26544 848.50305
515.08478 674.78357
490.41754 670.99329
246.49310 380.47290
413.64584 510.82062
389.86188 512.65320
366.81689 511.65100
336.99002 497.45398
433.98715 505.89740
377.10724 440.57452
404.99249 443.80505
352.00818 445.18121
336.23669 455.12305
315.38953 514.81970
428.59427 891.80835
338.69247 480.65039
240.44888 498.93445
286.65186 498.25955
397.04431 625.84283
483.19592 741.42169
486.71658 762.98914
453.26721 747.01196
432.45349 754.38849
462.40967 762.18274
442.88321 763.43262
407.16562 792.60352
494.38239 661.09363
491.12485 634.37476
299.33490 437.11087
445.86478 556.98608
437.70886 645.16565
437.23199 629.24646
325.71454 620.58673
492.56522 598.42438
356.88220 410.46472
322.71359 418.96448
270.24182 334.37338
464.94733 438.15515
429.04895 455.09964
388.09598 766.36053
273.98224 753.99792
455.07492 660.72040
474.39960 669.43951
405.34848 767.61206
411.58191 767.63330
308.60260 402.56274
436.53293 655.06000
404.04138 415.55984
399.26633 394.70557
372.09177 274.89294
289.11377 368.01398
387.56790 332.46631
284.29556 425.61734
264.39587 404.12665
484.42661 753.77893
457.84265 755.42236
437.42731 759.16052
460.45938 665.12097
408.53003 767.66907
420.36392 774.91394
415.02664 767.67358
467.53113 655.68347
447.13107 766.49036
466.47379 766.53998
489.30252 768.44916
484.91946 846.51111
481.05856 819.25208
482.73444 801.10925
485.38828 783.39258
488.52634 769.89258
446.42963 767.18890
440.81158 774.07733
434.59909 783.48114
429.52686 793.94928
414.51843 724.55646
243.81259 616.49506
514.91113 679.01880
432.00751 767.19183
426.26080 770.69012
482.91318 680.39948
445.34546 669.91785
478.84137 675.08197
421.21179 572.04767
381.97205 590.10535
433.04565 639.83197
310.25955 297.94284
328.34207 342.68234
348.09476 390.18097
427.36395 813.42157
456.49829 404.47409
447.59570 330.63809
438.10657 264.01617
347.72794 506.77719
289.36505 533.02710
447.35065 500.74631
311.95367 467.01361
462.31674 540.30280
452.97528 638.34338
264.14523 551.77844
306.51587 551.19617
337.94943 561.12598
384.18018 557.52240
417.96072 547.37292
443.02856 536.00262
492.08557 507.40170
270.12985 608.82874
291.69925 464.74637
502.25159 673.61676
446.88101 585.04358
232.70776 493.21069
462.00079 523.19263
431.77521 639.63501
327.78735 482.78818
452.89212 619.06525
254.86179 683.63470
447.00684 492.01776
472.23904 606.18024
324.63446 823.18524
326.89966 855.26373
247.43719 614.55438
296.14429 784.19373
251.39038 446.60074
422.81836 922.34851
504.59021 677.78345
425.57220 604.04614
265.89978 502.47247
369.65103 495.38678
389.41443 497.37640
415.27802 779.83649
276.09442 664.06763
467.87659 962.60779
393.40790 923.16272
362.02271 895.22278
514.90326 331.70651
520.61377 967.12085
409.33441 496.15469
428.31424 493.69482
440.87466 493.16180
273.80197 459.48840
423.81400 472.56192
402.93661 464.14905
382.55939 462.14478
362.57062 465.73209
350.63251 471.78333
235.24680 430.11588
356.58090 491.52393
515.00269 704.49915
437.75980 710.55969
455.32333 657.30524
481.50784 704.83813
514.84723 470.57510
356.29163 861.79150
388.16144 892.83704
466.60437 941.71704
299.44821 811.34039
439.52850 484.23212
476.94995 551.06012
519.77106 946.30670
427.51343 947.00781
257.68481 675.25031
465.81610 767.89288
460.48798 778.87219
455.78339 792.96399
452.32541 809.47192
452.49179 832.60498
426.57239 765.40094
421.07983 763.38232
416.67932 761.01855
396.45496 743.55182
307.26401 679.51636
477.66187 521.89771
464.76077 474.24823
449.91714 476.13992
432.20792 767.20355
304.92218 745.18121
485.45584 475.17560
440.38483 860.74243
514.39307 563.20288
492.77042 538.20831
514.38837 532.81628
460.60986 593.78003
518.81122 916.01294
517.96082 879.59772
478.13611 876.92120
384.22342 805.92529
412.54166 661.31830
410.22098 837.02917
358.56921 657.60577
390.71515 688.96106
338.17789 700.87549
470.17999 912.02124
446.41360 607.09460
363.86737 829.04602
396.16519 862.49927
364.25333 771.17804
283.13452 711.02283
334.64917 776.09772
271.85883 731.68408
371.35236 723.02789
462.56274 567.53125
460.18246 651.18835
444.77582 654.80670
470.77933 635.57190
445.72787 452.13293
405.23096 434.39713
369.58130 430.50336
340.46106 435.92859
321.04938 447.69025
309.71344 490.72333
240.47656 556.10272
329.32385 525.62415
354.04041 533.36438
386.25314 533.37024
416.43912 527.77588
439.87784 520.21136
456.02512 512.77332
237.32108 554.17468
445.06653 660.47101
476.53857 577.99249
477.03885 655.49200
489.35568 667.78003
477.01611 658.56860
451.84906 667.61322
494.34592 671.23132
496.40256 675.47137
455.67145 493.41425
468.40405 499.59103
475.94339 504.34567
343.90466 476.51581
326.48657 466.98871
534.79517 566.73425
684.14368 487.03027
539.62195 670.50238
788.60052 377.01376
614.91248 514.21936
640.54749 515.56726
664.76691 513.03021
694.12421 495.91046
592.92731 508.39066
655.01361 442.33118
625.27570 445.36987
681.08990 446.30627
696.44409 455.20593
716.05090 512.09833
610.12811 891.04541
692.20972 479.18958
796.52899 495.83023
744.75305 493.98749
636.07721 624.92145
548.03253 741.31036
544.57642 762.83582
579.00714 746.67462
599.84424 753.45551
569.66132 761.88159
589.59265 762.61975
628.17517 791.29449
535.59210 660.82532
538.04645 633.98096
734.42938 436.96176
585.98535 556.04352
593.28430 644.22241
593.94843 628.31512
709.18011 618.91693
536.36810 598.06250
677.67487 415.54791
711.99219 421.61932
763.35437 331.47238
565.21246 443.42053
599.05261 456.52765
647.16028 764.87549
773.05426 752.47375
575.92969 659.85162
556.22797 668.99915
627.25208 764.98914
620.71130 765.25183
726.15417 403.97485
594.85352 654.26636
629.10876 421.75558
634.41992 400.33282
659.59583 273.45001
742.66333 365.58411
642.19666 331.50052
748.84979 423.97949
769.09277 401.45837
546.88910 753.62415
574.35272 755.13141
595.01526 758.21948
570.32202 664.44971
623.96747 765.17822
611.04877 772.50757
617.16980 765.37262
563.04510 654.92474
585.27252 765.53168
565.58374 766.03064
542.26520 768.24249
549.84021 846.37427
547.89001 818.56622
546.10583 800.37579
543.77362 782.68744
541.06885 769.29968
584.46887 765.64746
590.02478 772.20929
596.01562 781.31665
600.90503 791.57355
618.41901 723.41211
799.19806 614.36316
599.59021 765.31586
605.21045 768.56946
547.74188 680.15961
586.39722 669.37830
551.87048 674.82043
611.11469 571.01404
651.29443 588.91882
598.63416 639.07556
722.17535 295.69250
702.00220 341.04144
686.85699 393.99957
608.01746 812.55054
574.57898 410.01291
582.26227 330.19913
593.24933 263.28607
683.77930 506.80237
742.50751 529.32788
578.53387 502.78015
720.57147 465.31314
568.99280 539.49420
577.39520 637.60999
771.71619 549.28064
726.24384 548.78955
695.33496 560.12335
648.03345 557.88458
612.36676 548.33820
585.98743 537.37683
537.42816 507.09238
767.26495 606.76117
741.16467 462.25110
527.82574 673.40271
584.88062 584.16534
806.63611 489.98029
566.51831 524.92688
600.47717 638.93335
703.30322 480.68140
577.66986 618.29004
790.38770 681.91492
577.58936 493.54468
557.12701 605.67773
718.74249 821.75580
719.17108 853.29236
792.54614 612.43384
748.09137 782.69226
783.72290 443.52634
617.81488 921.46094
525.29626 677.60217
606.72791 603.23938
765.08276 496.77051
661.95422 498.36838
640.92322 501.59637
616.31915 777.19214
763.45178 662.42487
573.47040 961.66174
649.87085 920.96405
682.79102 892.95300
619.15924 500.35043
598.05188 496.90363
584.26941 495.46234
758.37469 455.02728
602.72864 472.54816
625.48138 463.85767
648.15204 461.94086
669.08484 465.32761
680.96338 471.05426
801.61206 426.47620
675.41479 492.83997
594.74536 709.66101
575.50586 656.49048
549.51123 704.47778
686.02771 860.46277
653.60724 891.73779
572.92035 941.21594
747.85651 809.50342
585.64160 485.11023
553.09918 550.59802
614.57849 945.21704
784.43774 673.61414
564.50427 766.74860
569.47650 777.44757
574.02490 791.34900
577.51318 807.73022
582.49902 831.98126
605.90442 763.67230
611.29309 761.59070
615.76062 759.13733
637.44983 742.09174
730.30658 677.94330
552.64966 521.46832
562.53503 475.95868
576.37183 477.51044
600.21246 765.63165
735.80585 743.49933
543.22919 477.81680
596.63104 860.06873
536.38660 537.88361
569.98126 593.27838
558.05212 876.65399
652.67853 804.61053
620.17291 660.43677
626.96405 835.94904
675.79858 656.33472
642.86664 687.87555
697.89728 699.50977
567.45813 911.69666
585.13696 606.27637
675.64227 827.59363
643.37756 861.45825
672.28180 769.83643
758.14185 709.38898
704.53912 774.53479
772.07581 730.15338
663.58130 721.67560
568.28802 566.94153
570.30823 650.36719
586.09290 653.95392
558.95966 634.97510
582.90643 454.82443
625.89600 437.74799
663.66699 433.66772
693.48291 437.86957
712.58459 447.97034
721.48181 487.62170
797.46460 553.35083
702.42706 524.16541
677.95337 533.22418
644.70081 534.73755
612.67242 529.73828
587.76813 521.98352
570.99323 514.24011
803.98779 551.46057
585.92694 659.58734
553.07739 577.57660
552.94110 654.90326
540.84741 667.46838
553.32159 658.10583
579.42053 666.90942
535.77039 670.92084
533.49377 675.07867
569.69501 495.13641
558.34875 501.17273
552.19275 506.44495
687.33685 475.43768
705.36078 465.95544
390.57440 479.62445
414.47699 479.44617
390.29959 457.50888
366.21097 479.81967
390.55579 501.85864
641.26611 480.88666
667.46655 480.52478
641.24164 458.33716
615.18842 481.10239
641.55664 503.77914
