487.59750 756.92694
484.70059 669.35065
492.67041 687.72510
465.23737 580.33002
482.94928 645.02454
483.57123 608.72479
488.14395 514.55066
339.91510 490.22128
488.22092 452.13361
486.74490 420.19983
484.81534 291.69177
488.78949 763.63391
491.12500 769.11438
494.19070 772.75311
495.74609 773.27319
495.77344 784.64941
496.71652 797.66296
499.24387 811.03632
506.99878 832.01215
487.31171 680.00818
465.38428 677.11670
260.49310 393.61603
406.47220 511.59134
384.04092 514.15784
361.64893 514.27032
332.23462 497.85345
424.51672 506.23871
365.16492 445.61551
392.21964 448.16901
341.71024 449.60672
327.63528 458.67627
315.52435 514.76819
425.50461 862.46204
331.21051 482.28824
258.12057 500.35760
291.59726 495.08487
382.02719 630.21014
459.92645 751.54846
466.98242 766.40399
440.08890 753.29535
426.44531 755.11523
448.85620 763.87134
435.13995 761.86078
397.54260 778.78448
464.60260 668.40411
459.23718 645.38928
296.23590 437.65289
427.41248 564.27087
414.52444 652.80469
414.53918 637.28540
320.05902 622.17365
461.53040 611.31354
341.02191 416.42841
313.28162 422.90533
273.62436 356.29926
440.30328 438.48297
415.69077 458.04520
377.97418 755.64301
304.72968 717.37964
432.51425 667.12329
450.98816 676.06195
408.83118 756.90424
414.15714 758.19678
302.57343 407.54532
415.31866 661.34314
381.86755 419.13092
376.07437 401.09409
350.80795 308.10104
284.96649 386.59344
363.51205 359.52771
284.97150 425.89417
269.69528 416.08945
462.70102 760.24255
444.08826 759.00891
430.32556 758.49530
438.04648 671.59570
411.56027 757.56268
422.03534 765.79724
417.01703 758.87415
442.43958 662.80341
439.86111 764.82068
453.78101 767.66748
471.68250 770.59302
475.19391 829.89954
471.14899 807.67847
469.74905 794.21167
470.62857 781.61310
473.38086 771.10535
441.00735 764.78809
436.62857 768.96533
432.86407 774.74805
430.47223 781.71826
399.64258 722.48358
276.05566 595.87250
489.70166 683.93671
430.46307 762.08990
425.96149 763.68079
459.93738 686.07788
424.82993 674.92059
455.49585 681.20795
406.18481 577.75519
369.92310 595.14716
412.52856 646.45862
301.21973 327.11465
314.44940 366.57352
332.56473 398.64114
418.76123 798.86487
430.46823 408.68573
419.04260 357.28510
409.94391 297.32916
342.90125 508.50800
294.03326 531.30377
435.26624 500.80585
308.56357 467.29105
441.18317 549.72449
426.45700 647.17438
270.51157 553.24707
308.11792 551.57428
335.34338 563.72241
377.82855 559.86987
408.86130 549.06940
430.18591 538.77032
466.38602 520.68951
275.71091 605.03473
292.10876 463.43561
475.04254 679.26111
427.13516 592.32587
261.18930 487.96741
445.81836 527.96924
413.17218 644.73486
322.78195 482.69897
426.99463 628.42084
286.81439 655.12512
433.89893 491.94785
443.17804 617.73761
339.95746 790.72693
350.33881 810.81482
265.57736 603.22736
314.44263 754.14148
262.98404 453.98822
423.85138 885.45435
479.28720 683.01599
408.79929 609.76093
275.93271 497.18600
363.07275 499.45984
382.87106 500.53265
418.93066 768.69360
284.08716 653.20111
467.31824 921.23926
405.28943 876.82581
380.46558 848.58002
485.61505 354.69745
516.65497 927.57959
401.75021 498.45270
419.09967 494.79785
429.57568 493.01425
278.81955 456.70706
414.27454 475.09833
393.76788 468.55640
372.78625 467.80817
353.08691 471.16290
341.74585 475.96008
256.39041 435.02148
349.49405 495.47638
494.86914 707.86487
419.45105 711.89709
431.92438 664.09851
460.63385 708.78314
489.47766 481.15900
368.13089 826.31604
395.21625 855.32715
462.57080 907.37329
326.61038 769.76556
427.60669 485.33511
451.68607 563.30261
513.51923 913.59583
432.57339 902.77490
276.67947 656.26495
455.17346 767.93848
450.93805 775.59924
448.50250 785.16418
447.88242 797.03467
443.62735 816.91016
424.60620 759.94403
420.29849 757.98102
416.79916 756.01685
384.93286 737.49738
308.68799 671.96021
453.97003 533.80518
448.27600 476.98685
435.84338 477.97348
429.78165 762.18353
313.90436 726.06970
464.16968 480.39087
434.84760 838.14270
485.26053 576.58038
465.26862 551.83447
486.71677 546.51001
436.78149 603.21765
510.76135 889.53271
508.84125 858.67761
470.06381 855.12061
380.36151 787.77930
395.76639 664.46320
405.85812 815.48279
348.65521 658.41815
377.40796 688.89166
334.02267 695.14081
463.44278 884.38947
425.37436 614.33990
367.26398 803.63611
396.65546 833.63068
359.61346 757.27570
294.39136 693.51282
338.04767 757.00800
291.62372 706.16779
362.86328 717.77808
439.87827 577.41711
434.25732 658.88977
421.70126 661.85022
441.08722 645.43445
427.90784 453.08020
388.59302 438.01651
355.20984 435.64929
329.47870 440.26361
313.95840 450.25400
309.20880 488.94357
258.91885 551.59253
327.31696 526.51532
349.97992 535.73334
380.35028 534.90698
408.46838 528.36011
428.88675 521.01562
442.43835 514.91412
269.52887 540.72144
423.22867 666.79443
449.50543 589.91772
448.73706 663.21625
463.52917 674.07800
450.96869 665.54785
430.37311 673.54962
467.73712 677.36365
471.30936 681.11780
441.66162 494.22177
452.79163 502.87518
457.60223 510.47635
335.49060 479.67542
320.10538 468.70999
507.76617 578.72949
671.55664 478.50064
515.81860 675.89142
785.48846 367.72870
602.62994 504.30652
625.80249 505.55655
649.52686 504.19519
681.76361 485.54953
583.64612 500.37714
639.98279 436.28653
612.57635 440.47272
665.17041 438.85745
681.30225 446.82043
703.60895 500.96622
607.53760 861.29742
681.61328 469.72089
797.01074 477.63306
733.91687 478.66827
625.24213 622.84491
519.41711 751.15613
521.75916 766.12354
553.15582 753.65417
579.01080 755.01611
550.25305 763.52417
574.08740 761.10840
630.01788 775.09778
506.46817 667.40015
508.41544 643.78094
715.31586 426.66583
571.76636 559.05786
575.56799 648.71088
577.86780 632.67853
701.14636 610.52631
507.74545 609.57611
655.61462 407.63477
690.57123 412.90973
754.27771 330.92114
545.24908 439.04803
588.93542 452.24075
648.55884 750.55267
782.75647 704.53210
557.57312 664.44690
537.22333 673.69519
618.55383 754.82501
612.62598 756.19965
703.67444 395.79749
579.17487 657.41522
608.57581 413.98315
611.93219 394.86682
637.28088 291.40222
731.45337 364.14322
620.81256 344.99832
730.94250 412.64203
762.53687 393.19656
520.62775 759.83728
551.58405 758.95160
576.60645 758.03711
552.53003 669.10419
615.43872 755.54163
600.04700 764.19495
609.39636 756.91052
539.52295 660.59747
572.35162 763.55969
548.95642 766.82111
522.80170 770.12708
542.74365 829.26587
532.15234 808.14166
528.79297 794.46838
526.03656 781.56158
523.72906 770.90192
572.83929 763.65247
577.52289 767.85645
582.54706 773.86627
587.08044 780.97461
611.08698 717.74097
808.85010 576.10413
590.56458 760.56396
595.05908 762.12415
528.71503 684.16425
572.56763 671.67627
532.78491 679.13757
597.83484 571.23218
639.48291 586.43396
584.15814 641.92377
706.91937 304.31482
686.04614 346.59271
663.73096 388.15027
606.33521 796.30798
551.29822 407.42920
556.34802 349.59772
565.77356 288.06357
669.96399 497.21823
731.65503 515.45258
571.34406 496.29541
705.66241 454.46597
552.89618 545.42310
555.68231 643.71747
768.91351 534.81146
712.89532 537.98303
679.19373 552.80853
630.98340 552.61700
597.25977 543.98499
572.86151 535.36243
513.67114 518.54584
764.73297 589.02563
726.66962 449.12085
500.56558 678.76294
570.16614 587.42535
812.27771 463.62659
553.44769 525.64685
588.12152 640.10376
691.51001 469.46179
558.01819 624.45471
800.41296 638.67542
573.13416 487.14569
532.90826 614.79163
718.45154 784.26917
721.81030 804.76862
796.33270 584.49963
749.77136 744.23621
780.82819 430.91232
614.52423 884.87372
500.44366 682.42975
594.05847 603.88434
756.22797 479.07193
646.76611 489.44254
626.28357 491.54205
604.79498 766.99878
762.03894 638.91925
570.11884 921.24951
648.78235 875.38416
682.54993 845.73883
607.24524 490.20667
589.65289 487.89789
578.24799 487.69870
745.92505 439.70740
595.07770 468.00357
616.10645 459.29108
637.30835 456.78998
657.44879 458.83911
669.44281 463.32401
803.29187 409.35693
661.03882 484.49234
583.94702 708.10559
555.72314 661.52917
532.47919 707.26636
684.94940 822.92822
651.14209 853.86426
568.77319 907.23114
754.82343 760.11475
580.27673 479.83658
531.61096 560.23621
612.23560 902.23816
788.77667 640.27802
549.75958 767.34106
554.29865 775.16455
558.23602 785.07080
562.16797 797.01013
577.96448 815.12933
594.55396 758.38873
597.73578 756.55194
600.48303 754.82318
633.82446 732.22516
725.35834 660.33618
532.89917 530.56775
550.97589 473.93829
568.75842 473.33121
590.99927 760.48865
734.63617 715.55737
525.24225 480.26099
593.58282 836.78796
511.07001 549.92798
551.68188 599.58759
552.31598 854.52692
653.59033 783.47833
610.77673 658.51306
626.66949 812.91473
666.99268 649.46790
635.42950 682.11212
692.76910 685.85730
562.81970 883.90790
570.15350 609.67151
675.80212 799.38739
641.95703 831.43640
672.38745 751.14050
757.91113 680.67035
703.94690 749.51758
776.27142 692.70557
658.99353 710.64532
550.81976 573.50159
547.06799 656.30988
567.19159 658.56720
532.90900 642.90240
569.82886 450.57010
609.23596 432.34119
644.67859 427.10626
674.19086 429.83533
694.52429 438.69165
709.28094 474.44327
800.14282 530.46838
688.90845 514.29834
662.84937 525.23297
629.53992 526.79535
599.63141 522.17853
577.29333 516.51483
561.12927 511.31912
812.13831 518.31171
568.78516 663.49237
529.99432 587.09705
526.26422 661.53333
515.17487 673.35815
528.01117 664.17987
563.37219 670.56415
509.11511 676.61426
509.34540 680.18164
563.56366 490.01135
548.05621 499.84460
537.80939 508.78085
676.37231 466.99329
691.35919 456.19534
384.03497 481.05792
408.29822 481.23914
384.33801 458.72232
359.76321 480.89948
383.47272 503.28430
629.42505 470.79254
652.92987 469.82983
628.08490 448.97403
606.28864 471.43091
631.14948 492.62573
