519.29828 738.68201
523.20691 634.09564
521.69641 662.27368
501.72681 550.11389
523.45129 607.03552
523.10101 573.30725
521.50433 495.24350
343.79309 492.80841
521.81262 445.39832
522.07507 413.53265
521.77722 291.30844
519.33130 747.36108
519.58044 755.71313
520.23407 761.44409
519.98193 762.68384
520.42975 772.08105
520.71564 783.59180
521.40924 795.96698
519.57550 828.37195
522.62573 648.65729
496.72974 648.88159
252.88814 414.87958
412.59338 511.07587
388.07623 514.31470
364.41556 514.41693
333.36331 503.06647
433.96161 504.18265
377.25198 448.52478
405.35596 450.15613
351.45038 453.11029
334.68225 462.35968
312.87567 520.49225
424.86920 878.06775
334.88507 487.51450
239.11838 524.68530
284.69629 507.13263
397.07962 619.22583
488.79764 733.91571
492.82324 754.57904
460.38162 741.66937
441.53683 749.75433
469.89810 755.50256
452.06006 757.47821
403.68344 784.43231
501.77191 633.63379
499.16351 607.65540
300.70825 448.50781
447.96451 554.38062
439.96777 628.97839
438.60934 615.48657
323.77811 619.41046
500.44901 576.36639
361.57928 421.71405
325.58014 430.85889
279.85321 366.76938
471.51993 441.90701
429.88187 458.48740
383.96368 760.63776
253.18036 778.13416
458.14044 643.76019
478.62851 651.18329
419.41318 762.04834
425.50864 761.68896
312.70306 416.89490
437.85922 640.95532
410.08450 424.37848
405.50616 405.22797
382.89584 303.51730
300.14874 390.48764
399.16193 349.22516
286.70868 439.79047
272.54584 429.28937
490.13989 745.43805
464.92310 749.15594
446.41718 753.75073
463.73999 648.52405
422.53217 761.89789
434.35352 765.47803
428.73697 761.53918
472.15070 634.24463
456.79779 760.02014
474.22998 759.52618
495.63965 760.12878
486.12189 827.19440
491.34479 793.27350
491.84888 781.11560
493.40073 770.13074
495.74191 761.43964
456.94037 760.47852
452.69296 764.32715
447.92249 769.66791
444.10709 776.12219
412.93054 713.75922
229.73315 647.88788
522.13141 655.39655
443.64395 760.83612
439.21564 762.91309
487.10822 661.45038
446.25641 656.81177
482.97476 656.37708
421.92416 570.20990
382.41061 587.74329
433.73318 627.71417
321.27075 328.53250
340.45319 362.80725
353.45224 403.72821
425.14722 801.23438
463.44397 410.78577
457.27554 346.45898
447.31732 292.58139
344.68698 511.04626
286.23074 539.09253
447.99591 497.34131
309.97327 475.22699
465.83139 536.87982
456.96066 618.34760
261.25717 565.50421
303.80789 554.84082
336.09937 562.41687
383.20596 556.80872
417.89294 545.12860
444.33389 532.31757
498.39548 501.73410
263.38501 618.38171
290.85028 475.09631
509.31027 647.77271
448.45224 578.36676
229.46985 529.05969
464.14545 518.17621
431.57626 630.35889
324.32129 489.82242
456.05286 602.21283
235.93109 711.84546
448.23538 488.74365
478.36554 586.45129
309.38544 827.87860
307.92163 866.02386
235.26807 634.92139
278.61414 794.61761
255.22018 472.93323
416.47534 910.58411
511.40710 654.44873
426.02942 598.35864
263.88135 513.07532
366.96341 498.67712
387.70810 499.46851
429.98117 768.85004
265.27582 672.56171
463.67514 950.78424
381.51993 920.92017
346.53851 898.72583
521.79517 348.40771
520.17273 953.86786
408.38657 497.16077
428.16547 493.12195
441.37677 490.85052
274.03333 472.15594
425.43665 475.22824
404.18466 470.50214
383.28333 469.83698
362.01978 473.61508
348.50635 479.22366
237.45187 465.68948
353.22504 495.95178
521.78711 685.06677
437.35449 696.82874
458.63614 639.13940
485.85938 686.49878
521.24304 470.54425
343.58698 861.41095
378.41101 887.05383
463.87360 925.25989
278.53406 829.25244
440.90973 482.80133
482.55731 540.97168
519.77008 927.93695
419.39630 938.93860
241.06171 693.94275
474.48099 760.49750
470.36563 766.96667
467.08423 775.33069
465.06985 785.69556
451.90067 816.35455
437.87198 759.53528
432.45154 758.07800
428.03119 756.15625
393.76993 735.51105
300.09540 680.25250
482.70496 517.30896
467.82266 472.70740
451.61417 474.89255
443.42355 760.68616
292.76117 749.20056
489.60214 472.36130
438.33862 846.49207
522.58331 545.91266
499.76718 526.60199
522.03107 520.84082
464.03265 581.34717
519.87262 895.65961
519.76672 859.62579
478.63760 858.57410
378.38501 799.67609
411.39316 652.69116
405.87408 827.12244
357.08722 651.07538
388.86700 680.40515
333.27472 696.51483
469.44318 893.58313
447.48749 596.97278
354.92755 824.94550
389.56580 853.96960
358.10107 766.73779
269.51160 719.54346
324.84216 775.03528
253.38673 747.64832
368.03500 716.55243
466.20346 559.23926
464.67044 629.69934
447.68246 637.40863
476.90244 611.85498
448.86331 454.67410
407.67493 440.95139
371.41730 438.41687
341.21167 444.11517
320.11743 455.94797
307.00443 498.51514
233.76569 578.93677
326.50735 529.82050
351.75330 535.65497
384.50845 534.17188
415.77356 527.08643
440.63950 517.85822
457.77963 509.11908
229.16077 588.52155
447.36713 644.66754
482.57715 562.97266
483.11682 630.55231
495.69318 644.20123
482.55722 635.50232
453.95261 652.56012
501.00925 646.24738
502.76324 652.77692
457.13235 489.48102
471.05197 495.51154
478.84015 499.16849
340.84058 483.64120
323.70227 474.39038
543.15155 550.20978
684.16663 496.54987
546.62695 649.18958
772.66443 419.21820
619.13953 513.22461
642.11316 516.41199
664.56580 517.04248
694.33057 506.44238
599.66443 506.44647
655.78986 451.40399
629.14056 451.41901
679.67542 457.56506
694.66193 467.77930
715.21869 524.15271
613.26208 876.69934
692.89600 491.50470
788.83313 526.54053
743.24365 511.13562
642.31165 620.45844
549.28406 734.34448
545.97229 755.08228
577.24091 742.74579
595.74152 751.28448
568.32684 756.60583
585.70532 759.23792
634.60785 784.70428
544.20605 633.73853
547.41656 607.69659
727.89740 455.69431
591.63721 555.28821
602.88342 628.95160
603.88409 615.51947
713.44830 621.25287
545.42560 576.39648
672.65485 425.66293
705.14026 437.26154
749.12268 372.00375
569.65625 437.62735
605.62811 459.11252
654.96503 761.09338
773.82220 777.58710
583.93073 643.81757
563.66040 651.47388
618.83752 764.77869
612.67114 764.41962
718.44763 423.91705
603.95709 640.71790
628.43530 423.53485
633.54077 405.13000
656.02014 307.64438
732.53564 395.18954
641.39349 353.27634
742.51929 446.51642
757.06909 433.14319
548.09790 745.87610
572.73560 750.24908
590.95599 755.28131
578.03485 648.53143
615.64008 764.63165
604.31128 768.10370
609.27740 764.22058
571.15564 634.77924
581.55511 761.83203
564.60901 760.60687
543.98016 760.65320
552.22699 827.41199
550.80212 794.65833
548.75604 782.03790
546.40100 770.74817
543.50580 761.84497
581.03815 762.14740
586.31818 766.36414
591.68713 772.16040
596.24750 779.02808
627.23450 714.10577
793.18774 649.38037
594.08191 762.99811
599.08264 765.26648
555.71857 661.68073
594.68848 656.71588
559.56274 656.71661
616.91504 571.31671
656.22760 589.36444
607.91296 627.76752
712.49908 333.65121
695.65912 367.90366
681.57263 408.36215
612.84833 801.32520
578.66669 406.71106
585.49432 348.64182
594.92822 294.97369
683.26392 514.11487
741.16248 542.87250
586.87299 499.91965
717.95642 480.95001
574.60089 537.61768
586.87592 618.77649
771.29431 567.42432
724.03955 558.23816
692.95703 565.18475
647.51770 559.06818
614.50238 547.18457
590.03979 534.73871
543.98877 502.04272
770.40424 620.00220
737.50452 480.63184
535.67114 647.82239
592.01306 578.95654
793.69971 531.56165
572.01147 520.94727
609.04193 630.56372
703.30304 493.80408
587.37048 602.50671
788.63519 712.38391
587.02686 491.40564
566.37677 586.64935
726.12354 825.52350
724.77484 862.96313
794.00012 635.58759
755.25159 793.11511
773.13416 475.75989
621.30627 908.20795
532.70386 654.48645
613.63861 599.17242
764.20911 516.97607
661.94092 501.91339
642.67352 502.32990
609.10071 771.62378
768.93140 673.64752
575.33215 949.26794
654.51953 917.10162
688.38184 894.72186
623.58356 499.89392
605.27246 495.81970
593.15405 493.61182
754.77936 477.03107
608.81262 476.79303
628.99158 471.90210
649.15460 472.16690
668.60242 476.88184
680.52350 482.92407
786.66736 469.16483
674.89734 499.49017
604.12970 697.05859
583.84509 639.34698
557.42407 686.78497
692.29535 858.37738
658.54749 884.01215
574.74609 924.13489
751.33759 827.41083
594.05823 485.27698
560.15674 541.40295
618.22839 936.03790
789.07690 693.93353
564.08435 761.46143
569.04510 768.36255
573.17010 777.23602
576.72491 788.23346
586.06573 816.39838
599.83661 761.79956
604.96484 760.14136
609.31958 758.19635
645.74048 735.94891
736.64380 681.43475
558.60632 517.97766
570.12982 473.06265
584.62805 476.19998
594.49713 763.11633
742.78802 749.05786
549.61267 472.49445
599.94019 845.88159
543.88599 526.72650
578.18018 581.92694
560.14917 858.28015
659.25873 799.05530
627.93213 652.90704
631.89844 826.27032
681.64380 652.40973
650.10376 680.96063
704.55493 697.25916
569.36670 893.01080
593.74365 597.33795
681.93921 823.17255
648.28235 852.09692
680.10242 766.73480
764.79254 719.89380
712.27606 774.34424
778.34802 747.07404
670.83960 717.02625
575.20837 559.91382
578.93909 630.21893
594.96716 637.44910
568.37799 612.13318
588.98022 453.40338
628.09882 441.67059
662.16925 442.00122
689.88367 449.71985
708.53461 462.41888
720.59631 502.56198
794.41345 580.05347
701.53906 533.06226
677.33594 538.31116
645.81616 536.20508
616.27289 528.90649
593.59143 519.87262
578.00214 511.21069
793.26434 590.50922
594.53058 644.53113
561.18323 563.26587
561.78534 630.79791
548.32465 644.51715
561.40369 636.09149
587.53839 652.34796
543.66516 646.41943
540.92407 652.86108
578.71466 491.86072
566.09308 497.29645
558.63538 501.59857
687.49536 487.58038
704.09644 479.63361
383.68372 482.16583
411.04956 480.83221
383.40497 459.89883
356.55157 483.32053
383.83728 504.25681
641.05359 483.96881
668.92609 485.31244
642.74585 463.27100
613.36713 482.42487
639.78510 504.92181
