515.09711 739.87775
510.82730 648.32214
511.51868 674.69440
491.49466 557.96649
510.72290 620.47595
510.84576 584.19904
511.07190 496.13675
355.69574 489.07980
510.13464 438.36398
509.48907 404.41159
508.35736 266.25330
515.31537 747.36810
515.01666 754.36383
514.75995 758.56812
515.44049 777.61932
515.62756 784.83765
515.56018 793.84149
515.38892 804.59930
512.56982 836.88116
510.99139 662.57556
487.97388 662.09674
252.44629 388.78668
419.33020 509.59845
395.99200 513.39679
373.52277 513.05286
345.23584 498.30627
439.69550 502.07898
382.21802 440.68488
408.87729 441.68518
358.56439 446.46530
343.81104 456.61853
323.30939 515.50409
427.25302 885.64703
347.40613 482.02731
245.43210 506.51962
293.54987 497.04535
397.91708 626.21100
484.84277 734.90741
487.79285 752.94226
455.98602 742.09760
436.58563 750.49792
464.35822 754.19550
445.94366 757.42194
407.83707 797.06580
491.14008 647.63831
488.01221 621.13599
307.50018 436.47217
444.82153 556.60248
438.60846 640.53351
437.40497 625.79517
329.04678 623.80060
489.74655 587.27686
362.89056 411.57355
330.33200 419.55240
277.45612 341.67200
466.45947 435.61823
432.74420 450.99728
388.92175 774.05438
272.24921 769.04474
455.62991 655.96692
473.07068 663.71222
414.14615 765.21637
420.04010 764.89642
315.93311 402.48267
437.45337 652.31885
407.75406 415.57639
402.65710 395.29803
375.43427 280.27310
297.02533 371.87149
390.75226 334.05243
291.67606 423.83142
271.18665 409.04669
485.86627 745.06238
460.13196 748.83344
441.10522 754.19849
460.57025 660.81531
417.15073 765.02844
429.46121 771.42365
423.20459 764.77136
466.36450 647.25372
450.30783 759.50385
468.17746 757.44519
490.04169 757.43616
483.49194 836.35022
486.56830 801.96167
487.59973 791.18018
488.97723 782.31720
490.45197 775.54327
451.06421 769.69220
447.84747 772.66803
443.67899 777.60529
440.39429 783.75549
414.72882 727.14166
245.24084 630.12476
511.15823 668.66156
437.82617 767.62170
433.88678 769.06812
480.43954 673.80048
445.26266 668.33014
476.81598 668.78864
421.05994 572.86884
383.41370 591.47833
433.57169 637.89948
317.08948 304.45111
335.51740 345.90039
353.49036 391.29733
428.10248 812.64728
458.09290 403.65427
446.24609 331.33777
436.63101 268.83594
355.42682 508.17865
296.72214 534.32690
452.77585 495.27893
319.86554 467.13834
460.63367 538.72461
452.22012 630.56445
268.18652 557.51978
315.07312 553.70233
346.17682 563.96112
390.29468 558.43542
422.39584 546.03711
446.23279 533.44812
489.41949 502.73874
273.04227 615.54688
298.62140 463.68558
498.69196 661.69086
445.79489 583.63489
237.19977 504.32281
464.45953 520.31824
432.17917 639.47424
336.23083 483.28119
451.81818 612.72333
254.55939 698.53540
452.60455 486.02032
470.28296 597.08624
323.09296 830.29767
324.18234 864.08319
248.78989 624.64569
294.25037 794.17834
257.14990 453.07751
420.16141 915.09161
501.18445 667.62018
425.60562 604.19806
270.92981 500.90210
377.01251 497.73526
396.27386 498.99704
425.46387 774.63617
277.88522 672.17334
463.52301 952.96790
391.34445 921.66998
360.11349 898.63525
508.88004 331.99619
513.97540 956.56445
415.78845 495.85434
434.90652 490.54865
447.12738 487.94781
279.58066 457.03061
429.56302 467.94052
408.11121 462.04840
387.94781 462.73679
369.42749 467.98773
358.46942 474.14307
240.03149 439.83325
364.38016 493.79327
511.87085 698.65704
436.80865 710.42395
455.65332 651.52228
479.81750 700.45087
510.93582 466.75330
354.80960 865.05139
385.94489 891.11646
462.71848 931.14722
296.46570 824.27606
445.35184 478.53482
475.01657 545.92114
513.31970 933.87158
424.55182 940.51447
257.10693 686.75220
468.86224 772.34546
465.97000 777.42004
463.13519 784.73792
461.06509 794.28107
452.79080 826.49341
431.39685 761.25873
426.65649 759.88721
422.78018 758.01758
397.61566 749.18231
309.75696 685.10699
475.52023 518.73383
467.49216 469.64197
453.90906 470.69629
436.40552 762.17865
306.04266 753.04199
486.30838 471.55811
439.75085 856.01849
511.00824 553.69867
490.24200 531.32166
511.06909 525.40668
459.18744 589.22198
513.05554 903.75586
512.90820 868.36407
476.01501 867.76385
384.27640 810.49292
412.74902 662.23474
409.97809 837.20764
360.92996 659.27942
391.65387 691.19513
340.49374 705.19000
467.39188 902.01526
445.52533 604.69385
363.68219 832.45923
395.04297 861.22052
364.67383 777.96167
284.14166 720.18781
335.12158 782.38062
270.08142 743.35266
373.03119 728.46075
461.01334 564.39178
459.42825 642.66656
445.71054 649.53442
468.65649 624.55151
448.54120 448.29736
409.22855 433.21320
375.43793 431.16132
347.96503 437.04083
329.31540 448.57257
317.58032 489.98730
243.70880 564.68414
337.29675 526.98572
360.81882 534.89545
392.00891 533.75555
421.26392 526.06708
444.05991 516.60187
459.72534 508.52380
240.88361 566.47388
446.00333 656.68182
474.60495 570.87628
474.60901 644.01776
486.56802 657.62579
475.03162 648.83350
452.11627 664.61230
491.17865 660.00800
493.40088 665.99408
460.37103 487.46844
471.40930 495.01068
477.77466 501.18530
352.32944 478.53485
334.70990 468.01462
530.68622 557.73663
669.84741 491.96387
534.51990 662.42188
771.03998 385.23328
605.31927 510.98352
627.81732 514.01385
650.26331 514.05444
680.35516 501.13120
586.60437 504.75757
644.93726 443.98221
618.19843 445.38898
668.79297 449.53534
683.25159 459.76120
701.37439 516.96472
600.29504 884.56323
679.11230 486.05649
781.86249 504.67023
730.24365 498.51349
627.29297 625.46588
545.77118 735.76697
542.60620 753.89960
575.35962 743.81183
594.66864 752.81311
566.50616 755.85803
585.06744 759.45276
618.63824 797.07526
530.54272 647.84320
533.38281 621.03534
719.15039 439.34705
580.00067 555.84595
585.57568 640.21387
587.02429 625.21332
696.99475 622.75409
532.06665 587.00824
663.87683 414.81177
696.70081 422.29156
744.08649 338.12314
559.91595 440.04520
594.71808 454.86914
637.28833 774.15918
762.82806 767.29395
568.17712 656.03894
550.30200 663.90735
617.73151 768.41345
611.98529 767.65735
711.00189 403.79791
586.78192 652.12482
618.87634 419.45837
623.93414 397.39410
642.82782 277.67941
723.76996 368.60275
626.76123 331.59464
734.86322 425.26508
751.54980 405.99438
544.88074 745.94507
571.13367 750.58276
590.18896 756.36639
562.83923 660.89087
614.81360 768.05273
602.80939 774.31396
608.85748 767.33362
556.36536 647.48273
580.01971 761.18268
561.80847 758.88165
539.80914 758.25995
542.13214 836.43231
544.18652 803.12933
543.28528 792.22021
542.07593 783.33179
540.32562 776.63818
579.87238 771.90314
583.63678 775.12872
588.03027 780.28925
591.48242 786.65320
610.05798 726.77917
786.01917 628.98578
593.45978 770.02942
598.02698 771.73254
543.13287 673.98309
578.59009 668.18121
546.66620 669.02539
603.90051 571.98645
641.65210 590.58929
591.12170 637.50647
702.90820 301.06326
683.44476 342.85257
673.18799 392.62775
597.98450 812.44659
568.90985 405.98651
570.92041 330.10040
580.60962 267.47424
669.09705 510.02789
726.54846 534.75525
574.67200 498.93494
706.57727 470.13458
563.67310 537.95459
570.82623 630.44684
759.37976 556.24219
709.45569 553.88123
678.83966 563.97626
633.73480 559.67853
601.27411 548.51196
577.91132 536.83057
533.07245 502.40680
755.51062 614.54065
726.85138 465.92090
523.34741 661.86487
578.82385 582.89484
790.62207 501.64227
560.42267 524.02606
593.11560 639.07709
690.31958 487.04266
571.75128 612.28320
779.02112 697.23389
575.34045 489.82193
552.21576 596.74756
709.14691 828.71954
709.76709 861.20575
782.13660 623.61194
739.02783 792.79449
767.87585 450.51974
607.74585 913.69434
521.13519 667.71533
599.43115 603.51611
750.51202 501.63858
647.26886 498.56476
628.10944 498.98953
606.79633 777.76477
752.27271 671.16510
564.59576 951.99176
639.44910 918.54492
672.63666 895.39941
609.55786 496.26352
591.90948 492.38675
580.52209 491.11905
744.93042 457.62366
597.93414 472.12689
618.16699 465.69238
638.12866 465.72333
656.95551 470.65579
668.02502 477.25485
785.39026 436.42279
660.35223 495.62268
587.76978 710.09515
567.88190 651.63251
544.30310 700.43610
676.16693 863.50543
643.21307 889.13293
564.50031 930.70526
738.60840 821.80206
582.73566 482.74200
548.15338 545.40143
604.62585 938.15393
775.47192 685.85327
561.92737 774.14960
565.18005 779.33557
568.02710 786.75635
570.22485 796.40918
572.87207 826.25385
600.50391 763.49670
605.16418 762.39337
609.04486 760.72113
627.80884 749.00122
718.43713 684.01093
547.80188 518.23413
559.71832 472.98474
573.84033 474.36084
595.09387 764.11664
724.83704 751.80945
538.93658 475.22852
587.10339 855.07928
532.16498 530.96844
564.62756 588.85815
550.23224 867.40649
643.41901 810.17590
612.44971 661.66321
617.44812 836.37109
664.65247 658.38702
633.98926 690.54303
686.56116 704.29517
559.38507 901.79480
579.12738 604.05762
665.73535 831.51685
633.32178 859.83508
662.78058 777.76733
747.60541 719.07874
694.20990 781.41180
763.75110 742.37628
653.43793 727.92859
562.92053 563.82043
563.40088 642.79877
578.09131 649.45087
553.41437 624.54370
578.58984 452.30096
617.54657 436.97986
651.73981 434.29318
679.47321 439.87207
698.08643 451.67365
707.80688 492.90488
785.29309 563.39856
687.28699 528.42871
662.94537 535.65479
631.52252 534.84204
602.78577 528.11456
581.12830 519.71564
566.43207 511.86249
788.47211 564.72083
577.91205 656.57062
548.33624 570.42236
547.31775 644.33453
535.73553 658.08948
547.43329 649.32410
571.60638 664.43256
530.95215 660.32849
528.97687 666.14337
567.47491 491.35669
555.33368 498.49878
547.58441 504.90579
674.26819 482.18527
692.06628 471.64212
395.30014 478.26453
420.22488 476.74884
393.77649 455.14929
369.97522 479.57074
396.53369 501.34775
632.11255 480.81863
654.84290 481.23779
632.72778 460.46860
609.57922 480.32162
631.68585 501.30121
