505.34753 697.73590
506.22232 616.69287
507.59500 643.46826
487.24637 544.81427
506.12863 593.57281
506.64337 564.62384
508.56757 494.89880
334.67432 497.10889
508.84619 439.55093
508.66202 408.96069
508.20959 299.41681
505.63205 709.42346
506.12872 722.00568
506.85757 730.82562
506.93936 731.04492
507.17517 742.85260
507.57657 757.77893
508.29062 774.78149
508.82205 796.22479
506.73193 629.30414
488.14667 630.69916
247.95309 410.74179
406.42065 515.11938
381.04828 518.25281
356.93179 517.58423
325.28076 504.54541
428.14178 508.76282
366.50702 446.28632
396.50250 448.28622
339.57013 451.60132
322.71973 462.00769
305.95917 518.04144
421.17139 830.61957
325.55096 490.23987
237.13263 510.14331
278.81790 499.66193
392.85394 610.27826
481.84869 692.85181
485.46191 722.15930
458.22437 706.21075
443.05511 720.49017
467.53726 725.87561
453.25455 731.44958
410.96091 762.95532
487.29724 616.52307
483.56696 594.77966
288.71097 439.60931
438.70050 549.76453
438.73740 618.36304
436.43274 607.14062
322.07251 611.63593
485.11551 567.76825
345.25290 415.34628
311.13263 423.01624
271.83453 368.74924
456.78912 437.10193
422.35687 458.44864
395.31512 742.29718
271.26898 728.26898
457.63193 630.49011
474.99524 636.20856
427.80515 743.47192
432.55261 742.40631
298.29605 406.54352
439.04697 630.43933
392.78424 418.36176
388.14679 398.93219
368.24158 312.78787
289.10486 389.79538
383.09308 355.32205
275.23138 427.32660
264.44849 423.38867
483.03027 708.62994
462.81479 716.76379
447.94644 726.11261
463.32153 635.02832
430.25226 742.95190
439.03964 745.78503
435.13751 741.84045
466.21393 619.08838
457.11121 734.96954
471.14777 731.74567
487.89661 730.45380
479.71576 795.21973
484.44098 773.34222
484.73044 756.29773
485.93213 741.67902
487.98993 730.85461
456.91080 735.55170
453.38895 741.14923
449.45209 748.78400
446.27734 758.37494
418.19733 695.28876
239.70380 613.86731
507.14493 635.41217
446.31052 738.62506
442.85626 741.83936
481.08386 645.07495
447.99384 645.15192
478.19629 640.70154
413.88043 564.85071
375.22162 582.13336
433.41016 618.91962
309.83069 335.22473
326.78693 366.01227
336.60736 396.18311
428.13623 775.32886
448.52573 405.65338
441.49948 353.03323
432.21588 302.15970
336.80084 513.37469
280.40057 533.71442
442.35199 502.74957
300.43719 471.79800
455.15146 533.29150
450.69159 606.63574
258.09003 553.44989
296.19250 551.40247
327.10132 560.71863
374.47659 556.94714
409.57822 546.85382
435.55225 535.86359
485.75507 500.87390
265.52045 603.71631
282.11420 467.17236
495.77008 628.69110
441.82825 572.08344
230.00613 510.28104
454.97702 523.70001
431.57056 621.80371
315.07184 490.38721
449.36066 593.31171
251.59149 670.08984
442.78870 494.37653
466.16788 577.52319
323.74841 781.07739
324.15479 806.13959
243.04056 609.04828
295.33093 750.55127
249.61526 463.45602
415.19489 853.24249
498.78409 634.73285
421.30933 591.08295
260.36484 502.27463
358.94476 504.73172
380.56415 505.51477
435.46005 750.95001
274.43060 650.34198
458.44232 886.76904
387.91837 854.72888
358.41174 834.73157
508.18500 353.22797
510.41592 892.18103
402.11765 502.73834
422.81830 498.41782
436.35910 496.27448
266.59937 460.24463
418.03058 476.59753
394.99869 469.74072
372.60803 469.32431
351.11530 474.18591
338.05682 480.95206
234.67651 455.45667
344.51270 501.38977
507.68399 663.38544
438.35858 679.12329
456.96524 625.48584
478.81467 666.37885
508.94351 468.06943
352.98285 809.80927
382.94156 831.22144
456.82953 870.00000
296.71967 773.76447
434.84998 487.26208
470.46222 536.93811
509.75763 874.91504
420.03308 872.82538
253.89581 660.33307
471.14053 732.36572
467.58856 741.10767
464.89301 752.61853
463.32236 767.47583
450.95352 786.73969
441.80814 736.98486
437.06726 735.11273
432.95953 732.64972
403.54156 717.43066
308.43155 662.05756
470.71924 515.11713
458.87543 475.80978
444.62357 478.39005
446.66675 738.27258
307.67773 717.88312
478.91571 475.64685
435.20886 808.39771
507.41653 540.78491
486.16638 523.77740
508.02826 518.39972
455.28723 574.29480
509.36304 850.83063
509.04715 821.85913
470.46457 819.68811
383.92792 770.55310
411.81134 641.70966
406.81012 792.71802
357.84521 639.28857
391.09052 665.93127
341.08209 678.68109
460.89679 847.00757
442.69998 589.58887
361.50458 785.92822
390.98572 809.41888
367.45282 742.90503
283.47086 689.55072
336.97809 744.02167
268.98413 707.48584
376.00970 699.62909
456.49841 554.02045
458.68427 615.56317
446.65482 624.84784
465.60187 599.05017
438.19479 453.60101
395.49463 438.19244
358.05823 435.92230
328.14890 441.53595
308.51407 453.00385
299.50793 494.87152
236.06387 558.95691
319.01044 528.82782
344.26410 535.78735
377.25259 535.56903
408.71210 529.46423
433.29907 521.34583
450.02930 513.79980
233.52682 561.80505
447.85150 632.56708
469.95190 556.74609
472.68222 614.34686
485.93292 625.91425
474.24051 618.87500
454.82782 640.14215
489.33582 627.47949
492.37100 633.69562
451.10260 495.16034
462.80817 500.75412
469.39319 505.42322
330.81677 486.03265
313.18427 474.10254
528.03094 544.63715
679.01697 493.06064
526.71423 630.47601
780.13092 409.39471
608.16949 515.32239
632.47247 517.92047
656.16040 516.50806
687.94916 500.29752
588.12158 508.65057
648.67877 443.43286
620.20978 445.42798
674.39288 448.63531
690.10034 458.90540
707.55902 516.01245
600.99066 831.72693
688.21057 484.51306
792.63086 509.96533
737.20410 498.07751
626.77032 610.19946
529.54926 692.99866
528.15869 722.17969
555.58813 706.89270
572.66803 720.93512
547.70599 725.94196
563.58875 731.31305
610.87689 763.83215
525.53271 616.43909
529.18042 594.62091
723.78320 441.14093
580.61932 549.25269
577.82452 618.07629
580.69958 606.73303
700.22021 611.78052
528.61835 567.56537
668.22131 414.48560
701.33221 423.76328
753.50745 367.06537
561.38116 433.41760
595.32373 456.03064
626.98303 743.35101
764.23181 730.46332
558.58936 630.39252
540.99200 636.17767
591.77106 742.32123
587.04181 741.26624
715.30725 408.61978
577.89569 630.27344
622.89569 415.60303
627.83234 396.60602
650.60498 311.59955
734.33533 387.50739
635.31677 353.67578
739.28033 429.86090
761.13281 421.64362
529.32391 708.65900
551.67578 717.12195
568.23523 726.18982
552.87622 634.96173
589.29181 741.83435
579.73743 744.87427
584.31842 740.70044
548.86920 618.94153
560.24133 734.44727
544.76294 731.48016
526.88409 730.38733
539.01190 795.56909
532.85736 773.65448
531.01880 756.39307
529.12769 741.60535
526.91187 730.67297
560.34229 734.80585
564.28674 740.54156
568.56207 748.35657
572.36182 758.06714
601.18927 695.90173
794.68878 615.07452
571.97650 737.68860
575.63019 740.89185
534.79211 645.20789
569.32843 645.30890
537.68323 640.80719
605.52972 564.44928
645.16174 582.00165
584.20154 618.65808
712.55420 333.52432
694.45935 363.79083
677.67615 395.96741
592.99274 776.03589
569.82452 401.95004
575.36542 352.18097
584.91400 301.51184
676.30975 511.18954
733.81226 533.14349
575.05530 502.48816
712.64264 469.98492
564.08490 532.71686
564.70428 606.40973
768.45099 553.58411
714.96924 551.30206
682.51331 561.15442
636.36206 556.94183
603.08185 546.47137
578.76678 535.47296
532.03162 500.58939
760.78186 604.27649
732.51929 466.57764
517.94916 628.63580
576.50781 571.67017
802.83179 510.21820
560.57269 523.34576
586.49463 621.63672
697.68353 485.11752
566.70538 592.91528
783.53070 671.75610
575.64941 493.75333
548.74268 577.22668
705.91693 783.38684
708.72314 809.08362
787.66589 609.65594
735.87341 752.60010
777.92017 462.44470
607.68103 854.62268
515.66541 634.65375
597.43463 590.79370
760.04785 501.25470
654.69055 503.87073
633.59174 505.79343
583.69592 750.02118
752.94269 651.24176
563.33722 887.70154
639.07489 856.53503
671.76282 837.22339
613.09052 503.45230
593.82196 498.79050
581.43774 496.22449
751.40283 460.50781
598.45343 473.54303
620.39874 465.34061
642.68933 464.48975
663.73383 468.90277
676.15448 475.37836
795.58777 454.70847
668.96301 498.94617
579.81641 679.53473
558.96527 625.38519
537.44983 666.68134
674.52301 812.04169
642.58154 833.17889
563.90527 870.82947
737.98096 776.33221
582.81000 485.85156
546.95752 536.55505
604.08411 874.17499
777.27966 661.46118
544.87091 731.85529
548.77124 740.75250
552.05060 752.50183
554.90564 767.57275
568.95807 787.11151
576.42334 736.23694
580.76697 734.52228
584.69586 732.23615
617.18530 718.24280
716.37561 662.68500
547.79462 514.74231
559.78790 474.05457
573.97974 476.84467
571.91089 737.44775
720.02881 719.15540
538.53442 474.20081
586.32300 809.23102
530.39801 523.51544
561.68420 574.06439
549.13330 820.15601
639.54944 771.89563
607.03540 641.61926
615.97443 793.84198
663.32208 639.44989
629.13226 666.17841
682.02197 679.24292
559.22778 847.67688
574.93933 589.17261
664.00952 787.66797
633.16864 810.98462
656.20782 744.29675
745.25958 690.79816
689.10938 745.57770
762.92188 709.11127
645.91046 700.30701
561.37372 553.67792
556.32831 615.39447
569.55127 624.68561
548.28369 598.83801
579.99805 450.90747
620.38940 435.89105
655.85632 433.98077
684.45612 440.11285
703.54541 451.70197
714.58508 491.88123
794.10840 559.14606
693.28174 527.15369
667.89362 535.17169
635.36761 535.24365
605.09076 529.05609
582.31592 520.82068
566.60760 513.17090
800.37488 562.33838
568.57513 632.41797
546.05652 556.45270
541.08075 614.24298
528.41357 625.89301
540.23462 618.86816
561.84656 640.10089
524.71198 627.41980
522.22925 633.58191
567.26465 494.50928
554.82983 499.95483
547.00452 504.83105
682.85132 480.27032
699.19904 470.45590
382.95728 485.44958
414.40536 484.20996
382.18909 459.50848
351.60382 486.63788
383.61935 511.16046
638.97174 482.28723
669.53308 482.73840
638.46533 456.08844
608.15045 481.55725
639.39270 508.55957
