513.77734 735.22223
500.28888 657.91211
503.76590 677.64008
480.11710 563.94916
499.73196 629.88776
500.10715 591.79456
502.54590 500.70544
340.52594 488.97870
502.76517 448.28735
502.52673 415.09128
505.04413 268.46118
514.09344 742.60352
514.08990 749.27643
514.20599 753.19208
515.20813 770.04999
515.68872 780.36041
515.89685 793.23425
516.03192 807.27917
508.98032 838.80945
501.31647 670.67603
475.73596 666.79199
246.20447 390.10809
407.39969 505.74915
383.29767 507.94742
359.49347 508.61908
329.70505 498.21686
427.51611 501.59399
364.98877 453.47198
392.95026 454.43793
340.65680 457.40259
325.93137 465.03345
306.57642 512.65417
413.71683 883.27271
331.29041 485.37411
235.65875 505.71191
278.71094 495.97083
379.34338 621.42987
478.91376 730.54779
482.27786 748.37390
446.99417 737.98901
425.15091 745.20178
455.94336 749.65125
435.45737 752.21283
388.66342 782.60431
478.58878 656.82196
475.29089 629.58441
286.59467 445.31360
432.77304 555.59534
419.17142 640.26611
419.01651 624.63104
306.75592 615.48804
477.45264 594.39172
341.71521 426.54156
307.98416 432.07263
267.09943 344.12582
454.14221 448.38812
418.01947 461.15341
367.22070 754.74817
261.60739 760.85754
437.58221 656.16547
458.43073 664.40820
397.41245 756.65399
404.13986 757.14117
294.05859 413.56128
417.30316 649.50818
390.14655 430.67517
384.28033 408.93567
363.18701 283.03204
283.34650 375.29092
378.05157 338.92581
272.67847 430.43561
260.22736 411.12415
480.08063 740.77545
451.40402 744.40594
430.06754 748.85132
443.13751 660.11792
400.85318 756.90491
414.90488 765.70068
407.63538 757.41693
450.91040 652.34473
440.20468 754.41162
460.24417 752.76111
484.99509 752.50299
473.10165 837.51978
480.85367 805.23895
481.95520 791.10010
483.80362 778.40070
486.03482 768.85370
440.94647 764.04260
436.23163 768.00916
430.77960 774.44232
426.52591 782.26294
393.96613 715.12671
238.30600 625.77753
502.29645 674.59161
425.92111 761.49188
420.43845 763.10358
467.84311 674.61700
426.26031 663.50500
463.24423 669.70197
406.77356 569.63177
365.76453 586.02356
414.17023 634.84644
304.28247 307.26477
321.00604 349.85657
332.20068 404.36319
410.56525 804.36755
444.56265 415.94720
436.82123 335.88910
427.87128 271.27719
340.64993 505.37204
279.63910 528.70691
440.18655 497.11816
301.66956 471.81354
449.83557 539.50000
435.46625 634.24646
252.60522 553.43939
295.01764 547.14197
324.97498 557.61499
372.50998 554.26855
407.80765 544.07904
433.13654 533.73999
479.58453 507.03046
254.33301 607.77777
281.53409 467.26065
487.63434 669.43134
431.99173 582.61572
232.63910 503.25366
452.04053 522.38281
412.98453 634.71399
319.50970 486.35870
435.73529 615.14380
245.89487 692.03363
439.08157 488.69345
456.37366 602.36859
308.10687 820.37360
313.17789 855.47888
236.42178 618.88226
278.09863 784.64264
247.67166 453.67679
408.58801 912.89661
491.04068 673.46088
409.08289 600.60077
259.92334 498.05969
363.40414 492.63782
383.37830 492.74573
410.17349 769.21582
256.98105 663.03821
455.48392 950.06555
380.67657 916.74548
349.18546 891.85858
503.72769 336.57962
508.94901 953.87158
403.08224 491.01569
421.91891 488.96466
433.80664 488.86719
265.83203 458.66779
415.75012 475.50751
393.89761 471.44580
373.10553 471.72830
353.99554 475.36920
342.45258 479.84967
236.14661 439.98535
350.08441 491.07666
505.53192 696.67993
418.89209 701.82605
437.93317 653.24817
467.65408 696.72406
503.20215 472.61395
341.75830 856.87012
373.81445 885.81506
453.62823 930.30560
285.43311 815.39478
431.38037 482.96075
463.61349 549.34808
508.16516 933.71899
414.66895 937.14685
243.47141 679.14917
461.30267 766.46936
456.96393 773.62561
453.19571 783.68768
450.71011 796.25568
437.61801 823.98309
418.85312 754.85431
413.45099 753.10370
409.15878 751.14819
374.93668 732.69080
285.94702 675.48816
465.33533 521.46246
456.29031 475.41812
441.16092 476.55029
424.34424 756.24646
284.08224 742.52484
475.92026 478.52582
425.61545 852.46118
500.92621 560.16260
479.61115 536.39044
501.67969 530.92407
445.34326 590.85583
508.01593 904.56262
508.50723 869.30615
465.52097 867.77203
368.14081 797.16864
393.63245 655.74872
394.86951 828.90192
338.64304 652.05139
371.24146 682.31177
317.27332 694.65277
457.00766 902.00226
430.04703 603.74945
348.46588 822.01288
381.12061 854.76495
345.81738 761.76080
262.92639 710.41064
315.83310 769.89868
255.47733 734.89893
350.91534 713.88098
448.70038 565.70636
443.02753 647.57092
426.66858 650.18622
454.03342 631.47070
435.30719 458.63422
392.64432 446.51602
356.25336 444.15375
327.18469 447.98407
308.80402 457.09747
301.12097 491.22534
232.99008 561.65521
320.07266 523.48328
344.24823 530.20093
377.42059 529.33856
408.57578 523.42542
432.20328 516.80249
448.17157 510.40176
234.94254 564.06659
426.63837 655.19159
462.01385 575.18036
460.47073 651.74408
474.11612 663.90094
460.75903 655.14661
433.39642 661.80548
479.24127 667.14612
482.17331 671.15643
447.70358 490.95975
460.25491 498.45105
466.22122 504.97980
335.84558 483.17654
317.02850 473.80261
522.59418 563.62085
681.43365 493.36563
529.74847 666.34772
788.67621 386.23407
613.40015 509.87717
637.01471 511.76349
660.89984 511.96902
694.29608 502.00867
593.10046 506.33154
651.25555 453.05286
623.78809 455.20239
676.78760 456.82623
693.29199 465.26184
717.45398 515.23657
605.91852 882.45532
691.82440 488.90582
801.62744 502.93250
748.33215 499.81110
637.98889 619.20929
548.67029 728.43298
546.24286 746.35724
581.80219 733.52551
604.27008 739.05725
573.24066 745.67828
594.43201 746.56769
637.67560 779.11865
522.61121 656.62506
524.72968 629.16797
731.15192 446.41498
581.15717 554.27753
590.29730 638.96576
591.43091 623.13525
716.01019 612.39716
523.51562 593.92957
667.02039 427.13751
704.47943 432.18286
760.89539 340.45956
553.96057 453.66797
599.67859 464.12457
659.88739 750.73499
784.97253 759.03339
572.07605 654.99677
550.30878 663.48743
633.48157 748.23663
626.79871 749.06311
719.92261 414.54919
593.89502 648.02100
616.98914 433.60895
621.01019 412.63629
652.81702 280.64343
738.37512 373.93372
632.83368 338.12695
747.87976 433.31470
768.09576 409.84418
548.11908 738.70435
577.70752 740.23096
599.66949 742.87653
566.53656 659.05743
630.07281 748.66077
616.32867 758.88239
623.32428 749.54010
555.04108 651.57947
589.67712 748.85858
568.89551 748.92737
543.83411 750.60077
546.13641 837.20532
550.91174 803.63226
549.43170 789.41064
547.22821 776.66101
544.38403 767.20947
589.67981 759.06946
594.76801 762.91663
600.45093 769.19269
604.99786 776.98499
626.70319 712.20911
810.12360 623.06042
604.90479 755.28760
610.65515 756.57849
541.38165 673.88495
586.20679 662.04480
545.64722 668.89050
609.01556 567.82202
652.38196 583.67731
598.03516 633.27985
717.53046 304.03323
694.79858 349.00336
675.97461 405.93085
613.39441 802.00897
561.09601 421.94440
571.87335 335.28244
584.60907 269.81274
681.66864 509.14069
746.63635 530.76025
580.05530 502.71011
719.81647 474.21997
562.14465 538.55872
570.50513 633.34180
777.58990 550.65479
726.85278 547.13391
693.01379 556.26001
644.11371 553.56812
608.82098 544.52954
582.63782 535.14612
527.00128 506.64902
776.44983 604.86115
741.31287 470.47021
515.37024 669.30939
580.98157 581.16595
812.07727 499.13098
562.66669 524.38605
601.27185 632.96832
704.40350 489.97232
571.50299 614.00012
802.62415 690.19470
581.11963 495.06799
547.11035 601.65686
723.98035 818.14893
722.22894 852.96533
803.15491 616.71930
758.21057 782.41675
785.62000 451.31171
610.82166 912.26135
513.66833 673.23785
606.02826 598.80664
772.81836 503.50519
656.79919 497.57376
636.69000 497.61688
621.24921 762.19086
775.81458 660.50208
562.70526 949.47363
643.58502 914.43481
680.11731 889.23328
617.44153 495.99872
598.81348 494.63416
586.72894 495.27887
761.13361 463.32538
605.66931 479.21515
626.69617 472.69946
646.74994 471.97650
666.25842 475.82510
678.60809 481.35248
803.89319 435.71869
670.88849 495.83118
598.15143 699.53979
570.70819 652.24811
545.16638 695.90155
685.92499 855.14410
649.54657 884.46118
563.39331 930.23596
756.08698 812.86536
589.11731 488.83026
543.67401 548.75012
605.60846 935.58423
796.83594 677.41077
569.11298 763.05511
573.91101 770.11182
578.09198 780.15155
581.25134 792.84619
583.69885 822.52429
612.03149 747.67822
617.03577 745.69501
621.23950 743.58020
649.57629 728.99811
742.07373 672.64758
543.77368 520.98376
560.99341 480.56238
578.10864 481.76535
606.58557 749.37317
747.85852 739.72357
535.71027 482.72580
595.09998 851.23718
524.91345 536.01239
563.42487 589.94452
552.55762 867.42072
657.63702 794.36731
623.24518 653.47394
628.55865 826.66956
682.36774 649.43506
649.19183 679.69873
707.97827 691.96887
559.91980 901.95581
581.82117 602.19830
677.87903 819.73260
641.92480 853.05743
680.85168 758.59943
771.44324 707.89825
712.85229 767.08215
784.36011 733.02606
673.73846 710.68726
561.42841 564.78845
562.64832 646.75543
582.36066 649.08594
548.49915 630.82733
579.72833 463.24554
620.09528 448.38101
656.34686 444.17328
686.96155 447.83582
708.80695 457.67291
723.58337 494.98087
805.45483 559.06274
701.78766 525.40784
675.02069 531.42389
641.33600 531.02197
610.45905 525.98047
586.75909 520.11285
570.15222 514.03394
812.46021 560.38220
583.55066 653.90912
543.14044 574.54987
542.40186 651.32428
530.31256 663.79437
543.86414 654.85065
577.52655 660.46082
524.36523 666.93799
522.92828 670.74908
572.05237 496.63568
557.32727 502.60742
547.53900 507.93597
686.00281 485.60712
704.35913 475.72882
381.18924 480.57220
403.91815 480.23196
380.87878 461.28314
358.02536 480.80823
381.10623 499.74719
644.26593 483.38232
667.65881 483.57693
644.49310 463.33289
621.14807 482.97815
644.18347 503.22931
