507.25732 754.84229
518.00555 668.47748
516.78265 687.86975
494.78677 576.22455
517.91956 641.55859
517.24902 604.18341
515.05341 512.00085
341.85602 487.36807
513.97302 451.59076
513.76703 418.58267
512.26514 283.51703
507.39166 761.76367
507.69937 767.87939
508.35495 771.89355
508.34695 771.92010
508.22513 782.25891
508.20248 794.69263
508.54465 807.74683
518.63300 834.74939
517.65979 680.53937
491.48993 677.18188
229.63043 393.00220
410.61267 505.24878
387.00534 507.52197
362.39124 508.77603
328.67126 496.82361
430.10684 501.55157
368.79736 453.14661
396.30460 454.12555
344.11194 457.23145
328.14493 464.74692
302.69843 512.97424
419.33060 875.72974
330.56451 483.23944
211.35556 505.36700
268.38385 495.41937
381.51721 629.25720
474.83920 748.43469
478.56580 764.92053
447.40869 751.00397
428.54996 754.28864
455.07214 762.58960
436.93930 761.39221
388.58478 777.42249
496.07086 667.45703
492.97583 641.20984
287.79907 448.54785
438.11917 564.45728
433.60571 650.73566
431.87964 635.11462
299.18225 621.57397
493.76917 606.51337
352.19287 431.66507
314.79636 436.32327
259.14258 350.58301
466.29797 453.96326
420.63565 461.10547
365.50830 750.66315
232.46158 749.87262
452.46378 666.61945
473.29425 674.92023
403.86462 759.87207
409.52893 760.58887
299.22858 418.53894
430.91629 659.23486
402.35773 436.01413
397.23633 415.53476
366.07043 295.54816
281.04541 382.35904
384.49817 349.23108
269.73105 433.09506
250.50443 415.60181
476.18793 757.88562
451.19699 757.26221
432.58875 757.86957
457.80078 670.55627
406.75171 760.24109
418.38693 767.63892
412.49539 761.00433
466.89886 663.02203
440.61578 764.26581
458.84955 766.43201
481.39462 769.39862
481.07635 833.38867
476.51431 805.26685
477.15900 791.87109
479.09387 779.55927
481.82025 769.75818
441.01859 764.88971
436.43176 769.37189
431.82007 775.49261
428.08304 782.83545
398.44803 718.79163
202.99106 616.85925
517.18121 684.37683
427.49298 763.25134
422.98035 765.13391
482.08502 684.86060
438.37076 672.64862
477.83539 680.01904
410.34808 577.73688
365.43982 593.63251
426.18286 644.54663
302.61649 317.18738
323.98505 359.12177
342.42291 410.65274
412.98883 800.34064
458.30658 422.90625
445.06714 347.11481
433.37576 285.39908
341.42438 504.81204
271.67627 530.23224
442.31952 497.47327
300.08752 472.19598
456.65790 549.09454
450.74310 645.26270
234.53842 555.39960
293.10831 550.07532
328.45233 562.23267
378.54242 558.62311
414.19095 547.98822
439.19623 538.12524
490.83597 517.77686
235.54233 609.59021
276.26501 468.06091
504.21103 679.43237
439.58493 592.14905
201.16809 498.74207
458.83316 527.68903
422.64484 643.88153
317.48242 484.57373
449.42612 626.18335
212.46011 682.37823
439.68765 488.42065
471.28766 613.90375
297.95505 812.76880
301.17078 842.25989
207.91464 615.97217
259.46597 778.34595
229.97672 455.89752
416.29187 901.47321
506.47989 683.32324
414.92395 609.31390
242.44012 496.98773
367.29837 491.35712
387.57401 491.42542
414.53235 770.90643
237.44397 663.13593
466.79062 935.90131
385.43420 900.33459
347.63605 876.37604
513.11737 348.29175
520.66980 940.28381
406.39890 489.73364
424.20590 488.00342
435.28882 488.27411
254.56207 458.24500
417.17389 473.13440
395.85773 467.52057
375.16605 467.75638
355.64667 471.92719
343.43781 476.98398
211.44867 439.56345
353.03180 489.75650
517.00964 707.15240
427.32736 708.52124
453.37537 663.94238
479.46445 706.81549
514.30652 479.55872
339.43280 846.86151
377.06403 874.09363
464.06903 920.14343
263.85858 803.35193
432.34778 482.33496
474.53009 560.70349
520.28473 923.91199
423.71814 921.47632
214.86194 674.94489
459.26889 766.99927
454.70105 774.60028
451.42950 784.32690
449.32260 796.25641
443.28503 819.94202
422.61517 760.72467
418.34256 758.85657
414.76743 756.90509
375.62643 732.43903
273.26843 678.14355
474.29855 531.74817
460.89227 478.17984
442.88132 477.18195
427.31815 762.71826
270.20605 740.32159
485.75189 484.54956
430.14893 847.25647
516.47815 572.74323
492.52820 548.47302
515.77106 543.48199
456.39914 601.51837
519.92877 898.36853
519.21228 864.87665
473.52493 863.10431
366.67062 792.39502
399.58810 663.40112
396.30157 823.49707
335.62411 658.27228
372.63635 687.63977
310.80478 697.63837
466.09918 895.53967
439.95361 613.71069
346.56042 815.69189
383.16284 846.96643
342.31314 758.82202
243.98175 708.34802
308.62769 766.86450
229.68130 729.54694
348.69821 715.55365
457.68817 576.16272
459.02264 658.48877
441.87576 660.69208
470.55875 642.91180
441.04028 461.07135
399.73727 449.09656
363.53247 446.52487
333.19882 449.98685
311.87152 458.41293
295.93619 490.32397
205.87949 559.81610
319.12903 524.34796
346.37991 532.55420
381.56152 531.27588
412.73022 524.99060
435.73004 518.69031
451.89862 513.13470
200.49963 556.56085
441.07574 665.25775
474.83420 586.68506
477.39267 662.65778
490.24216 674.29889
476.95615 665.79712
447.03802 671.63715
495.74234 677.38770
497.75119 681.25531
449.27155 491.63104
464.41650 501.71216
473.84421 510.69781
336.08636 480.74750
317.19147 473.18457
537.97723 575.92297
686.18329 489.95160
541.88330 676.41302
784.56567 391.49121
617.96106 511.46924
642.64685 513.21826
666.95111 512.93829
698.19275 499.31403
596.60217 507.07501
655.15759 449.90497
625.99622 451.97046
681.04742 454.02948
697.44653 462.33661
722.73254 515.50427
615.92731 873.80914
695.66058 484.36694
804.47131 502.95804
753.15015 498.17603
647.44910 627.81989
541.23987 748.99048
539.47491 765.38293
572.73938 752.44635
594.75116 755.64960
566.07513 763.57013
587.23590 762.36499
641.34308 775.02191
539.50311 667.08923
542.50061 640.83240
733.65009 446.54260
589.89026 563.68518
597.95093 649.92224
599.14490 634.29504
726.89703 619.27039
540.38196 606.13470
671.06140 426.04730
707.30066 432.17810
757.44550 349.67062
561.18793 451.43561
600.96436 461.31696
663.12781 747.94629
782.91022 745.69421
578.89215 665.88116
558.89130 674.23975
625.29395 759.96722
619.38928 760.73932
721.18542 415.55402
599.56781 658.34155
622.44806 430.80548
626.82373 410.95599
656.21332 295.19583
738.74774 381.48276
640.11194 348.48010
749.30017 433.13806
767.10547 414.66553
540.68402 758.37134
569.46466 758.47333
591.15112 758.99689
573.35522 669.80859
622.23279 760.38629
608.47760 767.47998
616.34790 761.14447
566.16772 662.31689
583.99646 764.90643
562.93835 767.14392
537.89081 769.79596
555.12378 832.80347
542.71448 805.15845
541.19159 791.76892
539.50873 779.56512
537.37256 769.81750
583.50049 764.96167
588.17456 769.23407
592.71765 775.12903
596.37842 782.23669
631.70667 716.91406
807.60474 613.29718
599.35352 763.28094
603.82617 765.11633
550.83777 684.40460
591.69751 671.70166
554.65381 679.49829
617.14758 576.75616
662.23615 592.17987
604.13025 643.68903
716.95905 316.49399
698.08618 358.38513
679.61554 406.11969
618.83972 798.38257
568.48584 419.84784
580.84808 346.73141
590.72784 285.23471
686.76050 508.25262
751.75641 532.28516
582.50183 502.62885
723.43756 472.05316
571.96399 548.39258
582.18994 644.62848
785.20728 552.96857
734.10834 551.65363
701.13831 562.55005
652.18561 559.62170
616.38562 549.81152
590.54517 539.86975
538.99347 517.40253
785.37744 606.83496
745.07593 468.74176
530.92230 679.07446
589.54102 591.35699
810.28217 495.84183
570.65405 528.66284
606.56622 642.98883
707.67334 485.66898
582.73352 625.50433
799.93848 678.48004
582.50800 493.77539
562.07257 613.34686
727.63593 808.97601
722.56116 837.74072
808.43073 612.64923
762.46680 774.36652
786.61121 454.17569
619.64972 899.35150
527.72693 682.99036
613.63733 608.34686
775.08380 499.68030
662.40747 496.99130
642.00085 498.20978
612.66193 770.61908
783.81622 660.04108
572.85370 934.29883
647.20837 896.66833
681.26447 872.15131
621.76068 496.89642
601.54169 494.70325
588.48126 494.60977
763.71405 460.81851
605.96686 476.65146
628.14362 470.39203
650.23865 469.92001
670.55798 473.35858
682.86218 477.98053
801.33618 437.26459
676.24615 493.66208
604.17657 707.24481
578.39325 663.29407
554.40253 706.39185
689.38574 843.60516
655.08942 871.33459
574.69086 918.94794
755.53516 798.90625
589.93427 486.89020
556.25623 560.20428
612.88873 918.67279
801.90369 671.40778
562.48560 767.13544
566.81506 774.52155
570.10565 784.03418
572.76514 795.68066
590.85162 818.43945
604.43311 761.23553
608.41504 759.45477
611.82202 757.63971
653.48840 729.98444
751.62280 675.19476
554.80829 531.38043
564.52881 480.09161
579.58795 480.04196
599.92328 763.12317
753.76904 736.72998
543.54352 484.44080
604.21075 845.53510
538.83820 548.08722
574.56689 601.06232
563.40588 862.21582
662.43622 789.83539
629.16644 661.97662
635.23938 821.25342
692.87463 656.10114
656.33704 685.71790
716.62622 694.89417
571.87854 894.56274
589.94672 612.93597
682.64392 812.72534
649.01367 844.48114
685.55035 756.05792
777.53876 704.88141
718.11871 763.49042
788.86273 725.71179
679.55804 713.05896
572.08929 575.61505
574.15717 657.78821
589.86401 659.99310
563.67609 642.27509
582.90149 460.13437
623.86670 445.38885
660.61975 442.16748
690.89380 446.33984
711.81616 455.93756
727.76379 492.64758
809.88013 556.89508
708.27808 526.56958
682.63220 534.61389
648.44537 534.51782
616.50604 528.97754
592.21210 522.40393
575.44293 516.10419
809.80469 553.22559
589.80499 664.41742
557.10950 586.19012
557.04156 661.95117
543.67017 673.65155
556.69043 665.12933
583.61328 670.69806
538.94714 676.79980
535.93237 680.61945
573.94379 496.01605
562.21399 504.10315
555.20612 511.23419
690.12781 481.52631
707.88916 472.27185
378.96829 479.67117
403.51559 479.12860
378.23663 458.29211
353.86121 480.25159
379.37341 501.26654
646.00403 482.26758
671.82306 481.84113
645.83545 461.23367
620.49121 482.34933
646.42468 503.33237
