525.27625 729.03046
533.04425 631.55719
529.16833 658.01367
505.11993 544.88385
533.28766 603.87488
531.55078 568.92700
525.69873 488.19427
324.95374 489.83997
523.99158 438.37564
524.13342 405.32660
523.40588 266.97882
525.32642 738.93274
525.01605 748.15338
524.85077 753.91174
524.99646 754.02032
525.14905 764.98816
524.93079 778.18335
524.81665 792.60803
526.85168 815.33417
531.78326 645.87390
501.78372 645.12054
201.90424 392.80768
400.61316 504.87741
373.45609 507.34366
346.20465 507.93210
309.06232 499.94016
423.83661 499.84479
365.55069 446.49411
394.86584 447.81873
336.60193 450.97424
316.32892 460.42612
281.86420 515.96783
416.48859 872.06177
313.95374 487.46747
191.62711 508.16705
248.75510 502.93295
381.16180 612.88831
490.30194 723.07495
494.02527 747.02527
457.85754 731.64160
435.86783 740.80029
467.68945 747.74475
446.48267 749.72351
393.45416 774.60577
508.59750 630.95740
505.41833 604.33899
278.24530 440.03143
438.67239 547.04376
436.41867 623.37366
434.11688 609.61365
294.23682 612.05267
505.56494 571.95190
353.21387 410.76324
310.62222 420.86841
233.69458 344.20059
473.54907 431.75214
419.82611 455.50830
369.41446 751.29913
215.63638 766.58777
457.25238 638.65314
480.69046 646.65155
409.19965 755.21045
415.58591 754.76849
295.68259 404.74750
433.75214 634.82825
407.30676 412.56714
403.98920 390.98804
358.14978 279.79327
259.27289 370.90396
378.57571 331.43552
259.90833 429.19238
226.26663 409.64319
491.66443 736.71204
462.85815 740.55573
441.10895 745.51990
463.52997 643.34424
412.54102 755.01685
425.46411 759.47302
419.14362 754.56085
474.00165 630.41217
450.68896 752.70947
471.57217 752.19836
496.46710 752.90851
489.12582 814.63654
490.57504 791.13837
491.88818 776.50146
494.09189 763.53406
496.83566 753.19257
450.85733 753.03015
446.03058 757.87061
440.90759 764.48755
436.58984 772.38574
402.86917 706.54559
185.25864 632.84698
530.36206 651.79675
435.31287 753.65167
430.59396 756.27380
490.67511 657.02954
442.94409 650.60883
485.90839 651.98602
408.64352 562.59039
362.17859 580.29828
428.10809 621.52728
284.14746 305.38788
308.32013 343.47333
344.59583 390.40033
418.56430 791.08307
468.03717 397.29974
447.56189 329.11841
435.26007 268.31259
322.81818 505.80988
248.47757 533.76636
438.80826 494.34418
284.83453 471.65137
459.19357 529.71979
456.36920 613.94940
221.12549 553.24701
268.66437 547.70831
305.72983 554.32056
360.47839 550.20496
401.08899 540.11102
431.67410 528.70190
498.10675 494.74619
225.64545 608.17963
261.22580 469.47382
516.73511 644.99945
441.43945 571.86420
178.54684 509.72485
455.18399 515.43469
424.71576 623.81677
299.28687 488.10284
454.41403 597.31671
195.61218 699.03851
437.67218 487.11511
479.75873 581.93872
281.49829 820.68372
280.71796 857.08081
194.57065 622.30188
244.72653 786.22198
207.83707 454.58353
408.46024 904.43445
518.43042 650.79730
415.44070 591.59290
222.09015 508.76727
352.50952 491.52847
375.72183 491.47028
420.86652 763.54315
228.41492 663.80145
462.49042 942.92273
368.72675 912.61450
327.40375 890.53204
523.64050 331.28891
524.69659 946.04889
397.59198 490.08588
418.27509 488.03705
431.41330 487.50793
239.38480 465.16278
413.89114 478.29010
390.84454 476.20660
369.65057 476.50427
347.64783 479.31451
332.05542 482.92010
185.31644 444.77234
336.66223 490.82370
529.17883 679.92957
432.22415 690.26208
457.98358 634.30951
488.98425 681.15704
523.98401 462.88940
322.85205 854.55627
363.84253 880.50372
462.71912 919.53772
245.39215 818.85962
430.07956 483.05551
480.85190 534.91467
526.48438 922.59753
412.66531 930.79443
202.51080 682.66608
471.90479 752.58734
467.11072 760.63513
463.30411 770.79755
460.71594 783.42084
450.15366 804.98438
429.53589 752.04498
424.49280 750.40765
419.94257 748.28955
380.29813 727.14929
267.83167 673.52246
479.19299 510.25592
462.35629 468.69727
442.91870 472.18048
435.07803 753.50134
260.10083 742.17523
489.36063 467.67377
432.07626 838.74084
529.45190 540.71747
501.44812 520.49561
527.56879 514.72443
461.15488 575.91235
526.99561 890.13123
526.82825 850.95544
478.84802 850.09070
362.96326 792.13776
400.47479 646.32538
394.94186 819.82458
333.63831 645.12073
372.69470 674.29236
306.38159 690.66168
468.18860 887.82910
442.42255 591.01611
335.38962 818.38470
375.80194 847.67444
338.44940 759.31335
233.46133 711.37183
298.83069 768.28967
216.18600 737.63855
347.95694 709.76440
461.70773 553.10095
465.49515 625.70813
445.45560 632.15698
479.62521 608.17462
443.55432 448.71112
400.53326 434.50330
361.37091 431.88834
326.32822 437.88065
300.05121 450.85248
277.29846 495.42508
189.50272 564.51929
298.07269 524.29907
327.61273 528.84332
365.77426 527.55023
401.32880 521.62012
429.04205 514.02124
448.41327 506.33435
180.79086 571.14624
444.88309 639.01093
482.54877 557.73035
487.12265 627.35889
501.04337 641.00812
486.06250 632.11652
452.19058 646.82660
507.14182 643.28625
508.68332 649.07831
448.52139 487.12402
463.85764 492.76758
473.53641 496.38864
322.06989 485.65656
301.49097 472.55081
552.31976 545.15546
688.47052 493.90033
556.77039 645.05090
802.16034 398.99890
623.30261 505.32642
645.61340 508.13483
669.13245 509.65472
702.97876 502.90674
604.74823 499.73541
659.18463 452.85037
634.46722 451.73016
682.90356 458.48260
698.80322 467.76318
727.68506 517.72406
628.48718 870.27997
699.16986 491.98438
813.37427 513.02972
761.34094 503.89679
660.10101 613.41296
559.43744 721.53540
555.09222 745.67157
591.04150 728.19086
611.97449 736.14465
580.75635 744.78784
601.16016 745.46362
650.86633 772.90894
556.31104 631.02930
559.31073 604.42297
737.18188 449.27179
602.96521 548.13379
616.24500 623.29913
616.45752 609.48535
737.80914 613.35858
556.16986 572.04150
671.70880 418.81848
708.51947 430.99097
778.69312 351.55441
568.01245 429.72772
612.88983 456.96228
673.42957 749.24261
787.99451 766.38373
595.58533 638.48309
573.83569 646.24164
638.26721 748.72723
632.02454 748.57275
725.59570 415.30487
616.56641 634.30280
625.56549 416.13037
629.87177 395.68597
676.61737 285.58481
761.04492 380.24808
659.44720 338.59900
757.97681 437.60556
786.79382 417.92261
557.82275 735.28748
585.77368 737.44824
606.56061 741.01770
588.87805 642.94586
634.98224 748.69025
621.98126 753.98773
628.42401 748.54187
583.61279 630.89703
596.58740 748.46490
576.27600 749.31506
552.08203 751.55542
562.06464 814.50330
557.82117 789.86597
556.36145 775.08179
554.53253 762.07910
551.84302 751.76080
596.24963 748.57953
601.54602 753.56024
606.70667 760.21399
611.00537 768.27130
644.23169 704.86267
809.58752 635.59900
611.57898 748.39142
616.65228 750.90942
565.33826 656.70221
606.18390 649.69702
569.45581 651.64502
630.90979 563.78076
675.35608 581.66766
620.58789 621.15424
739.17834 312.73328
720.15900 353.16895
682.17773 399.20862
627.55176 789.88538
574.51520 397.26898
596.40497 332.63925
607.50037 271.42383
689.78522 508.40576
756.96869 534.39197
592.93408 494.05609
727.94885 477.51508
584.30316 530.80420
600.01233 614.43372
795.47400 557.01294
735.68188 549.17157
701.35229 555.46228
653.81049 549.72577
620.47034 538.60291
595.93616 527.20996
551.09045 495.37024
793.86292 610.56085
752.40137 474.39417
546.11847 644.91656
603.22260 572.39984
815.80481 513.61328
577.11169 514.47687
621.49731 623.28882
712.83167 491.96918
599.52411 597.57458
802.70490 700.48334
595.45544 487.50220
578.22729 582.17328
744.32098 818.03076
738.19116 853.74329
813.04169 625.10675
774.15662 784.90186
800.96228 460.89420
635.34143 902.04999
541.93933 650.71350
627.17316 592.04034
788.13647 507.48215
663.22205 494.91260
644.03992 494.28473
626.78497 758.03607
791.67932 665.12427
583.54456 940.98712
665.16711 908.54077
700.08057 886.25330
626.73248 492.32874
610.29529 489.35080
600.08960 488.17236
776.65894 467.98499
615.90643 480.15674
635.38403 479.97540
652.99036 482.08185
670.96167 485.39987
683.42444 488.59399
813.25665 449.67261
677.19556 494.63132
618.32562 688.93518
596.09674 634.51935
567.78094 680.81934
708.75134 851.40948
673.57849 877.49500
586.34406 918.17230
765.45538 817.06122
602.05719 484.05737
569.55658 535.59656
627.97632 927.49951
806.69409 684.32507
575.85504 749.56360
580.85889 757.60620
584.60986 767.86755
587.52881 780.77161
598.44012 804.27515
617.77344 746.67529
622.80090 744.79175
627.38434 742.48096
664.50708 725.11761
760.73254 673.94153
567.03784 511.35162
576.31055 467.18414
592.06134 471.75656
612.01880 748.38043
765.42517 741.24237
552.49390 466.17676
613.85510 837.41180
551.99011 520.84875
589.18750 576.52972
571.42950 849.44794
676.57617 790.08539
643.50299 645.51746
647.52930 817.91467
704.56207 645.42767
669.68201 673.48694
728.80920 690.22394
581.72052 886.92322
605.08221 591.15503
700.28821 815.79077
664.64520 845.37799
699.88068 757.44098
786.82007 711.62555
733.43042 766.38715
796.08008 738.04028
692.54669 708.35400
585.54022 553.86566
592.17352 626.19995
608.08246 632.17169
581.26031 608.42346
593.27026 448.21356
630.23999 438.77704
663.22949 439.48792
692.58923 446.65375
714.51898 459.29269
733.72015 497.89050
816.03082 568.40759
711.10321 526.18262
684.64630 530.04858
651.44952 527.54248
621.85876 520.76007
599.61725 512.67694
584.24823 504.87292
812.25690 574.45105
606.80725 638.61615
571.78485 558.20776
574.62958 627.56714
559.25092 641.07031
573.65424 632.58875
598.81805 646.03455
554.58881 643.27484
550.63635 648.87097
585.86597 486.70685
572.50250 491.34814
563.07129 495.66489
691.88599 490.74454
711.27191 478.58752
367.91156 482.34210
393.27084 482.52966
368.55609 463.02151
342.43573 481.97116
367.37976 501.07211
642.73694 485.08984
666.87781 485.94211
643.08289 467.58594
619.36395 483.96533
642.37018 502.34363
