501.31918 733.34509
477.24353 647.41498
486.02493 671.62195
465.84918 563.89075
476.53000 622.03613
479.65048 588.46832
491.23828 504.82593
349.21503 485.05920
494.89706 434.20074
494.73703 399.45209
499.18616 272.84171
501.44058 743.04181
501.70187 753.05121
502.25253 760.07898
502.37323 772.86066
502.07703 787.43329
501.77805 804.73792
501.91467 820.84448
494.42105 846.03375
480.01212 659.97308
465.23279 659.81146
299.38699 385.83234
406.81622 510.50235
385.65369 513.05542
365.78302 512.01624
341.89984 495.07263
424.81622 503.96231
378.62042 436.54761
402.94257 441.53485
356.85510 438.93234
343.18500 448.01465
326.03198 513.46906
422.07294 861.14526
343.12134 476.76147
287.54166 495.61932
308.77423 494.96002
391.09479 624.14551
477.33234 726.93304
481.33527 751.83057
454.79492 736.29346
440.58990 747.56464
464.37433 753.63440
451.40323 757.84912
407.96503 792.40405
460.60498 646.60052
456.52985 622.52393
319.18018 427.86694
434.30573 558.89417
425.40863 640.26099
424.86752 626.69739
333.05698 620.79712
460.42877 591.09052
363.15714 409.35291
336.08740 412.05875
312.68365 343.33154
450.26364 444.62042
423.67670 453.31506
394.59323 766.54382
324.06372 724.13574
442.39014 654.53918
456.99353 661.99969
425.34482 768.53601
430.90991 767.83716
329.89807 394.69592
427.59009 651.68036
400.23523 420.11517
397.73987 398.50446
379.50378 288.03772
317.21735 368.71265
386.72809 337.95517
312.14050 416.33423
301.68207 402.13477
478.66272 740.72388
459.41119 745.82159
445.64941 753.03693
447.64093 659.27887
428.15594 768.25220
435.81183 774.31555
433.83636 767.35229
445.79761 646.01727
455.83365 760.82825
468.41299 758.49115
484.02670 758.52319
466.65390 842.69202
475.57397 817.06989
477.09164 800.96521
480.04572 783.92163
483.58609 770.51941
455.80862 766.69690
450.34726 773.45380
444.27225 782.09125
439.45816 791.32025
411.24768 719.23553
303.05893 599.04352
482.87961 665.46472
446.37381 766.38043
441.14273 770.17181
461.93365 671.16583
436.40485 666.51068
459.49774 666.71912
412.90598 573.37280
378.16605 591.07635
423.75449 638.01666
337.05035 310.25162
343.79163 346.30850
359.07703 387.91742
421.77997 811.30579
444.46472 412.08270
436.29169 336.76950
431.59378 276.83466
349.96344 506.29428
305.57404 533.04761
436.55228 497.40216
325.60721 459.52737
447.86157 542.72791
432.30328 630.65240
290.69089 549.27069
314.18817 553.09167
336.64874 564.61774
375.75018 560.20245
405.81244 548.34039
427.95590 536.09955
471.59296 510.76794
293.18811 604.38055
313.04871 458.20731
470.01434 659.11017
434.82492 585.20892
295.82928 489.01489
444.42041 522.81268
424.49493 639.14331
335.59103 478.28381
433.36105 614.12634
310.24179 659.45233
437.64847 487.85056
445.35980 599.57373
350.42038 796.78137
358.11035 817.01910
286.52963 602.60376
328.74176 760.64288
293.80234 445.39664
420.48932 879.46149
474.83926 664.55139
417.14368 603.78876
295.99689 499.71069
367.83838 495.30762
385.67194 497.16614
430.93683 778.76349
301.55261 654.56360
457.49246 912.57806
404.63245 872.48053
383.38013 849.67450
496.64594 336.18405
500.51770 921.57538
403.71646 495.16626
420.91504 491.29733
432.13873 489.51743
304.03680 453.42456
420.47284 468.80081
402.50317 460.95502
383.39038 458.65030
364.81308 461.74548
353.61261 467.65070
293.79526 432.30505
356.42841 490.64679
487.43542 692.77130
426.99091 703.93164
440.77811 650.16815
460.49930 694.64697
494.87854 469.05545
374.25757 828.58411
396.54822 853.11139
453.02863 901.69934
340.29459 777.93457
432.26294 479.93402
456.20493 551.43353
496.85358 910.10413
427.59320 894.61932
295.08646 657.99335
468.14813 768.11414
462.77176 778.44397
457.82751 791.55621
454.39777 806.15405
440.61423 829.25208
441.23795 762.68811
435.62463 760.75604
431.02634 758.02625
400.73700 741.11560
324.74182 673.14319
459.94116 524.88525
452.41245 473.87744
440.71072 473.44598
446.29846 763.95813
330.79669 731.04260
467.15982 476.35095
430.40768 844.07776
483.73459 560.26257
468.34348 538.94000
487.45435 533.85046
441.85223 591.51447
494.97540 890.75549
494.70203 866.94470
460.29059 861.52026
389.19855 796.33807
407.32819 659.13879
407.44769 822.64819
361.58054 655.00848
390.14651 685.28241
350.64914 695.33337
453.98953 883.42285
433.43219 605.84021
375.24936 808.39764
398.08716 835.30780
373.89777 764.83917
312.11273 696.89850
352.21704 763.14679
308.47516 710.32812
379.52020 719.78754
445.93402 567.82092
438.79480 641.76520
431.80777 648.38379
442.62442 625.14227
436.23929 452.93042
402.18097 433.76318
371.61981 426.44324
347.36484 428.43304
331.80756 439.08264
323.88300 486.20746
283.82114 548.70813
334.07730 525.78558
353.28156 534.86499
380.50729 534.63440
407.27670 527.93628
428.08151 519.32532
442.24878 511.40109
300.19110 543.23285
434.38489 655.42493
452.05612 575.01990
448.62573 643.08948
461.71954 655.22314
451.58163 647.16345
441.17224 662.99280
464.34839 657.55542
469.10748 663.24408
444.35443 489.88849
453.70145 498.29565
457.50031 503.93689
347.47733 472.56311
335.10803 460.49152
504.41690 563.93939
679.97681 489.42255
504.14551 660.17725
790.59717 378.74310
610.80994 516.20154
635.17957 518.08075
658.93396 516.06750
691.85388 498.54047
589.92651 510.22791
643.26471 433.08508
614.89459 439.29147
670.71503 435.64734
689.11224 445.98785
713.76257 515.55023
584.07800 869.21368
689.45789 480.31357
800.78589 494.16077
744.54346 494.48264
615.53107 626.32843
526.88074 728.27319
524.17310 752.83612
552.64691 739.17108
569.82129 750.33081
544.03070 755.46179
559.99542 759.62921
600.93402 798.16193
496.17981 647.06561
499.05600 622.88483
727.33484 419.16486
570.11517 558.93805
557.50043 642.40479
562.43573 628.52777
692.76764 624.00519
501.42422 591.19568
660.72473 395.23920
699.18164 400.03317
758.02716 334.28998
548.40179 438.71780
591.45410 454.12430
616.10345 772.08221
770.29175 731.50751
539.22412 656.45221
521.22479 663.13251
591.71716 768.67102
586.08441 768.07568
714.85217 380.75085
559.68994 654.15399
610.92639 408.06757
613.93445 385.51794
643.76245 280.13849
734.10907 360.37125
625.17096 330.43396
745.03992 407.40784
766.79700 396.18390
525.97571 741.76257
548.31781 748.07104
565.15613 755.21191
534.13153 661.09515
588.78589 768.49451
578.95496 775.11041
583.15985 767.65540
525.94635 646.93622
556.20667 762.39331
540.66846 760.11584
522.76837 759.50476
526.58716 845.06531
530.07678 818.15125
528.24384 802.02533
525.86218 784.90649
523.17065 771.53741
556.46143 768.17493
561.75458 774.73138
567.42810 783.33984
572.11597 792.45685
586.10016 723.14148
808.59290 601.78070
568.46478 767.45111
573.58600 771.09619
514.95667 672.32031
553.09485 669.17163
517.87054 667.89691
595.98181 573.97101
635.73749 592.65179
567.58984 640.36536
710.97955 300.52563
688.94855 336.96426
669.47577 372.58130
582.29218 816.74963
554.54810 403.66376
563.41840 332.89066
575.28070 272.33609
679.63953 510.10486
742.07916 534.94116
575.81885 504.34164
716.50513 457.89304
552.26715 542.39508
541.65161 631.90808
769.79260 550.48370
721.62933 555.16101
686.25952 566.24115
637.12781 562.39819
602.23389 551.48926
575.89252 539.65387
515.04150 510.21362
760.63934 607.85156
737.92651 454.53900
491.44409 659.46191
563.84833 585.79651
817.99585 486.61505
555.53064 526.33942
572.54993 641.54028
702.05096 480.17596
546.09015 615.18750
794.79150 664.68304
576.09320 495.22833
524.32764 600.21191
695.44824 807.08643
702.45746 828.28839
796.05060 605.69458
730.54700 769.13470
785.76489 441.63120
589.72504 888.94421
491.56564 664.63440
586.16449 605.14282
769.89050 500.15125
655.77130 500.77057
635.11938 503.33157
583.90625 779.40759
751.73956 659.52008
548.97418 918.62927
626.01312 884.39636
661.01782 862.29907
614.95367 501.75873
595.87915 498.32373
582.95184 497.03259
759.03943 449.07770
598.72156 474.63898
619.44476 465.07632
640.04718 462.31537
661.10876 465.07245
674.35248 470.81464
809.27490 427.25854
669.95215 495.53204
563.30157 706.87183
538.19000 651.91315
518.10333 696.06866
660.35608 840.32013
626.54901 864.64941
546.46881 907.23547
737.85303 786.93738
583.12146 487.23962
528.93512 551.34863
589.24615 904.40686
783.33575 663.17706
541.03595 769.54272
545.92157 779.81158
550.40833 793.00708
553.78613 807.59717
557.77179 833.33508
573.47974 763.64331
578.51355 761.96356
582.89581 759.63251
603.61462 745.92908
710.01825 677.99536
533.43048 524.38025
555.22089 476.98502
571.65948 478.33466
568.87286 764.91156
713.00098 737.77972
528.63806 478.04086
572.86432 850.33246
509.75900 538.74921
544.41083 592.31384
534.38879 865.03143
626.60095 804.00629
594.01648 662.13336
603.31152 830.33899
651.95398 658.53961
615.44208 689.13141
670.95868 700.47125
541.64966 888.12201
560.16595 606.89001
649.77826 818.27069
617.90735 845.03754
643.62756 771.73059
742.26898 702.91064
678.09460 771.02966
764.13025 717.09259
632.00372 724.81720
546.38983 568.13770
532.67133 642.96521
548.73309 650.54016
521.25482 626.02924
573.16345 451.85071
612.66608 427.89716
649.48730 419.15802
681.16290 422.17810
704.46643 434.56973
720.37378 487.03076
802.59918 549.48730
698.50977 528.37164
671.35779 537.47668
637.54883 538.07361
606.41791 532.40594
582.26270 524.29053
565.09302 516.27173
815.55920 543.34113
549.42786 657.67316
524.97589 575.31604
514.11005 644.01636
504.40033 656.11243
515.84869 648.17493
544.05792 665.22919
499.03915 658.10864
498.80991 663.55658
566.50446 496.36484
551.56250 502.79272
540.36908 507.36618
682.41071 475.68597
701.27954 459.92535
386.90939 474.92114
410.47650 474.46170
387.81271 450.63843
363.42361 475.21930
385.92819 498.99689
638.53497 480.69452
662.70374 480.32428
637.48346 457.98920
614.50024 480.95142
639.63690 503.39581
