532.06818 742.95416
533.32800 662.53949
529.13861 683.33057
505.25269 566.39404
532.90729 633.48517
530.27521 594.64899
522.05457 501.29712
339.03870 493.58395
518.93463 444.78244
518.30066 410.63004
512.31561 268.44415
531.86005 748.75342
531.13226 753.47559
530.44855 756.17816
530.10950 791.94464
531.09747 800.75049
531.45917 811.61768
531.26416 823.49622
529.85449 850.54895
532.13098 676.36072
500.65717 673.38361
221.50092 396.86493
408.10016 508.53064
384.00604 511.30377
359.47760 512.11200
325.19135 502.81854
428.32010 503.73254
368.65594 453.08435
396.36813 453.97046
342.95605 458.05139
325.83759 467.07614
300.48907 517.19891
426.01941 897.84979
328.15961 490.23486
213.39664 514.73792
267.63849 502.36465
383.33057 623.48999
489.58780 740.58105
490.52139 752.80829
448.22241 744.29517
418.57565 747.19861
455.21118 752.57104
427.48798 752.89917
383.75854 781.89478
509.77066 661.94861
506.76010 633.46637
287.37598 449.47675
441.59341 558.00964
433.65692 643.59149
431.71362 627.14819
301.19995 615.95392
506.06781 597.48804
354.45233 425.90601
315.53592 433.63971
250.50755 348.70490
469.24063 446.89774
420.49368 461.40936
357.90793 750.46057
232.55490 777.04327
452.47754 660.69159
476.56931 669.41174
378.70502 753.80847
386.47705 755.17902
300.18182 416.65045
428.44092 652.20544
405.86462 429.09769
401.64783 408.06189
362.79431 283.25827
276.54163 380.51944
384.49872 338.73828
269.72568 436.25549
246.24615 418.72406
489.52463 747.51575
451.48587 748.75586
422.86325 750.19751
457.78812 664.67273
382.65598 754.48621
401.50864 770.96460
389.96265 755.96875
473.02942 658.01532
432.04480 754.73615
459.17670 755.00220
492.20584 755.76062
487.59058 849.45959
488.87466 821.78534
490.10272 809.97034
491.80426 799.18250
493.64569 791.25629
433.92242 778.05786
429.58240 780.69891
423.89935 785.82416
419.56567 792.04333
393.52020 715.80872
203.08224 638.56152
530.60675 680.95215
413.66895 769.13989
407.48383 769.46387
486.94238 679.60425
435.44586 666.00177
481.99356 674.64062
412.86191 571.38965
368.66687 586.66321
424.07501 637.05554
295.92468 309.52277
321.06128 352.84570
345.52277 405.21564
411.45242 809.33667
461.90631 414.13397
446.72791 334.52615
432.14905 270.80014
338.20746 509.45041
270.68481 533.71057
441.28827 498.82507
298.02469 476.55969
461.35696 542.11298
456.15231 638.26849
239.90997 559.11920
291.16360 550.05078
326.33783 558.81519
376.47354 555.19580
412.75409 545.27167
439.20267 534.53259
497.38190 508.12827
239.46057 612.10229
275.57742 473.04211
517.31433 675.46796
441.53491 584.94037
198.70529 512.61127
459.52209 522.44586
419.56860 636.34186
314.38852 491.41064
453.94366 618.13300
212.34671 706.53186
439.45184 490.81168
480.89090 605.68365
299.01849 833.09662
302.18143 872.25153
211.88953 629.37720
260.71313 798.21930
228.69815 461.98077
422.51215 930.02698
518.39417 680.00299
415.49033 602.49170
243.37660 505.60919
364.11475 496.44855
384.51627 496.05679
396.44327 773.25549
238.38782 669.50208
475.06015 968.32849
387.85049 934.49139
348.70670 908.72266
515.62335 335.21490
530.95844 970.38293
404.01630 493.93475
422.45349 491.53644
434.21228 491.21506
254.60048 465.63858
415.73645 477.62350
394.48898 473.03012
374.52289 473.27603
354.77029 477.60138
341.94882 483.03360
205.84860 447.92432
349.83545 495.30524
529.15399 702.20300
425.31223 704.29523
454.62488 658.20062
484.87393 701.82812
519.53186 471.76297
341.41397 870.56580
380.65283 901.05939
473.91608 947.27368
264.58289 832.22394
431.80786 485.30328
481.77396 551.93964
531.64392 948.88898
428.83081 955.63586
217.78812 691.60345
461.37634 786.09125
457.37982 791.56775
453.62802 800.04535
451.18781 810.39142
444.93326 833.48718
403.61234 753.71045
398.91602 751.95142
394.97632 749.92407
368.17828 730.17706
272.90790 679.46924
480.15720 523.55420
461.08829 475.85571
442.78506 477.53378
408.60193 755.11749
268.19769 750.69287
487.12665 477.71228
435.12805 863.93561
527.33038 562.33514
501.28589 538.41187
524.71655 532.69531
461.29321 593.56671
531.81812 918.45007
530.80261 881.86865
482.42538 881.25018
366.58673 800.00989
397.77515 657.74969
398.62378 836.12994
336.58023 654.26971
371.33255 684.18835
309.54068 697.30084
476.42508 917.38397
440.81140 605.90778
347.96564 830.28888
387.07230 866.03113
339.83554 761.52808
243.19406 719.17505
307.00653 775.58008
232.10031 748.75165
345.02148 712.81665
462.60394 568.48145
465.00580 652.78986
442.30826 654.39764
480.79929 635.88837
442.01831 458.72485
400.87213 445.82422
364.12128 443.46344
332.76413 448.75073
310.00439 459.67065
293.77856 496.95508
209.96130 571.30182
316.79291 526.98120
344.49225 532.77704
379.23514 531.71686
410.72882 525.69971
434.87662 518.41547
451.54251 511.31149
199.77252 574.93463
439.88239 658.82312
483.54004 578.04248
487.88391 657.48596
500.74597 670.61377
485.79474 661.38684
445.39740 665.31335
507.65555 673.57996
508.22717 677.80200
448.98389 492.20319
464.41830 498.78705
474.67941 504.51837
334.21567 487.16748
314.14886 477.73819
548.48383 565.53296
679.11829 491.05157
557.91986 671.84906
764.61224 392.32935
616.58618 510.51111
639.54138 511.34985
661.98480 510.40485
690.72327 500.43469
596.71497 506.51453
651.19897 454.71561
625.05328 456.22037
674.54919 458.39182
689.10986 466.16422
712.79492 514.28931
626.14032 889.94702
687.77185 487.82489
778.60315 506.74545
739.35602 500.77399
654.87836 617.99158
571.21027 736.46790
567.75916 748.53760
604.04791 735.90594
625.88721 735.60541
596.49811 744.57092
617.41895 742.15240
658.98138 772.76050
555.55579 660.87592
557.75635 632.33002
723.67126 448.46472
594.50891 555.37262
617.34833 639.33618
616.38190 622.92151
726.96582 607.74994
553.30011 596.43860
667.54065 427.72852
700.61499 434.05719
744.53180 345.78885
565.06464 449.66577
601.86725 464.09937
681.74042 740.47955
759.04504 763.44476
598.95508 657.07391
577.04352 667.08734
653.62598 736.91357
646.11292 739.37122
713.19928 417.85806
619.76373 647.59235
622.60095 431.34448
626.75452 410.86224
652.24036 282.47424
731.17450 376.26324
639.71887 336.96130
737.09943 436.34045
753.25433 413.34140
570.03442 743.33411
600.48425 740.58563
621.95190 738.95673
593.27576 661.25818
649.82324 738.14154
635.91309 755.91608
642.72156 740.70319
584.05780 655.47736
612.69403 744.46796
592.15753 747.29175
564.87646 751.62878
569.53149 846.85565
569.96265 816.63708
568.95190 804.87671
566.51587 794.26611
563.17816 786.55872
609.76489 766.77679
614.95087 768.63379
620.57318 772.80200
624.33185 778.44812
651.99860 708.70355
774.74414 628.29248
624.48822 756.03113
630.48083 755.31891
568.28522 677.71393
611.61243 661.42578
572.51862 672.60468
621.50494 567.66583
664.61841 581.35699
621.83325 632.52374
709.20306 307.82541
694.83240 349.88821
675.32922 407.50925
635.79797 801.79199
572.27026 417.84494
582.25110 333.69168
589.11743 270.52942
680.10095 507.05582
739.49396 529.59338
583.80151 501.98468
713.37738 474.99609
576.50439 540.14844
599.56415 635.20941
768.13550 550.64630
724.39807 544.52765
695.87787 553.10571
650.90356 551.82062
617.02924 544.01562
591.92474 534.58868
545.31549 507.42117
772.76172 602.34424
732.76282 471.94202
546.26813 674.66217
598.59930 581.88489
777.43811 504.92645
573.19257 523.14612
622.75708 631.69104
698.81396 489.37619
598.01367 615.03375
770.64587 694.51135
583.52887 494.13257
575.27588 603.65002
725.17023 818.85486
714.26526 856.37177
784.44263 618.59601
753.37915 783.99829
765.88007 455.50308
628.89606 921.03955
542.30719 679.36334
622.86487 598.34888
759.14612 504.78668
657.52014 495.34143
638.76270 496.82657
640.41516 757.48840
775.12415 658.28339
582.92499 962.90869
652.35077 921.51111
681.10370 893.64520
619.73657 496.37335
601.12274 494.98892
589.15381 494.94733
748.89575 465.82959
605.80255 480.23181
625.89850 475.29901
645.19019 474.56934
663.80042 477.45746
675.59381 481.86545
774.36255 441.77557
670.02832 493.15289
623.93616 698.86285
598.21649 654.75964
571.51141 699.65717
691.79590 857.36176
660.99982 889.22327
585.54010 942.48083
739.01611 817.22430
590.78613 488.24567
564.04871 550.47736
621.62158 945.79639
781.19238 679.50793
589.41248 777.54675
594.67548 782.47241
598.79987 790.34363
601.33734 800.45245
607.50549 827.90582
633.82898 740.39984
638.37262 737.94092
642.10791 735.60516
673.92505 721.42725
752.11182 668.99860
559.92383 522.42029
567.11804 479.06897
581.05164 480.78302
628.81671 742.59241
753.55511 738.12683
548.20197 480.48859
616.43097 857.00964
547.08258 537.53748
585.70190 591.23737
575.82501 877.68201
673.19971 790.12354
643.03894 651.84625
646.55347 827.15613
699.59216 646.53662
668.91394 677.04517
723.65118 687.66882
583.46936 913.23767
602.63281 602.56128
688.95264 818.61737
657.01917 855.69592
696.89929 751.30585
771.23511 706.81891
723.70117 763.45551
772.09796 735.56458
693.18091 704.00323
580.04572 566.38135
592.13452 649.89868
609.96661 650.45142
579.70618 633.66937
584.89014 461.00684
623.44116 447.66779
657.19373 444.77090
684.88654 448.70874
703.89911 458.59021
716.73700 495.36871
783.72375 561.95288
700.07483 523.48694
677.05273 529.54871
645.86981 530.31274
615.98822 526.31500
592.76569 520.19104
576.97491 513.46204
775.57764 566.07654
610.22186 654.64221
567.34021 576.39026
573.93781 655.34918
559.73114 669.01898
573.70294 659.29376
603.95117 661.19098
554.74078 672.28339
551.25842 676.52307
575.67047 495.49597
564.67029 501.46606
558.79926 506.08075
682.55719 485.25525
699.09485 476.04828
375.48468 481.98532
399.78085 480.54691
373.95929 460.87173
350.57147 483.41357
376.75644 503.08813
642.27405 484.77155
666.69635 483.85175
641.44312 464.36426
617.92841 485.51312
643.25391 505.04520
