518.28558 739.22668
514.66302 672.39758
513.81250 689.01282
493.87866 581.02576
514.75281 645.61072
514.42932 608.71741
513.53687 518.69324
337.90796 489.87271
513.07404 459.74109
513.17029 427.30249
513.10687 287.30319
518.05804 747.87335
517.63287 756.40936
517.34052 761.90100
516.86591 771.67432
516.80017 783.29034
516.44678 796.83484
515.98608 811.16968
516.70227 838.38452
514.37329 684.02563
488.39783 679.26685
250.93774 391.02087
406.85300 512.42511
382.43768 512.96289
358.16647 512.35699
326.71234 499.17325
427.29309 510.08511
369.39761 455.73090
398.67035 459.52203
343.21155 458.16888
326.57788 465.24945
304.44440 514.39099
420.50037 878.62982
328.58527 484.95462
235.54044 503.61383
278.01736 498.67099
383.97839 625.56226
479.78354 732.53827
481.57391 753.12805
443.77527 734.87476
419.03674 736.40753
451.56445 749.26733
428.41562 745.88062
385.06683 767.45679
493.77774 671.07178
491.47186 644.67792
294.11816 450.45966
440.58029 565.80786
433.22015 649.35468
432.05899 633.67688
306.24091 615.01709
492.48489 610.55670
354.09576 436.38312
318.19366 438.76080
277.48132 350.04340
464.60074 464.34579
423.51294 469.27313
362.07019 736.44714
255.03625 744.43347
450.27069 665.60413
470.53290 674.43896
385.61755 736.46899
392.29401 738.67426
307.72174 423.11139
429.95514 656.26807
402.63547 443.86664
399.10721 424.28442
376.40054 297.83298
296.55508 382.98959
393.02203 353.42365
282.33215 437.85495
268.64673 414.64624
480.01593 743.78424
447.53876 742.36353
423.52985 741.11804
455.20197 669.18555
389.09137 737.56348
404.83521 751.52106
395.77945 739.86041
464.78720 665.07593
432.64346 749.53015
455.66827 754.12463
484.02222 758.83600
477.93643 835.87378
477.12314 807.30151
478.69589 792.87903
481.25574 779.40118
484.10733 768.71063
433.14743 755.44312
428.16092 759.58472
422.40298 765.98480
417.97061 773.66364
394.47284 708.61597
229.17752 611.96045
514.03918 687.22516
416.32956 748.58350
410.56628 749.59088
479.00586 684.05933
435.99774 668.33545
474.92453 679.46832
413.68140 576.80017
370.13550 590.02686
426.08371 641.75262
317.70160 318.23471
336.62228 361.45120
347.73560 416.90070
409.47717 795.77014
457.96686 434.23914
449.53564 351.96075
439.05823 288.46378
337.91962 507.44330
276.79135 530.46777
440.51532 506.73859
303.02197 473.64319
458.43860 552.31464
450.25873 646.41504
253.79979 551.98328
291.68069 547.83289
322.27911 559.08105
371.34729 558.00281
407.90070 550.14215
434.00507 541.87390
490.72711 524.07788
252.24347 603.22571
284.70947 471.05817
501.32602 682.69659
440.77661 592.41797
226.67578 495.44122
453.86035 532.08557
422.28262 640.13733
317.29309 486.57007
449.36005 627.04260
238.35651 676.72046
440.37524 498.24664
470.94629 616.75006
309.91248 809.56183
314.46997 841.29602
231.52719 610.95715
275.29858 773.57312
251.10919 454.71887
419.04224 906.30469
503.45401 686.00031
416.58456 607.19421
259.36343 501.39874
361.99463 496.06741
382.91885 497.58948
400.05304 754.28595
252.31595 656.06659
467.05563 942.21875
391.25430 904.40735
356.71634 878.50336
513.45483 353.29977
517.73773 947.28949
403.20926 497.46982
422.47253 497.24670
434.83258 498.24423
270.51480 464.05634
419.04956 481.00861
397.45038 473.21948
375.44312 471.27975
354.20593 473.93695
341.14008 478.59320
235.17902 436.95062
347.73962 493.17261
514.36047 704.21539
423.98676 700.90198
451.14783 663.87598
476.08603 702.29944
513.20074 486.68164
348.70648 846.27588
382.87451 876.51263
464.27777 926.06714
281.84174 799.71179
433.57574 491.47153
475.05826 564.98682
517.23383 931.12964
426.61578 926.97394
237.60129 669.03833
456.21368 762.62012
451.38434 770.47717
447.12088 780.96100
444.26251 793.92242
439.59219 819.89233
409.43552 742.26428
404.49161 739.37091
400.48822 736.59637
371.12201 719.28455
281.33292 670.90283
475.17365 536.80829
460.70416 488.04102
444.17126 486.88275
414.85184 745.15833
280.07910 733.77435
482.64691 492.64545
428.94000 848.07642
514.13281 578.06860
492.24225 554.10626
513.86139 549.63904
456.60242 603.07825
517.18829 904.63879
516.96283 869.65253
471.40610 866.57629
369.64337 784.35950
400.04517 658.08435
397.24066 820.20068
338.66119 652.59113
373.25092 680.53894
314.86758 689.96313
465.39423 900.24902
440.29190 613.23706
353.32812 811.67981
387.01877 846.81891
345.25348 747.45959
258.01486 701.51379
315.54709 759.72034
250.50275 723.75171
349.09744 704.32660
458.63193 578.63367
457.55688 660.24762
440.53705 659.76434
469.71515 645.74249
441.82605 470.50058
400.63095 455.14941
363.23267 449.58502
332.75980 451.20041
312.27051 459.10870
300.14365 492.67322
230.31308 556.60962
317.18555 524.79956
342.65442 533.13208
376.57190 533.93774
408.27155 530.10278
432.28308 525.35077
448.97031 520.28491
226.17188 552.39539
439.54715 663.12054
474.77634 590.27246
475.62463 665.86926
487.50543 677.13477
474.66739 668.57239
444.61554 668.80615
492.98569 680.47687
494.78671 683.56824
448.89505 501.24301
462.44366 509.77881
469.67184 516.50958
333.88187 482.21191
316.51761 474.19971
534.47791 581.02765
682.25458 493.30359
539.18439 679.00543
763.25079 395.65128
616.05316 512.97162
639.23584 514.14612
662.25537 514.28882
693.49762 502.45340
596.00122 510.07477
651.92059 455.62683
623.91351 458.03305
676.94904 459.38202
692.91913 467.59784
714.63507 517.68024
610.57562 878.12439
692.06946 488.59192
780.27844 506.29807
741.01752 502.22534
643.08160 626.11127
556.39484 732.11511
552.97333 752.81183
590.66425 733.98468
613.19318 735.61877
581.79962 748.76453
603.59741 745.44543
643.03143 766.16577
535.31885 671.02106
537.90234 644.63263
721.74396 454.16956
586.00684 566.26666
593.91187 649.69489
594.90924 634.09747
718.95062 615.94318
536.24060 610.48950
663.05518 434.43521
697.57062 440.39960
740.07605 354.45953
559.06042 457.14490
600.04816 467.38144
665.06885 735.16510
757.73688 745.52454
576.60266 665.69769
556.61420 674.49994
644.76196 736.84351
638.23364 739.00903
708.37262 425.43948
596.36414 656.54480
617.35223 438.29251
620.57257 419.44513
648.39490 300.19418
724.62640 385.88696
633.23425 354.70547
734.16724 442.03003
749.97211 418.17453
555.35645 743.42834
586.46179 741.73328
608.81091 740.40662
571.47766 669.23621
641.39862 737.92181
625.64075 751.46997
634.71655 740.17761
562.94934 665.04285
598.90558 749.23242
576.99475 753.74365
549.96979 758.58551
554.81116 835.61584
554.12830 806.93933
553.25726 792.38928
551.41742 778.90259
548.88312 768.28809
597.80048 754.84454
602.83844 759.03442
608.41943 765.43756
612.49042 773.12354
633.10724 708.08484
780.79736 614.31451
614.21887 748.48462
620.03503 749.54163
548.56976 684.17310
590.19897 668.52545
552.36755 679.62091
612.64972 577.43005
656.55524 590.81873
600.40332 642.18494
703.87939 321.77551
687.05792 363.69678
669.50726 415.92661
620.21185 794.74615
565.25519 426.45331
577.59521 352.56650
587.05396 289.70160
681.98987 510.29214
741.46179 533.08594
582.90143 506.54358
715.31152 477.44409
568.48132 552.58319
577.80273 646.69171
766.16010 553.90552
726.23901 550.48450
696.06122 560.95001
649.52582 559.19958
614.92438 550.95551
589.82440 542.30859
536.43976 524.12500
768.40674 604.84900
733.32117 475.14734
527.45062 682.56256
586.04376 592.87335
784.02576 498.78659
570.57465 532.01337
603.62183 640.60608
702.74030 490.19202
578.31531 627.39990
772.57764 678.46259
583.28583 498.12943
557.49353 616.82086
712.82129 809.38690
705.40613 840.90247
783.97070 612.75537
743.94678 773.84253
765.69019 457.97461
611.91052 905.89246
524.52441 685.90137
609.88824 607.79468
760.74060 504.45282
658.30286 498.32001
638.72546 499.01913
630.29529 754.27380
768.06641 657.33453
566.80890 941.66785
636.98236 903.56812
668.06006 877.72729
619.51489 498.12787
600.72620 497.39404
588.52698 498.34656
748.90405 467.98264
606.15613 482.00610
627.09082 474.88467
647.78638 473.43610
667.73926 476.51968
679.98187 481.72565
776.83386 441.02209
672.07410 496.10269
604.04865 700.67371
575.94067 664.03815
552.95007 702.34534
676.85455 845.87207
645.21515 876.18750
568.86737 925.69971
734.08270 799.94348
590.62140 491.99503
552.72766 565.10992
604.80615 926.13916
777.66949 670.43860
575.69360 761.90369
580.38373 769.72394
584.31622 780.21643
586.88153 793.19543
591.72998 818.99243
621.87598 742.13904
626.67456 739.13544
630.62183 736.31909
656.16394 718.39960
742.17236 671.67761
551.77362 537.09918
563.95807 485.42435
579.69702 485.39346
616.28101 745.23389
741.99316 734.03766
542.43964 489.38879
602.06470 847.39978
535.59882 554.07227
570.94055 603.50287
561.44531 866.24707
657.41406 783.49048
626.00043 658.39001
631.68408 819.34985
688.16748 653.08795
653.76624 680.69775
711.00287 690.33832
567.63684 899.99817
586.46283 613.67816
673.31970 811.03265
641.77051 846.26172
680.97571 746.72589
761.94983 702.31079
709.18140 759.31873
765.71118 724.66461
677.79700 704.12457
568.58051 579.00287
570.40686 660.30597
586.61780 660.03632
558.88531 645.76868
581.45343 466.76208
620.64130 452.43726
656.05042 448.90247
685.16943 452.68042
705.13605 462.05707
719.00958 496.68085
785.17065 558.83875
701.77338 527.73438
676.97717 535.13782
644.74524 535.14844
614.62860 530.67731
591.51257 525.42645
575.47272 519.91614
783.76733 555.10541
586.94812 663.24493
553.25977 590.38928
552.84473 665.68384
540.59021 676.95618
553.36847 668.50494
581.84448 668.82404
535.53040 680.24152
532.91302 683.30231
574.81873 500.55438
562.48041 508.56628
555.15729 515.43768
686.99561 485.72015
702.82275 477.42285
375.16528 482.25616
402.90753 482.57727
375.57330 459.80438
347.48358 481.96854
374.69647 504.76111
649.10297 485.45099
676.05432 484.88812
647.50745 463.45340
621.96484 485.98242
650.61566 507.67471
