504.36539 740.34326
503.38367 652.95996
505.56152 672.72198
483.76562 566.00812
502.86249 627.74194
503.11267 592.42865
504.70496 505.70154
348.99957 490.32861
504.11633 457.62561
503.33749 427.66641
502.43021 290.32831
504.73407 746.21130
505.37247 751.75928
506.19016 755.46600
506.20511 754.87817
506.18414 762.90930
506.31284 772.47968
506.93497 782.60394
509.85687 812.94598
504.20233 664.27386
481.17715 661.54358
251.13751 399.19934
414.30145 504.24274
391.91858 507.30563
368.74634 509.63455
337.19586 500.35028
433.19470 500.50104
374.73474 457.04361
401.19946 456.34155
351.22235 462.34265
336.21320 470.41345
314.99695 516.96167
422.08105 860.92529
338.88092 487.15839
241.20135 507.16003
284.74164 502.42499
393.69415 623.82404
478.13800 736.29608
482.56097 750.43768
455.79382 740.05585
441.10034 744.79132
463.84888 749.97437
449.25467 750.54779
410.65894 780.86945
483.24924 652.01013
479.70465 627.85986
301.47815 458.24875
438.76797 558.11023
432.20789 640.53687
431.77438 626.36121
325.33710 621.30139
481.53955 595.06921
358.97217 438.67316
325.16547 445.52777
271.50818 358.25647
464.42847 451.57849
424.61432 461.72391
392.22821 762.39099
265.68484 744.98853
449.77603 654.36890
467.85812 661.39575
423.08710 753.19586
427.77390 753.06775
311.74799 430.27106
432.22415 650.48523
405.18558 438.47058
399.90518 419.79395
363.66351 304.38742
289.04913 391.12061
380.04898 359.33832
286.32623 444.79083
266.69937 422.30511
479.81903 744.23798
459.70969 745.45941
444.90829 747.78845
455.39551 658.36798
425.44574 753.16479
434.48547 757.38220
430.44669 752.97998
459.39313 648.31281
452.89905 752.65149
467.51334 753.07166
485.41705 754.39380
482.78937 812.29327
481.58713 781.51135
481.99316 771.20428
483.41599 761.67139
485.68491 753.99402
453.30286 752.75720
449.28802 756.72583
445.11810 761.86340
441.96881 767.67938
415.69781 719.21179
241.88504 616.41974
504.82452 668.27942
442.44708 752.81018
438.48914 754.95148
475.85516 671.18976
441.53986 664.80743
471.83560 666.37329
415.78192 573.11926
378.57513 591.24701
428.69415 636.72192
306.89017 325.74353
325.17090 369.29257
349.87598 419.88696
429.75760 792.90558
456.55963 422.27414
437.26486 355.71216
426.75824 293.51953
349.13989 507.01117
286.87817 534.63977
444.90976 496.40948
311.83417 479.34360
454.19370 542.01392
444.99493 633.32062
262.05621 556.51428
305.48962 551.92914
336.79980 561.72192
382.50656 556.72791
415.40036 545.50067
438.72049 535.38696
482.48816 511.47153
268.67734 610.82178
291.25214 476.71097
491.57321 663.27417
440.58224 584.72217
236.53802 502.79703
456.93066 524.71863
428.10550 637.24841
327.27313 489.48666
445.09180 615.98541
249.78662 679.21881
442.77426 487.95868
462.37436 602.95844
313.03497 807.77869
313.45871 837.01251
245.16309 614.99701
286.19553 772.45667
253.50772 459.60773
412.71432 890.41357
494.63477 667.25372
420.86942 603.41736
262.28806 505.48291
373.17108 492.64502
392.55060 491.88977
431.06274 760.19495
274.27905 662.13574
458.40570 928.04553
381.37399 895.04059
348.63843 871.52570
502.74039 355.17258
512.46887 932.38000
410.50726 489.78198
427.87469 487.82983
438.55103 487.90918
272.94162 469.06329
421.36691 474.01886
400.61810 469.83051
380.67633 471.00705
361.93823 475.92896
350.43073 481.31998
240.62604 444.43567
359.43134 491.90131
506.17557 693.26678
435.62427 703.75580
449.30481 650.79089
475.89706 694.68860
504.90024 479.32465
344.02484 841.04028
376.35577 866.78680
457.51126 906.30719
287.95575 797.67786
435.73877 482.32135
467.87848 551.78503
511.15817 910.21924
416.96899 914.69043
252.91953 671.50684
467.90424 752.97955
464.03070 759.25854
461.08432 766.98645
459.33231 776.25262
453.70477 804.16199
437.99673 751.62305
433.83636 750.45020
430.53717 748.99860
400.30869 739.86853
307.47858 675.92731
468.66666 524.79272
461.59390 476.44781
445.63528 476.52771
442.45129 752.72430
301.03079 736.56421
481.66394 481.07446
437.53220 832.00110
503.69028 562.25256
482.71548 539.45374
504.20761 534.14777
452.86301 592.36591
510.44946 879.42157
510.11621 843.75037
473.82507 842.45929
381.26849 792.17285
409.40567 657.73590
406.99033 815.62988
357.95917 654.10583
389.51169 684.03827
338.15601 695.55096
463.48514 876.49817
440.39417 605.69995
356.02863 811.57562
388.21231 838.56665
362.83640 763.85394
279.48547 705.34851
330.06476 765.58282
264.11441 723.84662
372.40283 719.09100
454.61853 567.60577
452.08813 644.50592
439.18759 648.99066
460.60889 629.74469
443.15601 460.26498
403.64920 451.44562
369.20129 451.60779
340.80048 456.69879
321.77295 465.79776
308.62433 496.56525
239.74551 560.18054
329.40918 526.61420
354.16486 532.92450
386.45099 530.31744
415.57129 523.23370
437.38785 516.75073
452.67151 511.09329
238.53500 559.05695
440.30737 654.83667
467.07758 576.78168
466.89758 647.35889
479.30374 658.29303
467.65424 650.34204
447.56223 661.60474
483.92834 661.22137
486.70740 665.30603
451.61005 490.53906
464.41397 499.44501
471.06851 507.62354
343.73990 484.97247
326.49512 478.94244
524.37079 565.44647
682.75385 487.52679
529.10614 660.95453
780.69806 391.64313
608.56281 503.36243
632.94324 506.92627
657.87231 508.90576
693.07300 496.04120
588.44000 498.37451
653.82166 448.92209
624.15625 449.13037
679.54468 454.12363
695.58813 462.60223
714.57275 512.34320
601.83307 861.05573
694.36169 481.46283
793.74207 501.52823
745.92938 495.25269
624.49023 621.42139
531.80090 735.09387
530.01196 749.62018
558.59589 738.03949
577.33093 742.43982
552.08667 748.46460
570.03876 748.63538
611.19861 779.49921
523.98724 651.73065
526.60187 627.38055
729.14453 450.77805
576.88989 556.14703
580.82770 639.28125
582.07007 624.82202
697.29639 617.75562
525.31323 594.45868
667.80878 431.42883
704.51538 437.87439
753.51361 350.56030
553.75568 450.55902
597.98846 456.50623
629.34344 760.67542
778.43628 742.66187
563.02606 653.47180
544.47028 660.79498
602.42822 751.14404
597.55493 751.03241
717.75708 422.05176
581.84271 649.21082
617.98828 433.69049
622.78674 414.96759
646.73431 299.14017
731.64038 383.70374
629.00183 354.02536
743.96936 437.00403
759.80835 415.47382
531.23175 743.20679
555.29639 743.72974
573.70404 745.61133
557.44012 657.55554
599.91711 751.12512
588.53253 755.47607
594.69714 750.97479
551.16791 647.52521
567.06921 750.80823
549.22504 751.67505
528.75702 753.66071
537.97913 812.12726
533.54742 780.85883
531.83893 770.52545
530.17645 760.92737
528.36987 753.28387
566.67816 751.02002
570.62549 755.00256
574.87018 760.24548
578.56458 766.11285
602.35400 717.64581
801.94641 612.15997
580.47040 750.95190
584.26758 753.04492
536.35516 670.78424
573.05273 663.77734
540.32373 665.89459
601.06085 570.80835
640.15802 588.45392
586.22510 635.25610
710.75336 318.59070
689.63959 362.19022
676.44287 412.41699
591.94910 791.93683
561.92310 420.49164
569.08246 352.95291
579.82648 290.62152
679.69891 505.15646
743.27539 529.45532
575.99048 494.04108
719.04590 471.85553
560.26593 540.32062
565.75092 632.22601
767.19769 551.81274
723.63257 549.23639
689.12427 560.63177
639.77246 556.26727
604.89246 544.81659
580.63348 534.78552
528.11798 510.64685
760.88013 606.73993
739.59833 469.02090
517.12921 663.08746
574.59625 582.94012
804.40979 496.40271
561.68164 524.48584
587.94293 635.69318
704.46729 482.99811
566.54376 614.62665
794.72546 675.95612
578.42114 485.19513
546.51270 601.95831
719.98718 807.06250
724.53040 836.31390
792.28986 610.85425
749.88391 770.91809
777.50745 453.24536
612.58435 890.96704
515.15070 667.01013
595.65576 601.42792
768.14966 497.12366
655.01221 493.20203
633.26263 492.16174
592.56335 758.27332
756.99353 658.67175
567.61444 928.41199
649.44269 894.97156
685.67627 871.38562
613.14764 488.70355
594.16870 485.48053
582.67694 485.34296
757.56885 460.33167
602.89722 468.40042
625.79480 462.27948
648.54236 462.81537
669.66833 467.85858
682.05585 473.98187
796.09973 437.22821
670.75983 491.12909
580.65948 702.54413
562.91449 649.92395
537.71533 694.29852
686.24432 841.14374
651.29431 867.17206
566.06586 906.74475
753.69495 795.94714
586.38556 478.75824
543.40179 550.66479
611.06097 914.93005
785.26434 668.35742
548.85706 751.64697
552.40692 757.88550
555.47473 765.70111
558.21631 775.01941
567.58398 803.43030
584.90234 749.52100
588.61475 748.17029
591.82098 746.59918
619.48175 738.14227
719.54834 672.69135
543.74249 523.62451
558.10168 474.63004
575.30164 473.32733
580.80212 750.76788
729.87085 734.15295
535.09290 481.32211
585.29004 831.73749
526.60895 538.74902
559.60034 591.14264
547.60889 842.42749
642.65338 791.28711
608.04944 655.77625
616.59607 815.05615
662.96460 651.31512
629.88184 681.95746
685.79480 692.96350
558.70905 876.77887
574.19049 604.03558
671.02301 811.06683
637.22546 838.49213
660.84912 762.52618
753.56812 702.48242
697.65198 763.98962
774.35950 721.52557
649.06372 717.06934
558.58661 566.18433
558.30908 643.59576
573.42120 647.96252
547.58807 628.91437
577.62659 457.35638
620.48053 445.77045
658.31885 444.40060
688.94586 449.05743
709.12830 458.14407
721.67627 489.45401
796.63318 555.21826
698.97516 523.70325
671.66028 531.39197
637.08868 529.32257
606.09723 522.01587
583.37952 515.07861
567.56042 509.53754
804.28552 553.62646
572.94409 653.76038
542.80334 575.74835
541.54279 646.80286
530.24109 658.00378
541.96490 649.87659
566.10944 660.60895
525.16949 660.89594
523.28833 664.86395
569.05194 488.18365
554.97577 498.17896
546.68817 507.60999
689.21869 478.44952
705.23584 471.57892
384.51068 481.36597
409.73535 480.21127
383.66882 460.62967
359.35907 482.49881
385.14719 502.08713
645.36163 472.34637
671.99756 473.17862
645.87817 450.00345
618.76263 471.37372
645.16278 494.69891
