520.31036 754.01440
522.80231 667.26428
520.87646 688.07916
498.59229 571.19238
522.76892 639.26520
522.09760 600.40149
519.71667 505.33673
338.98242 496.16235
518.57349 445.91986
518.21906 412.21530
516.11572 277.32068
520.25287 760.56274
519.94550 766.08716
519.63953 769.36035
519.43378 769.60236
519.71155 777.69739
519.75739 787.23914
519.60229 797.89990
519.10339 827.79675
522.42725 679.82819
493.27222 676.85925
222.11301 393.66257
410.18930 514.58240
385.00888 517.60132
359.99176 517.94910
326.11865 505.86792
431.64920 508.83310
368.07806 451.60468
397.22824 452.43207
341.90491 457.51755
325.11786 467.45337
300.56433 522.19275
421.00391 879.64282
328.37283 490.85278
207.34335 507.82059
264.69580 505.55386
387.27765 630.47552
489.92874 749.93091
491.85358 764.89941
461.08231 754.93628
439.57462 759.42102
467.16245 764.78430
446.44391 765.10468
400.30725 790.36871
499.50659 666.39233
496.17511 639.15393
282.43988 449.94321
441.20483 562.11499
434.45691 651.53589
433.34930 635.46411
307.33755 625.58936
497.53732 603.05225
349.05386 423.95435
310.34659 433.09650
250.65561 348.83548
467.45169 445.25562
422.89627 461.02386
378.23071 770.18756
233.79501 759.55505
453.73666 667.42847
474.92117 675.20441
408.51956 764.97064
414.23218 765.45935
292.86340 416.29095
432.68805 661.07849
401.24655 426.60406
395.68674 405.99579
361.80927 290.39099
273.20209 381.21677
380.24133 344.71960
262.79834 436.96918
243.68332 416.25775
490.48529 758.62152
464.04578 760.29242
442.90372 762.35010
459.47781 671.37921
411.40195 765.21387
425.45471 770.20245
417.51733 765.75037
468.29913 662.76880
449.44919 767.22156
469.93079 767.69629
493.43991 768.55206
486.75989 827.24719
489.85577 796.71478
490.49472 785.77710
491.62122 776.44312
493.47638 768.83545
449.35645 767.26221
445.59674 770.46686
441.72293 775.28815
438.67734 781.32074
407.84189 729.49371
202.37912 624.30255
521.75745 684.00690
433.93680 766.68219
429.80621 768.14319
484.55716 685.48639
441.70282 675.56067
479.79169 680.49585
413.96918 577.51080
370.72021 595.33087
428.46530 645.88904
294.82812 313.22516
316.65579 356.33762
338.27954 403.56726
423.67010 804.78528
458.49728 412.58813
444.67429 342.07535
432.82043 279.53986
338.77313 514.19165
270.15253 539.77100
445.58014 503.20135
296.26764 477.94272
459.71658 545.09888
451.97012 644.96210
235.18036 558.92737
292.43628 558.37000
329.22464 568.18146
379.91705 563.42877
416.27393 552.13293
443.01312 540.30591
494.46460 511.51178
240.68671 615.35980
271.48779 474.57745
507.44971 678.73389
442.93680 590.54095
197.29398 503.32812
463.36545 527.53033
426.41772 645.89600
315.06573 492.45468
451.30939 625.23535
212.55643 690.83118
443.96448 494.42963
473.93936 611.36273
295.67529 823.10095
296.24280 854.85449
209.86032 621.83051
261.93039 786.78735
224.27097 457.03635
411.88409 910.90930
509.73071 682.91589
419.06818 609.72321
238.08478 508.78680
364.10797 502.01205
385.06940 502.52158
421.74286 773.06702
245.42999 669.88275
461.71759 950.17395
376.14032 916.17108
338.72375 891.12683
516.95386 342.75299
520.25031 953.69763
405.56207 500.15784
425.27628 496.69861
438.14703 495.53583
248.07297 467.35248
418.39377 477.60663
395.71310 471.63309
374.51068 471.88501
354.11365 476.81189
341.60107 482.94104
205.16766 441.78406
349.64563 499.42630
520.37787 708.22931
433.15802 715.24921
454.17926 664.36230
483.23553 708.81732
518.93616 474.03918
333.44980 858.38580
371.09857 885.69421
461.88486 926.92297
263.34851 814.05780
435.70874 487.61450
477.78574 555.67175
520.38586 929.90320
415.78806 936.83142
219.02133 681.82092
469.90048 767.87048
466.26376 773.61218
463.86966 781.07806
462.31494 790.70935
452.04224 817.91870
429.26123 765.27167
425.34329 763.88342
422.29004 762.39307
387.85703 748.61926
283.35013 683.65472
477.60623 526.40460
463.68942 477.98260
446.34088 479.68591
433.94342 766.71271
277.10895 747.87018
488.38046 479.98486
436.22510 848.27441
521.32001 567.35461
496.14618 542.34912
520.50598 536.84241
459.45740 599.22009
520.00208 897.62958
519.41486 860.25934
478.09842 859.65521
371.19168 803.96600
404.15051 666.64258
401.44342 829.85010
344.02899 661.19739
379.70490 693.15680
319.12134 704.09790
467.89203 895.70886
442.89618 613.06873
345.40094 825.98401
382.92004 855.03784
348.38135 773.45502
251.56262 715.78790
312.09393 776.98376
233.79541 736.86414
357.83432 727.50623
460.96033 572.62939
460.26743 658.25812
442.56824 661.52307
472.49963 641.58435
443.04376 458.16129
399.67673 444.07281
361.93515 442.43472
330.36066 448.90002
308.15155 460.47653
292.97260 498.83432
204.58249 563.85632
317.83459 532.98151
345.78461 539.94543
381.19070 538.70630
413.53143 531.85638
438.40881 523.60736
455.51535 516.00543
198.67313 563.00781
442.50061 666.77618
478.22577 582.73169
479.25839 661.79987
492.14740 673.78992
478.69629 665.32776
449.57660 673.45160
498.19205 676.71704
500.06232 680.87134
453.56909 495.91626
468.25745 502.78033
477.98651 508.67990
334.24377 487.41284
314.02972 478.43115
543.43921 570.60504
685.66650 490.32349
549.64313 676.18329
800.50098 389.09982
620.36597 508.57587
643.96838 510.39105
667.78351 511.14349
698.84326 501.30493
600.12402 504.19687
658.27515 448.86108
630.29620 449.83643
683.55969 454.11871
699.27808 463.64667
725.13257 518.44910
617.09906 877.31232
695.43701 486.61319
817.18640 503.75601
757.31494 503.60889
648.25024 628.06427
550.23413 748.94818
547.31390 764.10492
577.93134 752.73206
597.54626 756.71027
570.87744 763.12158
590.08295 762.74194
634.33447 788.35242
545.66504 665.99713
548.55603 638.58405
736.90112 450.18018
594.85907 560.18329
605.57355 649.50531
605.84088 633.25787
725.24622 622.14154
546.18384 602.43256
675.04730 425.38147
710.56702 433.54510
773.59070 344.90445
567.91541 446.77231
605.77661 458.22034
655.87219 767.89349
795.04358 754.20825
586.50269 665.99054
566.19678 674.39844
625.71771 761.67151
620.05511 762.19983
725.25751 417.99435
606.49841 659.17072
627.96173 428.33670
632.92517 408.22855
668.20819 288.49377
754.03412 375.82635
651.65686 341.66876
754.51691 438.39276
781.98407 410.76562
549.20001 757.74548
574.47821 758.48395
594.01361 759.81079
580.52368 670.06128
622.81134 761.94305
609.23175 767.20660
616.71667 762.56750
574.14490 661.72040
586.56940 764.85938
567.39655 766.06940
545.17908 767.74402
550.79633 826.66632
548.65521 795.73895
547.92041 784.81250
546.74280 775.51031
544.70349 767.99219
586.25952 764.89655
590.28204 768.05737
594.12140 772.72815
597.22119 778.69489
628.56177 727.67230
821.00818 620.29456
600.66724 763.89832
604.96332 765.26959
556.76752 684.99194
597.10077 674.03918
561.47394 679.91278
621.06061 575.26611
663.56616 592.79761
610.10663 643.80194
732.46149 310.13367
712.63977 351.83734
684.23566 405.60632
611.83545 803.07935
576.50269 415.15039
588.60284 340.70468
598.79266 278.71869
687.28546 508.25549
755.50433 536.56799
586.51520 499.41943
726.09705 475.55273
577.23389 543.44983
589.79358 643.39514
792.90387 554.81927
735.98108 553.85443
701.95026 562.89655
652.44458 558.19153
617.09906 547.43127
591.65546 536.58459
544.28308 510.85223
788.72229 611.13110
749.39185 473.63049
536.98425 678.53210
593.98267 588.59595
824.33722 499.34882
572.30170 524.18054
611.28497 643.82281
708.67432 488.85223
589.50360 623.44281
813.52820 686.06018
586.73114 490.47247
568.35718 610.18359
738.25464 818.56598
737.85883 849.46973
817.16754 617.37189
770.07782 781.80054
800.66235 452.29486
626.80750 908.40747
533.72095 682.66205
617.00427 607.61987
781.69501 508.12778
662.69220 494.03448
643.41290 494.56183
613.03308 770.00830
785.02063 665.28424
578.37158 948.62775
661.82764 912.20618
698.03729 886.47418
624.39032 493.34778
605.60535 491.52841
592.85803 491.46783
770.46124 467.57697
609.64630 473.77155
630.71362 467.67175
651.47815 467.77161
671.05804 472.43491
682.92859 478.46072
816.65063 437.33408
675.74744 492.32666
604.98352 713.83264
586.55249 662.95605
556.99585 708.33081
702.20496 854.58643
666.00171 882.41364
578.22754 925.59534
768.28406 808.36005
594.05402 483.73868
561.61401 554.51770
623.25476 933.88934
809.49237 677.10553
567.08783 766.22211
570.87714 771.80072
573.29053 779.15247
575.17670 788.73328
584.32220 816.63983
605.83649 762.34528
609.80927 760.85297
613.07324 759.29700
647.05469 746.42975
748.71851 679.49207
560.28094 525.35181
569.53906 475.84369
584.25073 476.31702
601.00739 763.88104
755.10571 743.10327
548.20831 478.51160
600.79822 846.34290
544.34784 541.71106
579.75037 597.77179
560.09564 858.67865
663.53857 801.40851
632.46478 664.35583
634.45575 827.40942
690.21033 658.11487
655.79797 690.71387
714.34326 700.57526
571.44574 894.53894
595.13824 611.03705
689.87946 822.59106
653.72559 852.07019
685.64746 770.63031
779.64325 710.94342
721.43616 772.92267
796.42554 731.92456
676.69031 724.88440
577.15710 571.10785
582.15222 656.91888
597.84204 659.81116
570.97296 640.54266
588.19989 456.71606
628.34009 443.22391
664.15063 441.00177
693.96997 446.53601
714.62048 457.97266
730.05444 496.44330
820.71063 559.69861
709.60138 528.22107
683.71753 534.26776
649.59039 532.77838
618.30597 526.72522
594.73474 519.66754
578.38995 512.60468
823.11340 559.19830
597.15723 665.05786
562.63129 581.58307
564.66492 661.00946
551.36475 673.24738
564.62573 664.60364
589.87457 671.88647
545.83514 676.35291
542.97595 680.36066
578.06696 492.36975
565.74365 499.88193
557.95081 505.86993
689.88831 482.97278
709.66107 474.85483
385.43268 485.83405
410.75241 484.51654
383.85397 464.20905
359.42636 487.05142
386.82950 507.54071
644.22736 480.34332
670.22083 480.86890
644.99982 459.80359
618.69226 479.48624
643.70337 501.01477
