506.91064 752.20288
484.58652 646.43420
491.87250 672.25580
471.14069 556.28809
484.29175 617.92218
487.18414 581.60620
497.00906 496.16913
343.65662 492.35040
499.89337 436.27670
499.89960 402.52393
504.54376 278.06738
506.97781 756.86249
507.37775 760.10791
508.19089 762.14893
506.95731 785.19580
506.51093 794.07343
506.01730 805.06958
506.07291 816.96411
499.73517 847.88232
486.79395 660.79016
465.96396 659.14648
286.56876 407.53073
407.60013 509.51413
385.09717 512.19971
363.79144 512.48474
336.07602 501.45160
426.86996 504.10901
370.83856 444.15936
397.89056 446.14191
346.88989 449.29761
332.29984 459.62811
319.59753 516.55316
411.39270 882.48193
335.69000 486.90851
269.80188 516.16016
298.19803 499.97171
379.11090 619.49597
474.42493 747.15625
476.91058 756.81921
446.83417 748.39124
426.65265 749.06116
452.81369 754.86566
434.05054 753.70215
385.79584 780.13104
464.34583 645.36713
461.33768 617.95343
304.35248 441.25433
432.37012 554.69336
414.11615 634.00104
414.54865 619.44446
312.84692 615.23828
465.77762 584.48743
350.92944 415.52820
321.92929 423.88348
302.33728 360.24591
449.61536 433.13202
421.53799 455.76447
366.53488 749.24756
296.23663 763.62018
431.97754 650.00745
451.63626 659.00330
399.35095 750.52362
405.29858 752.28589
312.79413 409.52701
413.90234 644.68164
392.13672 416.62085
387.57928 397.57809
379.20599 295.40131
308.24350 381.26248
387.29211 340.83447
294.96951 430.58981
290.77393 419.53598
475.01392 752.97461
449.45300 751.80634
429.93814 751.36975
437.72305 654.72498
402.38849 751.40198
413.66479 765.25885
408.20258 753.24744
441.60675 643.55676
438.23767 755.64679
456.62567 757.12689
479.71457 759.44128
463.57278 845.00659
471.74683 813.47729
472.72531 801.30573
475.26685 790.64667
478.59122 782.32935
437.41882 770.05420
432.25281 773.08716
426.65820 778.42639
422.45474 785.14691
390.59271 710.26843
278.78821 634.80426
489.11929 666.91095
424.40952 763.05103
418.83170 763.61188
459.27606 669.51978
423.12921 659.68756
455.56097 664.46259
407.16162 569.06750
367.77408 585.40973
411.24457 630.70105
331.09818 321.86102
338.60834 353.78992
344.13159 397.36902
405.36224 805.52893
440.93042 401.67883
439.92953 337.35199
434.99564 282.26587
346.16211 509.16809
297.96527 533.42938
439.46423 498.17407
314.24719 470.70319
448.64496 537.96313
427.01822 625.68707
273.83066 558.31433
309.57025 550.42767
335.75104 559.10724
378.46552 554.40521
410.52219 543.86316
434.02957 532.63330
475.81714 502.93143
271.01523 610.21368
299.94812 467.93600
474.34286 659.45013
429.72928 580.14203
276.01837 518.63660
451.11356 519.67920
411.32288 631.90332
326.97705 488.01550
428.64398 607.87390
283.92322 697.77460
439.98166 489.48535
446.89798 593.56128
325.68561 818.13818
336.93674 851.64661
263.70795 624.54358
299.67535 784.66797
280.80536 464.45581
409.71375 909.54724
479.06329 665.71033
408.09171 598.74945
284.49704 503.48019
364.80548 497.69604
383.70959 497.96838
409.41293 767.78650
273.27646 664.10974
453.16257 946.64526
391.33508 909.77539
366.52640 885.42706
501.92123 337.33118
502.21884 953.72217
402.94318 495.90988
421.42944 492.80835
433.83252 491.27493
288.88840 462.64728
418.53033 473.88968
398.26166 467.53775
377.80756 466.62296
358.13440 471.07629
346.41431 477.71332
278.65826 457.51965
352.25323 495.46503
493.75510 693.47021
413.71524 697.56219
431.40222 646.21259
458.04141 693.03839
499.88214 466.10114
354.91818 853.21783
381.77618 881.21570
448.86755 929.74304
314.88199 815.03406
432.98407 483.20026
458.56439 544.78906
499.82855 935.65198
418.24408 931.15991
269.42676 682.94879
455.62857 776.82825
450.37375 782.70868
446.11240 791.48206
443.37061 802.45880
429.80405 828.36743
418.64294 752.92700
414.37128 751.11920
411.29181 749.41443
373.07111 727.02295
295.10468 674.80341
462.95795 518.73950
454.55780 471.39850
441.93573 474.26013
423.17978 754.68475
298.69617 741.82904
471.56958 470.38684
420.72421 854.05334
490.73190 552.17908
473.13419 530.75470
493.84207 525.05457
439.85461 585.61517
498.75296 908.72601
499.27441 876.02844
457.08527 872.46521
370.59644 794.55432
393.04486 653.29083
393.94061 828.10968
340.77222 649.99176
371.29059 679.17383
322.59515 692.24268
449.75775 903.96716
426.41968 599.89185
356.28000 819.26660
384.34900 852.10706
349.73413 757.66266
280.60663 710.87067
325.56345 767.45581
280.30246 737.26611
352.96643 709.70905
445.18100 562.31372
433.91769 638.56335
420.96362 643.44122
442.64044 620.97717
434.78961 450.06946
395.81604 435.83966
361.99402 433.88858
335.91492 439.66296
319.56140 451.72614
314.70660 493.49835
263.44217 569.74969
329.94275 526.54749
352.00909 532.79706
381.61624 531.62701
409.99408 525.42444
432.12561 517.65259
447.13925 509.82983
277.43982 576.34021
422.14285 649.58270
454.67291 568.51312
448.53012 641.06726
463.27084 654.77258
450.30243 645.54901
429.15033 657.19684
467.10019 657.49719
471.44385 663.43567
447.61243 490.45346
458.55432 496.33044
463.77039 500.72144
340.11432 482.77081
324.47729 471.90344
512.30353 556.15942
684.86804 493.39316
515.39221 659.85913
784.23834 400.95786
617.02545 511.85352
641.52814 513.83020
665.29248 513.60870
696.80542 503.29080
595.48724 506.91821
652.32758 443.15967
623.42407 445.32166
679.13306 448.55170
696.53973 459.58752
719.91724 518.78601
600.68457 888.46973
694.28625 488.72620
801.20166 514.99609
748.05328 502.61572
633.04272 620.56451
541.60132 747.54242
540.41003 757.27258
573.50153 749.24200
596.89435 750.18311
568.17255 755.60309
590.05518 754.62134
636.67664 784.79974
506.56873 645.82544
509.10339 618.09241
729.71423 439.71048
578.00818 554.45923
578.65100 635.52802
581.81226 620.51349
713.59741 616.65515
510.51151 584.39001
667.98083 408.59698
704.29077 419.47906
754.07159 352.39993
555.07935 429.48111
598.49847 456.05051
658.66351 753.86420
790.45209 771.39160
560.34253 651.66632
537.82410 660.16565
630.17090 751.80865
623.83563 753.43341
717.26953 403.65173
583.25470 646.51044
619.44598 409.68134
622.79626 388.63266
645.65265 288.99890
732.12628 376.16333
627.30743 336.75629
744.28455 428.91687
763.00085 415.45654
541.25592 753.45190
570.84991 752.65833
593.69922 752.36487
554.78522 656.38635
626.88031 752.61444
611.75067 765.87347
620.71832 754.34216
541.60510 644.53308
586.72449 756.30957
565.15771 757.53363
539.25085 759.71820
539.75946 846.85095
542.14764 813.70447
541.09747 801.49292
539.66040 790.64478
537.62292 782.31927
585.17456 770.24036
589.74390 773.18793
594.66040 778.52533
598.48163 785.30011
620.03613 713.03107
816.94495 638.17230
601.69910 763.76172
606.67963 764.22046
529.48260 670.52106
576.57849 661.80933
533.34186 665.51715
606.32397 569.12207
649.39105 585.83246
589.02515 632.19946
709.96143 313.73792
688.79834 348.84619
675.84448 388.65109
611.17981 809.73700
561.92334 394.53925
567.41876 334.99881
579.47870 278.57883
685.18823 510.51562
748.65424 535.80695
580.98810 501.59399
720.84363 472.04840
558.51007 537.57196
557.68066 626.66876
776.99524 558.61749
732.17291 551.95886
699.77600 559.82446
649.93158 556.38892
612.92151 546.69775
585.05212 535.51086
521.16943 502.66193
776.81677 612.32153
740.63190 469.02893
500.14069 659.91705
575.80786 580.29962
815.40906 516.96118
563.85394 522.09393
594.11871 633.42834
706.34668 490.04999
560.75635 608.58545
809.45837 703.47351
580.66736 493.18329
535.04938 593.80542
722.49725 827.44849
722.96722 863.14612
807.31921 627.52679
759.16809 792.81580
782.58191 461.28073
604.34558 916.82263
499.74106 665.92651
601.14612 599.38446
770.21851 507.68024
661.72461 498.15375
641.65253 498.85089
616.19092 768.41980
776.97186 668.07361
555.63635 951.53259
639.88818 920.00830
678.13135 896.96960
621.38318 497.43753
601.40662 495.22073
587.70624 494.68750
758.24225 463.87100
604.93536 477.18066
626.59473 470.65271
647.47351 469.72772
668.10321 473.80505
680.99316 480.00711
802.95105 452.80212
675.20300 495.95490
589.40692 699.71021
558.43909 647.79889
533.74426 694.16022
682.48724 862.75635
644.88715 890.46228
555.22772 933.84167
759.47095 824.58862
588.47034 486.77576
536.58789 544.56976
599.96069 939.26758
801.70984 688.01019
563.47607 776.73718
567.75549 782.52228
571.01111 791.30969
573.43091 802.35046
579.66711 831.50726
608.57300 753.83441
612.43402 752.10681
615.57465 750.58093
645.56714 730.68073
740.51697 678.45605
539.17273 518.43298
559.82062 472.31802
576.81012 476.37128
604.47943 755.61115
747.18805 747.79956
534.73486 470.81140
591.15613 858.80054
516.81244 530.53973
555.55481 585.97705
545.91736 875.09869
655.07861 800.20178
616.47656 655.04626
625.96082 833.72522
677.53076 652.07544
643.27374 681.49707
703.91498 695.88477
552.21289 907.44836
575.12866 600.34906
674.70587 826.67346
638.14532 859.44434
678.07520 762.83008
772.53003 716.22998
710.50946 773.94470
788.00244 743.81195
669.20892 713.04193
555.48627 562.31915
549.05225 639.57074
570.04871 645.11603
534.00659 621.63165
579.37952 449.20062
621.04468 432.81171
658.18347 430.47198
688.91980 437.27298
710.33679 450.95215
724.14270 496.16370
807.61963 570.51367
706.28516 528.45728
680.32538 534.15881
646.41772 533.65918
614.24481 528.16113
588.89911 520.68549
571.10272 512.64587
818.24854 577.08728
571.99109 651.42395
533.83112 568.46423
527.02435 642.00934
515.25940 655.86664
529.30304 646.76001
566.56055 659.01788
509.00229 658.21887
508.65137 664.02246
571.44263 493.61087
556.94116 498.51923
547.57172 502.36328
688.50903 484.75806
707.04993 472.95587
386.92700 481.03592
412.50165 480.28879
385.92209 460.54407
361.38049 481.83112
387.83441 501.56091
643.39185 483.28458
668.58875 483.59683
643.01080 462.35046
618.42151 482.94226
643.88123 504.14142
