511.70676 734.07867
510.20383 670.24664
511.15363 681.36255
490.19559 586.33411
510.01065 647.62927
510.19449 613.46533
511.41196 525.43073
350.43274 498.12769
511.94983 462.73743
512.05713 430.79834
513.13635 296.93872
511.67117 738.94427
511.40964 743.33130
511.14264 746.57080
511.39142 752.52600
511.31705 762.60736
511.07312 774.16162
510.66992 785.28821
508.98398 807.13245
510.58145 678.74835
486.96164 673.14246
250.03806 389.03928
414.48584 516.67651
391.08231 518.67542
368.09122 518.17529
339.78534 505.44882
434.29288 512.49200
373.74149 462.71893
401.56265 463.26965
350.15076 467.77615
336.19928 475.50537
315.55826 517.80579
422.52893 831.84790
341.47498 492.57465
240.71335 492.00818
285.23901 500.52942
386.98328 620.69958
477.52362 728.91516
479.31845 740.19037
448.11273 728.01709
426.42029 725.49133
453.22763 736.01990
432.62915 731.65790
395.06036 744.84277
490.30450 668.76489
487.03583 646.53241
298.92596 461.32648
440.48996 565.38794
435.38406 646.25818
434.32251 631.65131
312.29681 609.61383
488.36194 614.77173
355.62085 446.92798
322.01852 451.01431
271.60669 353.78345
462.07806 465.62524
426.32904 470.85162
375.15680 720.12695
276.51276 697.45410
452.81830 660.34485
471.70175 668.23895
392.54709 718.43262
398.36932 721.29425
308.38910 434.83649
434.10349 651.34741
401.98688 450.29114
397.57733 432.12543
367.58231 307.85110
290.22101 387.90659
384.46643 362.70215
283.75836 446.38541
266.44885 414.82434
477.94760 735.05865
450.41107 731.96680
429.20062 728.43457
457.76474 663.18890
395.53659 719.89594
410.36649 732.38245
401.42657 722.67432
464.60522 660.84576
435.84125 734.43439
456.32971 739.31104
481.35834 743.83575
474.50793 804.29492
476.30234 782.00842
477.26801 770.73132
479.37509 759.28381
482.02655 749.92786
436.21075 737.11694
431.77448 740.52808
426.82996 745.74451
423.06628 751.50262
403.62708 697.30322
248.11728 580.63763
510.85464 680.57129
420.47772 730.48364
415.30597 731.11298
479.57184 676.91736
440.73895 661.33893
475.84253 672.75555
415.00711 575.20526
372.28052 587.96973
429.99814 638.00696
308.57104 326.04587
327.67535 369.33765
347.13525 427.82834
415.49188 768.71509
454.73737 437.70068
443.87173 361.96213
433.43472 298.78680
349.83447 513.78210
287.20514 531.66248
447.08582 508.48853
312.32111 481.92923
457.29031 553.70007
449.57916 644.83850
259.55646 543.55359
304.31107 550.37347
334.75351 561.69385
380.73682 559.32819
414.56311 550.40350
438.67975 541.63904
488.46402 529.77087
261.68854 591.52814
290.43658 477.05829
497.99792 677.56311
441.70639 591.31396
236.64792 478.08011
457.21976 532.44495
427.40765 635.25024
330.03687 493.48846
448.90833 626.75952
258.98685 637.68201
446.76660 500.47162
467.92758 618.99622
324.42627 765.89990
331.38251 785.11987
244.88574 588.70337
292.41504 733.07855
252.19766 449.28625
421.25641 851.58350
500.73718 679.43829
419.19070 604.20306
262.89294 500.05518
372.48602 505.14453
391.88397 506.15692
406.20850 733.97437
265.81958 637.27991
462.79849 881.52905
398.54211 842.55176
369.01212 818.26593
512.43317 362.94238
508.89575 887.07117
411.04248 504.17004
429.91931 501.42517
441.80875 500.96042
271.76541 466.99637
424.11285 481.19470
402.25500 474.23514
380.78479 474.65509
361.77087 479.70419
351.11163 485.61386
238.91638 428.10574
359.50146 502.01495
511.15677 695.00830
429.71469 691.05231
453.11057 659.20996
476.11005 693.41125
511.87784 490.89041
359.74884 797.30841
390.30426 823.75067
460.38696 871.40637
301.52582 747.50299
439.50214 492.89279
472.54224 568.65448
508.73376 877.24066
428.09195 865.40405
253.72113 639.62903
457.10245 744.22424
452.83810 750.93225
449.23300 759.72803
446.94720 769.92468
441.10986 789.81366
415.23956 726.73401
411.34741 724.24524
408.45007 722.05261
383.62659 706.52856
293.21881 655.61511
473.26050 540.49316
462.11646 488.82059
447.66666 487.99344
419.71863 729.44373
295.43134 705.67413
481.36130 493.13687
430.80649 809.66016
510.61478 584.03467
489.14526 559.97443
510.96368 556.37701
455.55048 603.39490
508.51172 858.19080
508.71759 831.43591
468.03839 827.50214
378.09631 755.91718
405.67535 650.34058
402.68652 785.22485
344.71661 644.52454
380.24875 670.18878
325.13416 675.61462
461.73758 852.89978
441.94592 611.51062
362.54132 774.09589
392.92508 803.68842
355.88782 726.16656
273.78363 675.45227
327.79321 731.50610
267.80859 687.70056
359.83243 691.33551
457.61041 579.71643
457.14020 657.01947
442.65759 655.61224
467.12524 645.78900
443.05896 472.45618
402.65039 460.83685
367.42236 459.19788
339.25714 462.84222
320.98471 470.44897
310.47571 497.32990
240.07809 539.92731
329.53137 528.83423
353.01892 536.55847
385.22180 536.75940
415.20020 531.67804
437.79205 525.77765
453.26587 520.57642
241.99854 527.87506
442.80914 657.84924
471.80472 593.37213
473.52213 663.11157
485.49277 671.73254
473.45856 664.28345
448.31760 662.35834
490.26437 675.31055
492.80795 677.12701
454.22708 502.91986
465.13907 510.32715
471.24506 517.30634
345.54108 489.66333
328.09308 483.18509
531.36316 586.04620
688.07544 491.20770
535.98523 672.79230
788.06592 384.97308
619.36725 512.27924
643.19812 512.49799
667.32874 512.22693
699.49091 500.33438
599.09149 510.71893
659.36823 457.36877
629.90717 460.53726
685.33289 460.32477
701.40967 467.63269
722.52136 514.73370
599.11121 831.18311
698.21729 486.57922
800.30530 489.02695
751.71429 499.03439
640.67944 619.31525
545.66772 726.70654
543.23865 738.10504
575.16687 723.45923
596.45941 719.03320
569.53571 731.93176
590.20026 725.87988
629.68188 743.12537
530.52930 668.57812
533.07513 646.16687
736.07220 453.22076
586.66589 564.36108
589.87158 645.13330
591.40442 630.46460
718.78125 607.70593
532.39539 614.30286
675.13489 437.89029
711.22638 441.37360
762.47455 349.92719
563.85864 465.74585
604.65582 470.18048
650.95404 718.10217
771.55994 694.82507
572.33301 659.49695
552.69965 667.51581
630.73474 708.98828
624.83765 712.40350
724.30774 425.69354
591.90424 650.29480
626.46387 444.80698
630.74384 425.98010
661.57623 305.63611
741.83734 385.16980
642.98792 361.14700
750.60266 440.62265
769.39185 412.07367
544.95660 732.95636
572.55334 727.75995
593.61511 722.25812
567.21686 662.39294
627.66254 710.73065
612.07867 724.60254
621.94733 714.08685
559.12958 660.28717
587.02350 728.99255
566.18494 735.48700
541.18219 741.89026
544.65668 804.09357
544.74084 780.04187
544.40991 768.73517
542.74323 757.35217
540.81940 747.99854
586.37433 731.70251
590.53821 734.90466
595.07788 739.72919
598.32581 745.39587
621.71686 695.91522
802.00403 577.76666
602.53113 723.69250
607.37518 723.84393
544.25995 676.46887
585.49103 660.50964
548.32434 672.25159
612.93860 574.03308
656.31775 586.58850
596.42664 636.88934
722.86108 322.77759
701.61859 367.20261
683.17542 418.87762
607.30853 767.57788
571.71362 436.41193
582.17987 361.23596
594.19012 297.61880
687.54047 507.98233
750.51355 529.33856
585.76392 508.43188
725.38763 475.95029
569.00037 552.86078
573.98962 644.07782
777.49756 541.11359
733.65320 546.99139
701.61768 557.83966
652.48834 556.65503
616.97534 549.17188
591.47217 541.64368
535.03094 529.45477
775.67468 589.36584
745.85913 472.99939
523.33569 677.44354
585.00513 590.19031
808.79169 474.23767
571.92590 532.64148
599.93341 634.06158
709.57007 488.37231
575.27747 625.78510
791.61151 635.19061
586.17267 500.41241
554.06232 618.28302
709.03290 763.60663
705.13446 782.40918
798.75134 586.39410
745.31244 730.32867
786.34827 446.28299
600.75421 851.02563
521.23059 679.26776
608.26947 602.99255
772.16040 500.28754
663.58429 496.66946
643.34454 497.92572
616.16870 725.86914
772.26233 635.10864
556.29590 880.96460
628.12598 840.78632
662.26086 816.12854
623.72992 497.92245
604.48694 498.31683
591.79584 500.21606
763.07349 465.57199
609.95679 481.68680
631.72961 473.13416
653.81958 471.18695
674.56372 474.23251
686.58704 479.45020
802.67444 423.95258
677.73987 494.15402
595.74048 689.93274
571.67816 658.43591
547.19812 693.09418
669.89172 795.77032
635.82318 822.79608
558.42542 871.19824
741.01648 744.36652
593.83160 493.33215
551.33691 568.09094
594.12476 864.11584
790.29639 637.44873
565.41589 740.43579
569.30322 747.00330
572.51190 755.64374
574.27478 765.83533
579.56787 789.02637
608.12732 719.25745
611.64850 716.31433
614.54761 713.89764
642.03229 704.65338
740.22247 653.42432
551.63116 540.02869
567.21442 489.63196
583.27612 488.42572
603.66730 722.55994
738.75641 702.99207
544.97015 494.70316
590.74091 808.90149
533.37238 559.65692
569.07013 602.61890
550.82288 827.16943
647.96423 754.32617
621.64246 648.87573
621.35327 783.96228
683.84741 642.82416
646.83289 668.65576
704.84625 673.67310
556.80481 852.67072
584.41766 610.29218
665.22046 772.43750
631.98254 802.50592
671.47607 724.30933
763.86316 672.91156
702.40723 729.25946
774.51904 685.20209
667.69952 689.59796
567.71582 578.88403
566.43744 656.36005
582.31226 654.67340
554.63617 645.19629
586.11255 471.87711
627.61157 456.84497
665.01208 452.08902
695.39893 454.27829
715.81250 462.10117
727.96899 494.23492
802.24048 537.28094
708.33301 525.01874
682.37354 532.64685
648.47705 533.10834
617.26544 529.49768
593.83044 525.53094
577.42474 521.07941
806.55719 524.38159
582.50818 656.90961
550.92950 592.76300
548.36627 662.72424
536.99426 671.62512
549.41425 664.10565
577.28772 661.46808
531.48627 675.16016
529.64264 676.81073
577.56537 503.28714
564.40698 511.11215
556.64465 517.87323
693.29755 483.48145
710.91547 476.34915
391.83728 486.31915
419.65607 485.53128
391.31863 462.39978
363.90930 487.16559
392.31345 510.34915
643.29736 481.96893
671.50769 481.51498
643.36682 461.04263
615.21228 482.17075
643.55902 503.03625
