520.75360 727.15564
533.97205 650.62390
527.45026 672.23956
509.86502 562.00238
534.80188 623.47699
533.45624 587.71423
527.69025 502.55542
340.35385 494.59406
526.83795 457.58124
527.51080 425.87216
525.18597 273.02576
520.46655 736.80597
519.51074 746.92603
518.34399 753.08765
515.58936 783.48987
515.78662 792.82471
515.35913 804.39325
514.40424 817.55890
519.71710 842.08020
531.99963 663.85040
503.31073 661.12115
220.57925 392.45117
413.15717 515.25751
387.81537 517.58875
362.37183 516.67023
328.01562 502.18323
434.60776 510.37064
372.25232 454.97235
401.91284 457.33627
345.51483 458.94858
328.31842 467.02692
303.70255 516.38354
415.56705 891.03040
329.83569 487.80154
206.72464 511.31274
269.54770 500.09363
387.15259 619.57275
481.01196 721.03967
480.84888 743.93884
440.61932 725.97858
412.60132 730.59088
447.73288 741.97400
421.74185 741.33417
382.51666 777.26440
511.90924 649.78986
510.12735 623.37000
290.60684 452.48248
445.75388 555.73566
441.16119 635.00146
439.24683 620.08337
302.05286 614.69043
510.23361 590.26611
359.03668 434.37720
319.50909 439.24561
255.32539 345.57288
474.32294 459.73700
427.47882 466.50122
358.98315 746.78375
209.56754 776.38977
459.37817 650.95508
481.69934 659.08374
377.25275 739.20184
383.21228 741.25012
303.67859 423.59311
436.19934 644.11475
410.67734 440.57571
406.20050 421.74734
375.26678 284.56781
284.96143 381.10236
398.41220 344.09384
271.71539 439.76593
249.25380 417.39752
480.43137 733.18872
444.19269 734.29553
417.20242 735.97278
464.55539 655.00446
380.35095 740.15143
396.76138 759.15686
386.09912 742.49780
478.08142 646.51996
425.46643 745.12354
451.22675 747.09045
482.12183 750.11353
479.84827 840.47577
475.22839 813.74146
476.80368 800.67297
478.77252 789.15802
481.07504 780.82410
425.28702 767.61450
421.44409 770.26770
416.33246 775.42963
412.79816 782.15613
397.37811 708.83221
184.29504 636.45117
529.82202 668.60962
406.89157 758.19733
401.76086 758.02747
490.40439 669.29028
442.66788 658.17462
486.31940 664.28741
416.75159 569.03052
371.61423 584.73889
431.53632 630.22217
305.53091 308.54758
333.51672 355.67618
349.68073 415.51733
408.17841 803.17426
466.87579 430.52710
459.63956 340.36261
445.39038 273.79501
340.45847 511.65607
274.03931 531.56030
448.55502 505.96909
301.09979 476.31711
465.95422 540.35858
462.44232 628.77087
235.08578 556.83264
295.56970 549.18555
331.93701 559.32294
382.36856 556.61523
418.39841 547.56213
444.63382 538.02808
503.04575 508.80219
233.47827 610.93011
277.49475 473.21198
518.37689 662.81287
446.61206 581.10651
187.90329 509.17664
465.11633 527.89551
426.61545 630.54163
317.69446 489.04401
460.48053 610.65851
190.40070 705.34192
447.45593 498.21762
485.99268 598.32520
283.51920 831.60797
281.72400 870.96777
197.93182 627.53894
243.61647 797.12482
226.89871 459.08145
409.94916 923.42639
518.94086 667.47107
420.58270 598.61053
243.10019 501.70825
366.30643 503.31863
388.16907 504.67136
392.86905 761.33337
230.30530 668.35327
461.56128 962.02814
372.20456 929.55243
330.77887 905.73706
526.69073 341.75900
517.81030 965.00488
408.96896 502.58432
429.02249 499.54163
441.91266 498.91144
254.44081 465.43723
422.10684 479.62030
399.08957 471.98553
376.90955 470.93402
355.47208 474.60071
342.77338 480.03363
200.06186 443.44739
351.14420 499.36200
525.79913 692.08862
429.42224 695.89264
461.15802 647.93304
486.15082 691.69049
526.14703 477.81235
326.83167 867.44031
367.00568 896.18372
461.42798 940.13611
242.36861 831.51251
439.46127 491.01251
486.82199 549.00836
519.12384 942.71899
414.78427 949.37878
200.92188 690.22638
450.94977 775.23480
446.85114 781.17896
443.38177 790.20172
441.19119 801.63696
439.80914 825.39496
399.44516 740.97845
395.11145 737.78186
391.44754 734.71509
371.22983 724.99402
269.66345 677.94513
485.30325 522.81653
467.34186 484.84686
449.76398 484.80615
403.76389 743.69238
259.17743 749.11462
492.13974 488.08801
426.96271 857.03925
531.41492 558.24347
506.46707 536.26471
529.56396 530.92902
466.52139 588.36298
520.15460 911.82288
519.98090 874.42725
472.80634 873.06366
361.05933 796.47003
403.19370 652.13147
391.53290 831.10791
338.49197 650.91553
374.28342 679.07019
308.77411 694.70984
465.35712 909.77332
446.83707 600.71692
338.16638 827.07190
376.68228 861.16339
336.90131 759.06744
232.62323 717.85779
299.92752 773.66431
213.72647 747.50360
346.21014 709.52771
467.46646 564.87329
470.53644 641.70184
449.34674 644.76917
485.72519 625.66827
448.38428 467.42194
406.49762 452.94427
368.69614 448.87866
336.57812 452.35596
313.62497 461.35272
296.89941 494.83652
199.28140 568.56763
320.43188 527.03741
348.50958 534.92285
383.87488 535.19336
416.00342 529.91333
440.53909 523.20239
457.57739 517.29071
185.04160 572.27148
447.16318 649.77594
488.32858 573.13159
491.85934 645.32159
503.26233 658.01807
489.73553 649.19641
452.48386 656.47308
509.45880 660.82300
509.83475 665.40796
456.48245 499.97125
470.63977 506.40207
480.35495 512.17316
335.63171 484.26306
317.29272 476.58710
551.43738 561.91632
685.52795 488.97055
553.79657 660.56384
776.81592 396.80566
615.59985 511.71973
640.97607 513.10767
665.32117 512.05780
694.64893 497.24951
594.51672 507.03830
658.64136 450.73566
628.50232 452.76932
684.04785 454.79633
698.46246 462.82281
716.05487 512.99536
614.54272 886.86658
693.91913 482.17987
789.35168 512.16522
742.62195 497.70468
649.62756 619.32184
558.92072 723.06146
555.88885 745.91113
594.28168 729.48297
616.39893 735.69196
584.56305 745.48358
605.45312 746.14844
641.37738 775.15442
554.58643 649.46326
557.91534 623.16113
734.79822 450.73306
594.53235 555.61029
609.17432 634.51813
609.13037 619.75519
724.37903 614.11914
555.00879 590.11230
681.17456 432.63159
713.90259 437.84668
755.54047 351.01337
572.57642 453.40790
601.98688 461.93530
663.82727 744.69305
764.91614 770.75452
590.08069 650.37555
569.63190 659.02124
640.20154 747.40033
634.00275 748.74695
727.19867 423.43903
610.04822 643.69788
634.59625 436.08521
640.72754 418.33862
663.15845 289.15768
739.29224 383.54205
647.31995 346.62817
748.80933 439.58203
763.00085 419.26114
558.40576 735.23096
589.80377 738.01996
611.35034 740.98572
584.32947 654.52051
637.08203 748.00739
622.67401 764.81677
631.03308 749.56055
578.63245 645.94440
599.82672 749.37799
579.21899 750.12518
552.25250 751.74823
556.64294 839.70886
551.87933 814.76544
551.89825 801.53021
550.71844 790.04578
548.15302 781.79773
596.34106 770.82648
600.80579 773.73486
605.97449 779.03589
609.04590 785.77271
637.05652 707.80975
785.06396 635.07349
611.81946 762.88898
617.60596 763.24158
561.41962 669.35156
601.15674 657.78998
565.37866 664.38025
620.27039 568.97699
662.83728 584.76270
613.31329 629.94446
719.53784 314.10803
702.02484 358.45679
690.52686 414.67111
619.47498 800.97131
583.29858 425.07367
591.50098 341.93024
601.10278 276.48514
684.28546 506.82281
741.74139 529.64532
580.93597 502.47202
720.64099 472.56830
577.95477 540.15326
594.29236 628.43304
774.46594 556.61041
726.72693 546.84082
696.75879 556.87708
649.79095 554.00104
615.13293 544.74237
590.59467 535.20673
549.98126 508.78168
776.25989 609.95465
740.25677 470.85571
544.77600 662.46753
596.12390 581.00696
789.66541 511.01392
572.36926 524.78027
613.94867 630.35010
703.98767 483.95041
593.65094 610.43701
779.46179 701.78070
580.29291 494.20959
574.50299 598.06879
720.46991 824.07898
712.61029 861.41052
793.04590 625.49030
752.69092 790.57324
776.41431 460.78397
617.72943 918.18604
540.19672 667.29132
618.34460 598.57111
760.89752 501.05130
662.50439 498.18488
641.09534 500.23468
626.39136 767.29272
775.96155 665.85907
570.55774 958.65112
643.48492 921.51416
675.26178 896.23364
619.79718 498.99728
599.39612 496.32202
586.29602 495.51611
755.62671 464.93222
603.95923 474.84259
626.79181 466.83606
650.15454 465.54257
671.30481 469.05850
682.96118 474.48639
786.98334 446.82581
676.31421 493.83664
611.31317 695.30640
590.20581 647.37042
563.30157 691.56274
684.36737 860.02069
651.73505 889.36438
573.49554 937.28076
741.32880 823.71466
587.80048 486.65433
566.01233 548.91675
610.46973 943.23425
787.79175 686.60980
575.02203 777.24023
579.24628 783.21973
582.41821 792.11322
583.98297 803.49548
592.35400 823.58875
622.20984 747.03979
627.40405 744.31165
631.80518 741.32410
656.79974 723.54749
747.79358 675.73010
563.13458 522.87219
566.89514 480.55731
579.45227 480.55804
616.54987 749.14319
748.27673 744.55273
550.51434 483.69409
603.67627 853.87714
550.83850 536.14441
583.91357 588.40387
563.93481 871.40997
660.17529 792.88867
633.39868 651.58423
633.44403 827.35162
693.00745 649.86359
658.34802 678.14746
715.18951 692.49487
571.68939 907.56042
598.13556 600.63092
678.92596 821.46466
646.18622 855.89380
683.83154 756.09973
770.07544 714.02783
714.38916 768.75940
776.11890 742.52380
680.39685 708.02356
579.95392 564.83435
586.72223 641.09326
601.62134 644.21783
577.22351 625.18701
587.36450 461.68774
630.36273 448.16962
667.61371 445.56418
696.46509 449.42157
713.95087 458.23407
720.72906 491.11865
793.77258 567.98254
703.10046 523.46057
679.04974 531.41187
645.85657 531.67371
614.37195 526.59290
590.87988 520.16681
575.13647 514.05853
786.75317 572.68762
600.83002 649.23895
568.40942 573.00018
570.77905 644.59827
556.37671 657.33136
569.55658 648.50952
594.21600 655.96185
552.30237 660.24542
547.99561 664.86609
572.63025 496.14789
563.06067 502.92993
558.62720 508.74866
689.22900 478.66367
706.48413 471.97113
383.06799 485.51285
408.39822 485.33093
382.99194 464.71350
357.03467 485.62561
382.86438 506.38489
639.93091 479.72717
666.64282 479.63098
640.05762 458.81210
613.27124 479.44519
639.94629 500.61420
