509.31845 698.14191
505.84903 620.60736
507.02899 640.72089
488.03766 550.33044
505.80661 599.32861
506.25549 570.90924
508.00446 499.74615
340.14740 492.56409
508.01053 439.00183
507.99646 407.02515
509.50977 285.87558
509.47562 705.17993
509.69641 712.31342
510.12576 717.49060
510.15283 717.59088
510.24957 727.14178
510.35739 739.20288
510.58890 751.65100
510.51263 760.97711
506.09210 630.87030
488.90735 630.65759
251.48032 388.82159
409.14722 520.07806
384.32880 521.62366
361.23746 517.69476
332.26758 497.83783
429.65689 513.28931
372.13245 437.94434
401.75085 442.12225
345.83887 442.38348
329.69214 452.71594
314.29156 510.49054
434.24649 791.16724
332.80923 482.00314
245.58499 490.74628
288.45947 489.18286
398.95499 603.96582
488.91412 693.30975
492.21790 711.15277
469.79645 701.14343
457.28394 709.88086
477.47565 712.80579
465.73602 716.14050
423.14380 736.80829
488.69717 620.05688
485.38123 599.87390
297.57483 432.30542
442.52124 548.05774
445.59860 616.65491
443.73535 605.25824
328.17328 602.55768
486.38852 573.30646
350.95490 410.72235
318.78998 416.85925
271.81049 348.77097
457.05383 436.09528
426.70062 455.55627
406.85699 721.22717
283.39532 695.32306
463.05801 628.36108
478.64923 633.50421
443.16940 724.93823
447.74597 724.05914
306.09357 400.76062
446.34869 626.16455
395.67236 415.02167
391.11859 396.27905
366.73779 296.97614
288.99786 373.83533
381.80411 345.02560
283.84259 419.51642
266.85263 405.21979
490.13455 703.27008
473.67725 707.53040
461.34601 713.12689
468.23019 631.89990
445.57599 724.56592
452.72849 726.37347
450.16260 723.52234
469.32147 620.33362
468.90295 718.07007
480.36218 716.19739
494.18448 716.16516
485.81900 760.45068
489.10886 749.77185
490.00024 737.28528
491.75699 725.36084
494.28189 716.40698
468.88031 718.32745
464.88245 723.05463
460.73624 729.02081
457.17938 735.82843
427.12729 683.31549
252.73239 586.05707
506.47577 635.17480
460.09558 720.62164
456.53076 723.35834
484.11731 641.13641
454.32819 638.51776
481.51471 637.35266
418.67517 561.32764
380.53009 576.72095
441.22583 614.88971
308.06473 317.43149
325.16794 352.38165
342.36395 391.83228
439.31274 745.97296
448.69098 404.77316
440.94217 345.22327
431.80533 287.66110
342.30496 510.18311
289.77713 525.02618
442.95328 506.60773
308.80737 462.86157
457.84869 533.37598
455.33032 607.89264
266.15991 539.94324
304.92688 544.56549
334.77008 556.14417
380.36816 555.10718
413.95972 547.01172
438.64819 537.03650
486.41498 504.83566
273.96747 589.77234
291.14316 457.68878
495.97018 630.22974
446.99219 570.27783
240.64053 484.86514
457.07822 525.71985
439.62427 616.14899
322.57849 481.01782
454.44897 594.14697
264.09427 640.12683
444.01276 497.69843
469.13715 581.07190
336.81183 749.45258
338.29916 767.68951
253.49084 588.22717
306.16986 721.83160
255.05701 444.72794
430.02313 807.67383
498.73166 634.48175
427.43906 586.68579
270.31409 490.30948
362.31335 507.42285
383.42065 511.08490
449.11484 729.91724
283.02423 633.71295
468.03323 832.93799
404.87109 807.13843
375.05426 791.40454
508.66461 346.18555
511.20526 837.55310
404.72076 509.35297
424.54752 504.37128
437.46841 500.90247
275.30920 450.00516
423.11099 473.02689
401.41049 462.30878
378.66190 459.96857
357.31281 464.00415
344.78485 471.05444
241.83746 432.00943
348.77768 500.43427
507.75662 658.28851
446.12317 669.83679
462.12729 624.60370
482.42419 660.46185
508.25806 469.17993
369.17123 773.15186
399.16235 789.99194
466.68671 821.87805
308.79352 738.20679
437.64709 488.14426
472.44666 539.86084
511.46735 825.52954
434.78412 821.62085
264.55447 637.08862
480.35312 716.50439
476.37656 723.72595
473.18750 732.93420
470.96292 743.79987
460.39462 754.33771
456.30804 720.01178
452.11557 719.01575
448.41022 717.52844
413.79929 701.59656
314.93503 648.04962
472.25406 517.22668
459.72989 477.36194
446.27963 479.43124
460.42120 720.58911
316.53912 696.49609
479.89453 476.99060
445.85941 773.48730
506.87216 547.06598
487.01654 528.93567
507.44559 524.48578
459.14996 574.93744
511.08743 807.68311
510.82751 783.89185
477.65344 782.41272
397.03729 743.95343
419.92661 633.18939
419.63968 761.20605
363.77515 630.18896
398.90067 655.18073
347.78589 665.14777
469.71857 804.96326
448.85529 587.80054
376.33801 755.37415
405.51770 773.97375
378.56445 721.70868
292.35205 669.51355
347.74158 720.93304
279.55212 681.32990
384.58594 685.15674
459.96829 554.53528
462.45206 617.01764
452.73703 623.38123
468.92007 602.58173
440.22989 452.13190
399.44168 433.22424
363.11322 429.18503
334.73737 433.87164
316.31451 444.93079
308.29163 485.25644
246.14261 539.29425
326.46503 522.89929
350.36981 532.87378
381.98669 535.88312
412.19852 531.75433
435.35596 523.94019
451.16925 516.39075
246.29935 535.06830
454.25229 629.22919
471.99622 560.10736
475.19589 617.33118
486.56210 627.01001
476.24902 620.74469
460.51987 635.24335
489.83835 628.90704
492.90506 633.47711
451.76694 498.34958
463.35501 503.52826
470.59497 507.92236
338.12906 476.59451
320.98312 464.87256
526.39771 550.38861
685.87415 494.98621
524.79407 630.87451
782.05908 388.94940
616.83026 519.94202
640.68201 521.93256
663.51367 518.93237
694.46344 500.54514
596.87885 513.21576
650.37518 441.02850
621.63123 444.62225
676.99152 445.74957
694.13092 456.22656
712.21484 513.01105
589.89716 793.37598
694.30188 485.01486
787.97565 491.59271
739.42780 492.48920
623.48462 604.93604
530.28625 693.86115
528.31024 711.70660
551.32568 702.47913
565.36151 711.57965
544.47522 713.90686
557.49640 717.65338
601.00281 738.97955
523.40607 620.35315
526.83380 600.04193
723.22864 437.76788
578.89716 548.21600
571.83704 617.71252
574.69922 606.13635
697.73767 603.96979
526.60333 573.30756
663.50311 415.23877
698.50714 422.09601
757.30707 348.97449
559.38495 437.80878
598.13068 457.45514
617.27527 723.30670
752.69159 697.56299
553.58142 629.36725
537.06439 633.93182
582.32288 727.04907
577.82886 726.10223
711.13055 406.39590
571.55304 627.36267
618.26898 418.44495
621.14215 399.57486
655.26636 297.15387
736.54980 374.76294
638.00568 345.33307
738.03015 425.17291
762.51465 406.60910
529.67120 703.78699
547.87659 708.73370
561.56964 714.68195
548.21173 632.80127
579.95966 726.64789
572.09412 728.37134
575.35022 725.49396
545.32104 621.00543
554.69971 719.45941
541.95544 717.20264
527.04199 716.74188
535.80902 761.23364
532.68530 750.80322
531.18512 738.08130
529.32825 726.04980
526.98175 716.96350
554.60846 719.73999
558.80939 724.71222
563.13177 730.97473
566.96790 738.08282
593.69678 684.59906
785.41229 587.38477
564.43542 722.34338
568.05182 725.20593
531.45026 641.45886
563.82019 639.62128
534.03314 637.79004
603.60486 561.73773
643.12921 577.59100
577.81879 615.93512
717.15588 317.53595
696.97668 353.12003
671.19507 396.51385
584.17505 747.89111
565.06183 406.24701
577.44092 345.32214
588.43573 287.67877
683.36523 512.35254
736.83075 527.20972
583.50677 506.89343
716.01990 467.06964
562.69434 533.36169
560.26715 608.66870
763.91699 541.23987
720.13959 546.46704
688.95654 557.55383
643.56708 556.19946
610.34753 547.84949
585.73218 537.77258
530.78217 504.78528
756.01416 591.41473
733.71881 462.30878
516.55835 630.37744
573.42517 570.64374
797.20923 484.89862
566.87469 526.24353
580.33441 617.21210
704.00958 484.62799
562.31982 594.69171
773.22986 642.02289
583.45404 497.96494
545.58667 581.31830
692.89197 752.79675
693.47003 771.31763
780.37250 589.92279
724.94891 724.55103
776.82660 445.60040
594.99670 810.47772
514.33362 634.54291
593.89429 587.39026
761.43262 493.08942
662.24463 508.18890
641.40247 510.93433
576.05103 732.05414
747.15527 635.71332
555.16943 834.58270
622.60468 810.83276
654.71729 795.47656
621.28741 508.79895
602.34772 503.95450
589.80145 501.00055
751.62549 454.10870
603.64136 473.71768
624.03912 462.98648
646.02960 460.97513
667.98022 465.52063
681.20978 473.24084
794.22021 431.92865
676.32849 502.11807
573.38794 670.85547
554.06549 625.67914
534.49371 660.96484
659.03040 776.85669
627.71802 793.62781
556.71277 823.26324
725.09644 740.90240
589.59253 488.76129
545.04114 539.94965
590.27618 824.53003
768.84021 639.10394
541.89014 717.51263
545.95892 725.04364
549.35559 734.50208
552.20807 745.68646
562.12775 755.72516
568.26544 721.72314
572.19409 720.80560
575.79688 719.35638
608.75134 703.23712
712.61389 649.89117
546.51801 517.28406
564.41144 477.95279
579.65155 480.29260
564.48340 722.27081
712.14093 698.69354
540.66443 477.78748
577.83209 775.28992
528.74945 528.93982
558.78235 575.35016
544.70251 783.35712
627.98096 746.46033
600.90668 634.19464
604.96503 763.54718
660.27417 631.56970
623.35132 656.47888
677.63025 666.97668
552.90680 806.12653
570.63281 588.31018
650.24933 758.47144
620.18445 776.94421
646.41675 724.01660
737.81152 671.66455
679.32605 723.58453
753.18256 683.60999
639.02240 686.86639
558.98816 554.74683
552.32104 617.80237
564.03528 624.46973
544.68677 602.97223
581.62634 454.14899
619.94720 436.56000
655.42474 432.88434
684.94714 437.84695
705.65845 449.09711
718.84998 489.12323
787.84558 540.57074
699.25073 525.17303
674.30237 534.47778
642.76129 536.76129
613.15869 532.10577
590.53796 524.23138
574.58350 516.63013
792.32092 535.70245
562.87189 630.33191
543.84326 560.23370
537.94458 617.83600
526.83630 627.39752
537.54700 621.37805
556.70648 636.20941
523.03656 629.14032
520.49042 633.58862
574.80896 498.71545
561.79901 503.72104
552.36627 508.32614
688.40112 479.34055
704.19958 468.69641
393.64368 484.95941
423.40051 484.79807
392.96533 456.63931
363.32739 484.98743
394.12692 512.99963
639.03833 484.55222
669.70367 484.60999
638.65387 456.58804
608.23322 484.24738
639.36896 512.54065
