510.99460 748.11957
511.35828 696.45532
512.52185 707.65735
490.29016 597.09143
511.25452 669.77460
511.42694 629.51404
512.25568 527.63263
339.80359 491.41956
511.94330 464.33020
511.73572 430.93774
513.58484 281.66910
510.94016 754.00952
511.06699 759.52441
511.62039 763.14850
510.82190 787.63635
509.96756 797.45129
509.08405 809.42108
508.63699 822.43817
515.04126 855.07532
511.74265 706.33252
483.05463 698.54370
254.28940 378.02615
412.65048 514.03815
387.56458 515.47040
362.69330 514.70605
329.60736 499.33395
433.31317 510.82849
369.33701 455.09094
399.13147 458.40225
343.69519 458.09155
327.89746 465.43481
308.54150 513.46320
420.37982 886.86096
329.88184 484.68460
239.87091 491.26508
279.53772 494.76538
381.52365 631.63458
476.58167 741.30591
478.69171 754.79852
446.70221 740.26031
426.43347 738.99689
453.08969 749.98584
434.17117 746.35468
386.75525 775.14722
489.29742 694.35547
486.25977 667.98413
292.12421 448.09824
438.17731 569.99060
424.83881 663.39551
424.59955 645.86755
306.84650 616.35156
488.07269 630.61133
349.47906 435.50641
314.90387 437.45059
275.84973 339.74155
460.78003 465.06134
425.13333 468.24359
364.20288 744.26581
267.41364 725.05963
442.48505 680.23944
464.19528 690.56757
397.70468 736.44568
403.99942 739.18213
302.56378 420.05957
422.31891 668.50140
397.73346 443.64081
392.84750 423.94305
369.24884 291.61429
291.03632 377.14679
384.02991 351.95670
278.78381 433.31732
267.63809 406.28720
476.91876 748.68976
449.65030 745.32861
430.12878 742.69977
447.67072 683.60254
400.94745 737.82849
414.55511 755.59924
407.17963 740.60095
458.19702 683.24335
438.15826 749.12500
456.81198 753.44043
481.36130 758.86627
476.25812 851.22333
473.57806 817.19843
475.01566 804.36981
477.90268 792.50879
481.38599 783.62518
438.84430 764.68347
434.27942 767.99878
428.63455 773.56030
424.65051 780.49927
393.71887 719.78131
240.19229 591.94812
512.01129 708.05621
425.61282 754.28918
419.99338 754.35382
474.49045 700.93176
429.36829 679.96442
469.51126 696.05078
412.25833 580.16150
369.37122 593.36420
419.39029 652.56958
311.60229 309.96292
327.96497 357.63663
341.37183 415.18311
410.28845 805.50464
452.71338 435.40210
443.51669 351.85913
434.42737 282.93958
341.63593 509.06082
281.91693 528.16571
446.31848 507.44171
303.93909 472.27570
455.70227 557.71338
442.40399 663.62891
255.69107 545.81927
298.75647 548.12036
330.18872 561.26483
378.20697 560.45660
413.41476 552.20581
438.19250 544.00623
488.43588 532.38361
255.15112 598.00281
284.20056 467.72772
497.48474 704.68274
436.81284 599.48987
236.02475 477.05011
456.91583 535.05908
416.99078 648.60419
319.44098 485.79401
442.14218 641.83624
249.42044 656.46637
444.96490 498.84598
465.09421 634.52875
316.38766 803.62317
323.84216 830.20581
237.64627 598.73486
284.33032 763.48804
253.16470 443.98999
417.94617 914.55005
500.09116 706.54193
413.26880 613.33795
259.91647 495.15314
365.45425 499.79834
387.33768 501.20255
410.08673 757.55292
256.99841 649.94708
463.75513 953.09686
392.05200 905.68774
361.49207 873.67859
512.39124 353.05515
515.02716 959.42920
408.28012 499.84503
428.04660 498.22601
440.19534 498.75134
267.85886 458.35760
421.04193 479.55371
398.12964 471.29089
375.44214 469.71637
354.13120 472.94208
341.72153 478.13345
241.76505 421.23065
350.42007 496.08075
513.35095 721.68994
421.13281 713.96307
443.33246 679.48505
472.77158 718.60144
512.36841 492.12189
352.33899 844.61194
384.18353 879.67200
461.96161 937.85168
293.77374 783.63654
437.28156 491.40164
471.30237 575.81354
514.97266 944.76062
424.47968 934.18762
245.22421 656.21228
457.66235 775.21674
452.73410 781.59509
448.29483 790.93909
445.44385 802.66760
438.75922 832.60840
418.42093 742.88745
414.19315 740.21234
410.79816 737.64355
372.52325 728.96533
284.51282 669.42743
472.55334 543.85168
462.12164 488.85431
447.25732 487.00958
423.29398 745.47186
286.03802 728.91028
481.29150 495.21976
429.25415 857.18011
511.72522 594.78021
489.12723 566.44482
511.98026 562.56616
451.40845 614.63855
514.82843 918.21832
514.93011 884.02643
470.48898 879.16504
371.28436 789.09406
396.16815 665.74261
398.28198 826.25403
338.05301 657.58954
372.01068 687.96643
316.32089 692.91016
463.97937 911.83392
434.98114 622.61157
355.45224 813.31836
388.09326 851.48706
347.18814 751.92688
264.55365 694.28534
318.87006 759.35571
259.57275 711.10620
350.43512 710.87769
454.63391 587.40991
450.27478 678.49347
432.20245 674.80090
463.16248 666.30078
441.89932 470.27856
399.24554 454.61487
361.80981 449.50992
331.95831 451.39325
312.58179 458.81708
302.17734 490.57718
235.60706 544.43604
322.51135 525.42596
348.55804 534.85297
382.52408 535.89478
413.92542 531.43219
437.31390 526.25751
453.13177 521.72937
237.11600 532.76410
431.70294 676.76196
470.35455 604.51257
469.71548 687.09827
482.40326 697.46460
468.83862 688.28503
437.36664 681.94458
488.50586 701.84985
490.41647 703.45154
453.53259 502.14349
465.24509 511.50180
471.20547 519.70978
334.79443 481.99722
318.30048 473.76730
533.27747 597.01453
682.49109 491.61191
541.28174 698.67169
775.32263 376.65936
611.74268 515.15692
636.78564 516.50519
661.62964 515.49207
693.85248 499.21002
590.55566 511.23706
654.69226 456.78421
625.15082 459.48718
680.04492 459.55853
695.32782 466.15601
716.52930 513.26251
610.47687 887.33411
692.70123 484.76776
790.09839 491.59546
745.61865 494.08777
646.27997 631.73718
548.78339 743.39417
546.91589 756.77155
583.70441 744.55475
607.36664 744.52698
576.79962 753.65143
599.41394 751.10046
647.95477 775.45599
533.56561 694.45410
536.13953 667.89435
731.63562 447.21454
588.80774 569.74420
601.03088 663.46942
601.51129 645.71106
721.40723 616.68335
534.88672 630.43970
672.34570 436.84601
707.96881 437.71130
753.07892 338.49170
560.96222 469.35870
599.10461 468.74695
670.88885 744.69061
768.99451 725.95154
583.46912 680.54004
561.55914 690.66046
641.60248 743.36798
634.85254 745.64526
721.17737 418.36270
604.28406 668.72858
623.30664 446.83170
627.60754 426.09119
658.03119 291.13318
736.34570 376.20715
640.92236 351.52066
745.78430 430.97745
760.92090 405.79980
548.28137 750.74011
580.22821 749.35144
603.63684 747.78235
578.19855 683.93231
638.16278 744.48254
620.81921 760.59271
631.51746 746.81433
566.45599 683.51007
595.66925 753.50330
573.23151 756.63507
545.17914 760.51538
554.35889 851.61316
546.24536 818.19879
545.75018 805.47595
544.68921 793.69263
543.10754 784.90143
593.19250 768.24219
597.25922 771.34827
601.98944 776.70721
605.36530 783.33661
637.48004 720.14624
793.41516 592.70404
610.08514 759.06085
615.45374 759.25177
551.69623 701.06683
597.81030 680.30640
556.48810 696.23175
615.04028 579.94159
658.35266 593.35913
607.57764 652.57513
716.60168 309.05084
698.20850 356.92780
680.32703 414.70306
622.96472 805.87122
568.52112 438.88452
581.19708 351.62921
592.72406 282.72302
682.12360 509.49188
744.28802 528.10315
577.37177 507.51566
719.66779 471.90793
570.77667 557.49249
581.91052 663.76465
772.96027 546.26404
727.41235 548.84656
696.09845 562.35590
648.09399 561.66614
612.57391 553.19818
587.41693 544.75964
536.38965 532.33496
774.00818 598.60706
740.25165 466.99231
526.05115 704.76331
589.74200 599.21796
795.44275 476.63031
568.20636 535.68866
610.65009 648.63947
703.72314 485.36530
582.60364 641.70435
785.74280 657.25934
578.22943 498.67346
558.41498 634.39099
718.28076 804.86572
712.03937 831.12927
793.37427 599.51880
749.89880 764.63757
775.95905 443.78476
612.84290 915.10754
523.94006 706.56006
613.95605 613.22473
766.00128 494.29968
657.14526 500.59750
635.66534 502.35968
625.29956 762.58490
773.40155 650.96057
566.35437 953.07031
640.59155 905.77606
673.30627 874.27124
614.93250 500.79218
594.77905 498.53189
582.72003 498.76050
757.11230 456.17810
603.41028 479.97940
626.38641 472.59894
648.91956 471.67426
669.39484 474.87152
681.25281 479.46045
788.36621 419.88940
671.91663 496.40451
608.53497 714.10608
582.19556 679.80219
555.10382 718.96930
681.66589 845.72644
648.21393 880.57068
568.06024 938.13123
742.83911 784.38403
586.35449 491.40439
553.55511 575.65167
606.41602 934.03259
786.84717 657.25183
570.48132 777.62805
574.10608 783.74591
577.09784 792.71796
578.89203 804.14801
592.93188 832.87561
618.84229 748.38574
622.97198 746.04803
626.62628 743.86993
660.78815 729.37457
745.23389 670.30280
553.01978 543.85046
561.98645 489.20544
576.55640 486.99548
614.20453 750.62195
746.89685 729.93164
542.33429 496.54462
602.00409 857.53754
535.02789 566.29010
573.86847 614.60901
559.71185 879.43115
662.29437 789.54248
632.35449 665.78717
634.35254 826.60901
690.49945 658.10187
657.97052 688.29333
714.20801 693.72223
565.88483 912.20959
591.35724 622.31189
678.12354 814.01471
644.28198 852.10730
686.48511 752.54364
767.62122 695.30432
714.46411 760.26855
773.76105 712.15283
681.82959 711.39227
571.03809 587.30347
574.17639 678.72742
593.51562 675.06726
559.93158 666.34216
581.20288 472.11261
623.46448 456.83453
660.82703 451.50806
690.91003 452.75128
710.67566 459.17828
721.83997 490.10107
794.45337 545.07709
702.25610 525.93304
676.79138 535.76654
642.85864 536.91351
611.28082 532.33911
587.60242 526.68652
571.59967 521.69318
795.51245 532.97620
594.44385 676.99323
553.83521 604.40033
553.57764 687.28693
541.53979 697.83258
555.20990 688.70111
589.13232 682.17834
535.16388 702.00690
533.73676 703.45557
570.03772 502.09113
559.19269 511.42728
553.16943 520.35583
687.91064 482.73145
704.70886 473.76117
382.67383 484.91608
409.67917 486.01154
384.19080 461.39337
355.76166 483.79706
381.18112 508.54895
644.66522 484.62650
671.77930 484.53271
643.73859 461.13611
617.24255 484.52368
645.40540 508.12238
