520.26599 735.13293
521.43854 659.41827
519.51727 680.90997
497.89709 564.22943
521.46039 631.18781
520.83936 592.79724
518.74323 498.88660
338.85199 495.85959
517.77802 419.80646
517.61359 381.45859
516.92084 265.99768
520.15674 743.41394
519.76288 751.26172
519.49786 756.23322
519.97406 756.33862
520.48169 765.81415
520.65216 776.72705
520.48785 788.52539
520.92535 823.19946
520.90869 672.80865
492.46964 669.69800
237.36670 384.55719
409.94037 516.73077
384.10370 519.13507
359.61157 516.73669
327.48056 502.58282
432.73898 509.99039
370.25812 435.06256
399.98108 438.25024
342.60907 440.38217
324.61206 452.34003
305.57257 513.81042
425.62476 864.96130
329.61804 489.12204
226.64081 498.81616
276.50250 490.56232
383.43158 618.84900
482.83115 728.77661
485.59573 748.82385
447.89297 733.01959
423.99277 736.94733
456.44751 746.66949
433.47839 745.15741
389.08380 766.46393
498.66092 658.34448
495.60144 630.77283
283.80719 414.76923
440.45166 555.96747
430.32251 641.37659
429.06195 625.44110
305.74945 609.15863
496.64160 595.16541
341.99283 382.80328
307.14011 393.08069
260.76810 337.65402
458.81564 410.98468
425.98560 450.95618
365.30377 740.75934
256.49887 742.59412
449.14255 657.77325
471.35114 666.81000
391.46375 741.65558
398.11740 742.70483
291.71985 372.51300
427.00183 650.26221
391.16290 385.95862
386.41376 362.36597
364.63733 277.15311
277.95825 361.07996
378.42908 323.02060
267.86908 399.83228
254.21405 399.79834
483.62164 739.96924
452.11880 740.26416
428.60107 741.04364
454.52069 662.03625
394.90320 742.18048
410.77881 749.32074
401.59482 743.29926
466.13541 654.19824
437.50510 748.34607
460.52960 751.08417
488.08905 754.13080
483.56461 821.40039
484.19116 785.53552
485.09869 773.66980
486.63708 763.10101
488.67795 754.23798
438.03244 748.38220
433.69293 751.90826
429.07275 756.95575
425.36728 763.20844
396.35773 709.76428
226.99744 612.90027
520.27917 677.45404
420.67163 746.11426
415.78391 747.45715
480.80682 677.00275
434.74118 664.03235
476.28906 672.04791
412.05542 569.35254
368.79712 583.43658
423.09738 635.27789
300.24207 300.39120
316.59924 334.02704
331.66425 359.41489
414.52542 788.39410
450.37296 372.78098
443.52118 323.86990
434.63226 267.35089
339.39807 511.54538
278.87180 528.60046
447.76462 503.35669
299.75555 460.50067
459.45590 539.85114
449.62744 635.36353
248.78448 547.18555
296.40198 547.06732
328.75940 557.17090
377.31583 556.21381
413.97989 548.14313
441.31531 537.20007
494.27664 505.30499
250.29562 599.67743
279.18457 450.84491
506.76721 671.59735
440.52753 582.67908
219.68118 494.44238
461.71671 523.88733
420.21472 634.56488
316.28635 486.77011
448.56219 615.77521
236.99185 676.87665
447.95721 494.56836
472.88763 603.00800
311.61737 801.75281
318.04456 832.89813
229.13675 609.18707
277.75427 767.65369
239.64581 445.74072
422.46805 892.81622
508.73666 676.31738
415.32355 599.93115
256.03442 493.10846
362.57501 504.32620
383.90985 506.11328
406.49081 751.99274
252.56534 652.74225
471.43280 929.35925
393.80963 893.46619
359.28690 868.21655
517.34070 325.95163
524.07404 933.57208
405.68872 503.84177
426.87607 499.34500
441.02271 496.79132
260.95621 442.07959
421.86298 478.28833
398.17520 472.63983
376.60126 472.50549
356.06573 476.49658
343.07825 481.70892
224.54117 433.69040
348.52847 500.28992
519.38721 699.34375
424.63205 699.99585
450.46521 654.98138
478.62103 698.42517
518.09344 460.70667
349.66730 837.04095
385.37366 865.03510
468.83185 911.07812
285.02692 794.32031
439.74438 487.86237
477.21664 549.43781
523.20679 914.55579
429.73450 915.07385
237.38101 667.25378
461.19186 751.13892
457.17023 757.65845
454.17850 765.85406
452.11490 776.34192
445.14874 807.99646
414.87756 743.75775
410.04504 741.60675
406.03140 739.42993
374.35645 722.99127
282.54889 665.75708
477.48773 520.95886
463.25433 468.62704
449.48032 474.86475
420.27457 745.97510
281.88232 728.70752
485.31256 465.35757
435.17468 835.33490
520.06390 560.64996
495.78162 536.33655
519.41144 531.13727
457.32608 591.07623
522.50562 886.98541
521.63300 853.11121
477.94009 851.23962
371.08173 780.89886
398.37088 653.72772
401.05975 811.51489
339.37897 646.20996
373.26508 677.13440
315.32733 685.37366
471.11594 884.28851
439.28580 603.85992
353.77237 804.52930
390.09406 836.01099
345.73688 747.37390
259.20850 697.86243
315.80499 754.95789
251.64352 720.53052
350.36465 704.18073
459.77878 565.99023
458.08975 649.22388
438.64584 651.61609
471.59006 632.67249
440.46088 438.89670
396.54828 418.83438
358.95233 415.74606
328.69073 422.86938
308.17557 437.07938
298.71118 488.45096
224.94208 553.70197
319.78961 525.68958
345.93787 533.47229
379.92743 535.52515
412.42627 530.85138
438.29044 522.50464
455.68082 513.93500
222.36865 552.91168
437.44638 656.41608
477.26544 575.37885
478.53406 653.57977
491.89606 666.52856
477.67978 657.26868
443.53943 663.11755
497.78204 669.59125
499.34830 674.06073
456.82330 494.53174
468.69540 498.85678
476.32089 503.01755
335.42560 485.67926
314.17340 466.41476
542.01056 564.14343
692.28741 496.33981
547.11023 669.58380
781.25879 385.57135
625.49280 519.23907
650.33203 520.28308
673.57953 517.39453
702.84351 504.50116
603.67676 513.46381
659.37579 438.60681
631.49609 441.89069
685.73938 443.61237
702.68762 455.38861
723.78333 516.85992
616.15674 864.23163
700.48132 490.31168
792.07886 499.14636
749.65497 497.22211
651.24304 619.40466
556.95441 729.32886
553.02808 749.26038
589.72412 734.05432
610.62476 738.25763
580.26001 747.45721
600.98016 746.19495
647.62555 767.02686
543.78943 658.35730
546.86469 630.71698
739.59625 422.37009
594.61029 556.21985
607.78918 641.61816
608.48157 625.60388
725.87408 609.86694
544.59625 595.02435
682.35828 388.21240
716.40894 400.00775
761.39252 338.98245
571.23486 412.93668
607.22864 454.56598
670.27777 741.50751
765.08698 741.63770
588.70801 658.03351
567.06958 666.92688
638.45294 743.36426
631.87878 744.25421
730.51355 380.39301
610.15509 650.62842
635.27777 389.18011
639.17664 364.78320
665.41046 278.24316
747.76611 361.48154
653.47693 323.42892
753.67639 408.88879
768.39185 400.19000
555.73242 740.49261
585.22400 741.26233
606.10968 742.23401
582.98236 662.27441
635.11737 743.82031
621.96423 750.52600
628.38940 744.76099
573.50922 654.28650
596.42340 749.12866
575.51276 751.67230
549.93518 754.46655
557.67688 821.40527
556.03949 786.10272
555.06921 774.04327
553.14569 763.40912
550.26959 754.48730
596.50452 749.04761
601.79742 752.73438
606.69824 757.84949
610.35266 764.19580
639.75470 710.28558
788.21436 613.11389
611.59900 747.14294
616.95001 748.58923
558.15680 677.18188
601.90692 664.48889
562.43854 672.27161
622.10480 569.77209
664.87805 584.12885
613.75488 635.64581
725.99335 301.64185
712.08594 334.48053
691.30548 364.58047
623.73999 788.50488
578.23889 372.82980
590.09900 324.12503
597.83301 268.07059
692.14337 512.88489
750.22845 532.92480
589.26691 507.31668
726.67792 465.49689
576.30475 539.94446
589.96283 635.54797
775.91205 547.85480
735.14667 548.69501
705.73987 557.08533
659.21637 556.76550
623.46490 549.24646
596.07465 538.27960
542.79932 505.27301
775.96411 600.33307
745.58472 458.16290
534.80157 671.60425
595.19354 582.87708
794.31763 494.87708
575.76575 524.23706
615.74988 635.02020
711.78271 489.74265
590.18591 615.91144
780.79956 676.52246
587.95862 498.88818
567.31451 602.96637
721.47095 800.49182
713.59180 831.08887
791.31970 609.13116
751.03870 766.41876
780.44604 446.21375
620.35718 891.68042
531.58875 676.28125
619.63757 600.34277
769.21692 502.33307
670.40607 504.18707
650.12915 506.68787
626.16492 753.25940
774.50928 652.94940
575.44720 928.35767
647.09808 891.57697
677.82959 866.29968
629.15082 505.76837
608.72797 502.78439
595.17938 501.20096
761.56274 451.34332
611.83850 480.47281
633.19250 473.36649
653.73236 471.89499
673.96503 475.35840
686.84906 481.25867
791.31903 434.47046
683.40295 500.32300
612.71844 700.43964
587.81018 655.24945
560.22321 698.70435
686.93219 835.78107
654.36829 863.82202
576.31537 910.34229
741.35400 792.92297
595.64691 491.27917
560.57812 549.41510
614.57690 913.46155
784.60071 666.82739
575.81580 751.59088
580.80914 758.22528
584.31110 766.53845
586.76282 777.17596
594.71667 807.84973
617.12109 744.98859
621.96655 742.95697
626.03802 740.92133
661.20795 723.63013
747.84778 666.13440
558.88800 521.07788
571.53717 471.06641
585.65491 478.53839
611.54181 747.08038
748.59497 728.22308
549.75854 466.35849
605.38623 834.95264
542.70477 536.24304
580.30737 591.33252
564.49939 850.99292
665.22699 780.89984
636.71790 654.05273
637.32935 811.24591
694.44092 646.73737
661.59546 677.55402
717.71277 685.73737
572.73962 883.88245
597.23767 604.03546
682.85114 803.79102
649.18372 835.24213
689.18390 747.60602
768.65594 697.51093
717.83270 754.50000
772.85791 719.62274
684.38214 704.71057
576.92279 566.17767
581.70221 649.30157
599.64465 651.89825
569.52875 632.70282
591.54034 441.80194
632.58386 422.29626
668.49298 419.50037
697.89478 426.66229
717.97180 441.67853
728.11987 493.08920
794.24463 553.92023
711.08020 527.75806
687.21588 534.37543
655.13043 536.82458
623.62238 533.05469
598.32971 525.35962
581.10468 516.44415
791.62848 553.21942
600.05096 656.73035
561.69061 575.32544
562.67456 653.54681
548.59930 666.49072
562.66321 657.37610
593.66962 663.35345
543.32349 669.57318
540.51917 673.89124
579.87103 498.37042
567.77661 501.02295
560.44519 503.09735
694.53937 485.96295
712.97986 469.91949
384.17615 489.51099
410.50208 488.97049
383.98630 467.30740
357.79376 489.87155
384.34982 511.18387
643.83472 490.57294
669.09094 490.03885
643.44958 469.14325
618.74188 490.94604
644.26367 511.66214
