509.17136 737.64532
493.85025 640.97021
499.31628 668.75586
476.35849 554.48206
492.95996 613.27893
494.40546 578.35822
499.82532 495.93832
341.89005 496.77603
500.90451 432.77985
500.38919 398.00931
500.30096 276.12878
508.82040 747.29065
508.53366 756.65039
508.56836 762.96741
508.24829 763.61719
507.76349 773.13220
507.10391 784.92712
506.56473 797.81995
506.51175 850.68518
495.90164 655.57794
476.20285 655.79791
249.52817 408.04593
408.94025 519.97778
383.34546 522.38397
359.72293 520.41443
331.60172 506.73596
431.02917 512.16473
369.30865 441.39243
398.93622 442.72864
343.35013 447.94507
327.67218 459.77460
309.48798 523.69360
420.67755 886.00708
334.18619 490.05798
241.59644 519.60089
282.84659 506.11548
383.74771 625.30322
481.18692 731.18152
483.63077 754.92053
454.62988 740.32257
436.74786 749.47156
462.44821 755.52399
445.69818 757.67517
399.32520 795.08099
473.98615 640.82233
470.03076 614.29938
288.76404 437.85162
433.19507 557.69769
425.41119 635.96509
424.45490 622.26978
313.60132 625.49780
472.77707 581.82971
341.61108 405.72324
309.29639 417.13208
269.16245 359.04437
451.89337 424.16025
425.17145 453.32489
381.58524 767.54871
288.64764 768.60297
444.58801 650.62463
462.97012 658.19348
415.18762 763.23743
420.60797 762.75995
295.39941 400.67255
426.22168 647.86383
387.85007 405.75903
381.59869 384.79352
362.57330 293.02853
282.10590 380.48239
375.09866 338.30307
274.82932 426.87680
261.03830 420.44385
481.74878 744.50867
458.38837 748.58081
440.97308 753.68805
450.56030 655.31317
417.97757 762.98962
428.39081 766.97485
423.45059 762.53906
452.97537 641.58813
449.66177 760.44025
466.11902 759.96051
485.86914 761.11102
473.21173 848.46979
478.91354 795.32507
480.23444 782.29407
482.58026 770.91241
485.43173 761.68793
449.50369 760.62726
445.15463 765.20245
440.45386 771.29791
436.49420 778.89166
403.36603 719.64783
257.34106 639.30829
497.65869 662.01917
437.28568 761.63593
432.89105 764.00787
469.47302 668.33051
435.86658 663.27747
466.31119 663.43567
408.00650 573.99579
367.95325 592.66504
421.73999 634.57343
305.17957 319.51987
318.28070 351.76025
331.79276 385.39200
417.45309 815.75073
441.08295 389.13922
433.52069 335.60440
425.35400 280.28473
341.53839 515.72223
283.33902 543.00043
445.66077 504.30450
304.30316 472.32513
449.33475 539.58051
437.48221 625.38049
257.12469 565.16162
298.07947 560.87000
328.15656 569.40393
375.26068 564.42181
410.88867 552.93524
437.28354 539.29553
477.46759 502.88660
262.83307 619.72766
284.59711 469.30319
483.85477 654.83759
434.09485 582.99469
242.80713 521.62280
456.39938 524.00348
421.29550 636.89325
322.18182 491.40247
437.67560 608.65918
269.29608 702.80341
447.62784 494.57422
454.32248 592.26251
327.92590 825.36188
335.29041 857.60724
248.05881 630.73718
301.31342 791.07587
250.83481 466.81342
416.87564 913.58777
488.23315 661.20355
413.10321 603.41174
264.16757 511.56262
362.76770 505.63330
383.15982 508.25818
424.32175 770.90704
271.89441 673.34473
461.04541 953.62170
393.59802 915.19177
366.24188 891.09857
499.86340 335.67722
513.21057 960.61102
404.93188 506.48447
425.95468 501.50497
440.15381 497.94772
268.62415 464.94247
424.16986 474.68542
401.40369 468.00479
378.91101 467.89319
357.97427 473.29517
345.82269 480.31735
241.71713 459.40912
350.06775 501.21625
500.01862 690.53644
425.02603 702.94812
443.68546 646.15497
467.09613 692.51465
501.22952 465.27716
356.90372 859.44849
386.28674 886.03442
457.68414 933.82367
311.65411 820.38293
440.22931 486.19708
461.89706 544.62891
510.59821 939.89526
423.36932 937.04742
260.44257 689.13452
465.68387 760.29120
461.33405 767.48645
457.76422 776.73407
455.11893 788.49762
441.25479 834.71167
432.70728 760.11316
428.06567 758.57336
424.26523 756.65277
387.98447 741.56622
300.57812 684.68713
463.90836 519.23645
460.20575 470.76013
448.05853 475.37152
437.48621 761.44641
304.65222 750.69537
476.92523 467.89087
431.12451 858.96606
496.47751 549.91229
476.70984 529.73206
498.13992 523.61230
445.88815 586.67010
508.67297 911.40710
507.57895 878.64172
467.31921 875.23706
378.34064 806.70331
401.70959 659.40027
402.48395 836.24597
347.15210 658.27966
379.96857 687.48553
330.96399 702.71490
459.85944 906.52991
433.48178 602.67151
360.77490 828.36017
391.04926 858.25183
358.89780 772.31537
282.38147 719.17352
332.31384 778.41931
276.87415 742.90118
363.79367 722.91931
448.82062 563.48743
445.11438 637.04272
433.04395 644.38580
452.16623 618.54028
438.19077 445.13202
394.62091 429.21347
357.55933 428.50504
328.76794 436.49060
310.80902 450.61844
304.91455 498.19138
240.75653 574.74219
322.04645 534.45789
345.76691 541.33630
378.66437 541.38342
410.76437 534.92133
435.86060 524.84277
452.72772 514.96741
249.60263 580.35400
434.73621 651.53876
459.88055 567.79395
458.95685 637.65869
473.38739 651.04803
461.09073 642.60071
442.18445 659.26672
476.97299 653.28857
481.11734 659.55975
454.95099 494.77557
465.24213 499.19946
469.93204 502.34357
339.26321 485.50708
318.92767 473.39276
518.23352 553.78101
685.37976 489.47284
520.97540 655.19427
792.37360 395.71201
613.68146 511.96869
638.97095 513.76074
663.65082 513.19208
696.66815 499.94357
592.20142 506.82263
653.05768 432.46283
622.88440 435.56616
680.49310 438.40591
697.66992 451.05829
719.71576 518.08398
606.94800 888.53754
695.18665 482.84558
810.60339 510.75519
750.35834 501.13242
632.20844 622.54193
537.80847 732.09125
534.25195 755.87390
564.37097 742.66559
581.79504 752.46680
555.85358 757.60583
572.85565 760.52209
624.86053 795.79791
515.00696 640.17993
517.44244 613.52399
732.62012 430.48901
579.54150 555.41663
578.03253 634.61041
580.96399 620.67651
713.07898 620.93707
517.65143 581.09644
671.93146 396.87708
707.75513 408.15338
760.18762 347.48505
558.16046 422.37817
596.77576 448.77936
643.13672 767.85535
794.58661 768.42737
559.20776 649.94806
539.31824 657.92816
604.04169 766.69794
598.72418 766.14398
721.74054 392.32306
580.60223 646.91656
623.40784 399.48312
627.70215 378.28299
648.40332 285.54883
737.46021 371.65942
631.25116 333.41913
748.66620 420.50525
769.79968 410.40958
536.44885 745.38208
560.15265 750.72375
577.57941 756.56976
553.73041 654.97809
601.26538 766.43903
589.67249 769.74628
595.82935 765.88824
544.88672 640.36884
568.97650 763.14380
552.16858 761.93958
532.14191 762.08411
541.90698 848.85815
535.14905 796.02502
534.62561 782.97284
533.62805 771.59991
531.91711 762.48828
568.57983 763.06958
572.71741 767.37738
576.66809 773.22882
579.79010 780.52673
610.55322 718.97028
823.52063 634.05151
581.39264 764.49054
585.51062 766.88556
532.10541 668.19312
573.25793 663.19916
535.51697 663.23969
607.37836 571.10535
650.66376 588.91718
586.61548 633.26941
714.62567 309.38248
693.28497 344.93201
680.78015 376.79388
604.51556 816.74390
566.42944 386.72360
569.18079 332.72476
579.57031 276.10080
684.65668 509.05035
749.34753 537.54193
577.74323 501.22455
722.25208 465.77554
560.70148 537.71442
560.76904 623.88977
783.59399 558.07190
730.55402 554.39044
696.03772 562.43536
645.11804 557.85968
608.32703 547.39838
581.16040 535.56421
524.24542 502.14215
780.09399 614.29346
743.42200 463.68005
508.47040 654.55469
576.12421 581.02448
824.91809 512.08765
560.70819 521.83459
590.62177 635.62305
706.57294 484.55869
563.04541 607.09857
815.03467 699.86597
577.89807 492.45825
540.60852 591.03137
726.09338 828.50732
730.53912 862.37097
813.80597 625.32562
760.72095 792.42810
791.28619 456.56219
615.07733 917.38263
507.50653 660.93341
600.34833 601.20056
774.57935 507.68042
660.63171 497.04034
639.43170 498.65369
593.44635 773.54828
776.83618 669.71796
568.57251 956.56763
652.31128 920.98096
688.92969 897.04004
618.48309 497.51270
598.24103 495.10138
584.62427 494.26721
763.23474 459.74084
603.07764 470.68900
625.76929 460.98895
648.03961 459.16156
669.67719 463.89026
682.53137 471.60184
812.72766 447.74109
675.13849 493.58508
584.83514 702.53461
558.36151 645.17822
535.02167 692.20673
689.62531 863.60730
654.14941 890.92090
566.60291 935.80212
764.33643 822.70959
585.95001 484.11319
540.38739 543.26819
613.34290 941.92896
806.25732 686.02954
551.98547 761.95081
555.65503 768.95032
558.22607 777.96521
560.09662 789.45483
577.20514 835.44385
586.33655 763.21710
590.71649 761.75433
594.56165 759.97266
631.01978 741.12415
736.74487 681.59253
542.02301 517.96912
558.78522 469.59839
574.71576 473.19135
581.68744 764.54547
743.18604 749.90967
535.11603 468.12671
593.14337 860.91754
521.46533 528.94897
557.76221 585.30731
550.82330 876.26953
651.67761 807.93335
612.77777 657.71619
625.77325 838.20160
674.37762 655.12421
637.53754 685.46924
697.97455 700.41748
560.41736 907.94617
574.62994 600.95721
677.08960 830.63513
643.02954 861.47504
671.01013 772.61414
770.64001 717.23663
707.53027 779.02448
791.01398 742.02667
659.24792 721.45892
557.67285 561.89307
552.35583 635.68719
569.54724 643.30359
540.22479 617.36060
579.25226 442.72504
622.14062 423.15244
660.00781 420.00421
690.88287 427.26221
711.94897 442.26306
725.05811 492.52554
815.93481 567.14893
704.86340 528.29883
677.73761 534.94122
642.87933 534.23120
610.42029 528.39142
585.43573 520.57623
568.04407 512.33856
825.88354 572.67224
570.13513 650.80969
538.58838 566.56970
533.46039 636.68268
521.66302 650.60297
534.29730 641.78870
564.30652 658.97577
516.47192 652.87152
515.31335 659.23114
568.41290 492.85950
554.58032 497.75751
545.46814 501.47830
689.69128 477.64294
707.76947 466.03522
390.02551 485.90436
417.86383 484.57220
389.12189 461.84927
362.22919 487.18295
390.75327 509.96448
643.32941 479.25696
670.14502 479.11530
643.80933 455.67529
616.73688 479.39075
643.15283 503.12494
