522.38397 667.51294
522.52911 604.00671
521.43079 629.10278
501.56476 537.77356
522.72272 582.55530
521.98505 555.95514
518.97894 490.64130
343.34412 495.65033
517.69714 425.99292
517.60358 393.68573
517.07538 296.08597
522.43317 676.58130
522.52881 689.21637
522.66370 699.23389
523.94946 722.67023
524.79205 736.88666
525.45215 754.65930
526.04706 770.45593
521.95154 776.65881
521.96686 615.75293
504.17685 617.38098
248.44281 401.55923
413.01459 520.58057
388.59848 523.35052
365.80832 519.99255
335.50037 501.92245
433.57190 512.50146
376.83624 436.72134
405.28595 440.09741
350.80231 442.43152
334.10022 454.05756
319.75952 514.64453
440.66415 794.56067
335.37469 485.64148
247.03171 498.08954
291.66040 495.44016
407.48492 599.81451
495.43741 662.66199
499.69836 689.96527
467.92566 676.36792
451.54462 692.88147
479.76230 695.82715
465.44733 704.85583
431.02933 743.46881
504.96048 603.76575
501.53525 583.65686
300.11871 433.12994
449.20282 543.83679
457.19479 607.06567
453.72958 596.90735
337.44861 600.58344
501.53680 558.74768
357.16714 405.89481
323.35565 414.74417
271.60382 359.51297
463.87256 426.97449
429.69458 453.28836
417.51840 723.74915
289.12384 700.20062
475.27725 618.21521
491.57047 623.21625
437.53250 725.10815
443.79962 724.04309
308.62415 399.36542
457.30212 618.73566
403.28412 407.69049
398.36331 388.28107
374.35016 305.06345
290.45703 375.79608
388.50299 342.46198
284.63556 421.72223
267.15344 410.37622
496.65808 675.85016
473.49969 686.56360
457.94345 699.08594
480.53113 622.47461
440.71738 724.74286
448.34592 730.83014
446.88535 723.28503
483.31360 606.61597
471.44852 708.15106
485.34198 701.94897
502.77072 699.14893
493.14496 775.97388
497.02414 768.45215
498.41016 752.57129
500.91492 734.48804
503.53442 721.67310
471.43533 721.37140
465.83890 728.61810
458.73987 738.06714
453.18173 747.11017
438.10785 679.82117
253.69142 594.91949
521.55475 621.62781
460.33090 722.07922
454.52014 726.28204
497.09705 630.99438
465.20837 632.32434
494.54208 627.10071
424.56012 557.99603
387.57056 573.75018
450.66656 608.28314
311.67261 326.24167
328.59171 351.51065
347.39465 386.92456
445.55927 755.59680
455.63220 394.49863
449.38687 344.01132
440.85394 296.59946
346.60184 513.30273
296.55685 529.84003
447.47675 504.95404
312.15656 466.40781
465.38348 527.94458
468.44168 595.06671
271.96594 542.64752
314.24420 547.04657
344.93506 556.32397
388.72333 554.44836
421.29028 545.95892
445.92673 534.55902
496.64813 495.99991
281.78131 590.77673
294.04532 461.59027
511.92459 615.20398
454.54440 564.35962
237.54822 497.31030
464.31534 521.37817
447.96976 611.14038
325.29330 485.75842
466.05579 582.99957
267.46793 646.60199
448.02985 495.93832
482.69485 567.94220
347.94177 750.38861
345.11774 770.09045
258.60709 592.43732
318.18817 723.17456
255.75720 451.92447
436.07443 809.24420
514.06281 621.01654
434.63989 582.06268
270.94159 498.81168
366.28680 509.38086
387.11899 512.29608
442.69614 734.96570
292.69965 633.70844
473.32669 834.36279
407.76361 808.72632
379.30481 793.30988
517.16833 346.84650
519.27521 838.34326
408.11935 509.57953
427.67633 503.76880
441.03397 499.75369
276.35028 455.51178
425.06720 471.49774
403.92624 461.03485
382.69962 458.96051
361.78949 463.92200
348.69617 472.17700
238.10080 445.25250
352.39209 502.87863
522.24628 648.53461
456.98175 664.33606
474.88525 613.25934
495.40674 651.82300
517.85516 460.40430
376.98233 774.40619
405.77444 791.12836
473.80713 824.33966
316.09143 741.85547
440.73956 486.36850
482.94000 530.67633
521.19910 827.54584
438.08414 823.06073
271.58936 640.07391
486.03934 721.03271
481.18912 731.46527
475.65649 745.79645
472.00851 760.34875
466.02823 767.24646
453.66119 714.70691
446.68613 712.56055
440.68143 709.07422
425.36887 700.74139
327.36044 646.23651
481.17432 509.98972
464.13538 472.92838
450.13266 477.00897
459.73035 715.49695
329.66931 696.32092
486.43890 469.99835
452.11279 780.63385
521.01410 534.17828
498.97623 518.24078
520.02277 513.51459
469.34406 565.74780
521.77179 812.02686
521.87073 793.26294
485.32092 791.71490
405.36102 747.19031
428.97711 629.37402
425.98837 766.23206
375.41867 626.73779
409.90976 652.03375
361.52954 662.72791
477.40118 809.60480
457.30298 580.49170
384.55145 757.18805
412.51135 776.17242
389.95081 722.42548
303.55920 669.46277
359.78500 721.16010
289.03357 683.49756
397.53949 683.33752
469.00574 547.10303
476.41544 603.29681
465.12344 612.88354
483.64542 587.51599
444.54153 447.22614
404.42130 428.87042
369.05176 426.05890
340.50610 432.67441
320.79828 445.91162
311.58972 490.46127
249.42398 545.07349
332.92773 525.78430
357.17181 534.47577
387.80432 536.92627
417.41937 531.95569
440.59839 522.74591
456.61505 513.70758
244.41702 546.08771
466.07111 620.36053
484.18814 548.94281
490.62427 601.83722
502.36996 612.72711
491.42328 606.18781
472.17593 627.47089
505.81049 614.16565
508.25528 620.20074
456.38916 495.85541
468.64838 499.55157
477.28525 502.15048
341.42554 478.88483
324.41797 468.12405
539.71356 538.06842
685.09558 501.63773
537.82178 617.60162
763.72675 409.86395
616.38367 524.03864
640.84119 526.74335
663.29584 523.72614
692.10419 507.23956
595.61627 515.80908
652.35553 438.80746
623.10321 441.73376
678.57068 445.10547
694.89838 457.87488
707.03931 519.77594
598.69196 793.61945
692.59711 491.72134
767.74023 505.63214
730.04285 500.38644
627.28137 600.58344
547.99176 662.98724
544.15021 690.18213
573.45392 677.14355
587.46497 693.99078
561.98193 696.52356
574.17780 706.06323
610.72681 741.66089
539.53271 604.01819
543.21460 583.78137
723.65332 436.39825
584.24304 544.88818
582.70648 606.95001
585.03156 596.70673
693.01489 602.66510
541.79578 558.87433
672.03040 408.17557
703.26410 417.27670
743.45123 368.15280
569.52057 426.79462
598.21069 454.71466
623.84216 721.89716
729.52234 704.20319
564.83972 618.03894
549.32318 623.00049
598.38324 726.10852
592.10065 725.24396
714.84027 402.25562
581.86456 618.27698
629.22034 409.16418
633.33252 390.10022
652.92450 311.23621
727.82489 385.93738
640.08630 349.67508
735.71942 425.55823
748.81110 420.14423
547.00525 676.05823
568.09882 687.29224
581.34564 700.17896
559.47607 622.19098
595.17303 725.88300
590.76904 731.43262
588.90857 724.54926
558.02258 607.06000
568.28314 709.29010
556.69568 702.53387
541.20947 699.27722
549.70447 775.60034
553.91290 768.62280
551.24139 752.71985
547.24530 734.60254
543.11975 721.94354
570.05255 722.62018
576.51129 729.27649
584.37860 738.42932
590.53278 747.13605
603.25085 678.43311
759.11346 601.13843
578.17645 723.30029
584.41504 727.16339
544.99451 630.83551
573.77881 631.65808
546.87964 626.95258
607.88531 559.23608
644.53748 575.45581
587.53265 607.86469
708.85559 334.38071
693.61823 361.53986
680.04407 389.78198
596.62695 754.11682
577.84009 394.96130
583.05859 347.48676
591.31390 299.86795
681.72339 518.16046
727.59003 534.53796
581.51044 508.08069
713.57892 470.76300
568.94537 528.95648
572.41736 595.40125
749.34650 548.15051
714.97137 551.66968
687.76465 559.59131
644.57184 556.48615
611.45184 547.39093
586.63074 536.00513
540.32574 496.65924
742.53333 594.96680
728.85852 466.46063
531.70441 615.34619
580.57391 564.81744
772.31580 504.33032
568.59094 522.81213
589.00055 610.62720
701.34656 491.54974
573.60211 583.13275
748.10327 651.96667
579.56384 499.05133
558.84607 568.19440
682.92419 751.20251
680.88837 771.20435
760.06824 598.17700
709.31537 725.42676
759.69269 460.36322
601.73120 808.39551
528.84216 621.10284
599.85376 582.53265
746.42004 502.33850
662.59729 514.28503
641.83618 516.72253
596.53937 735.23669
733.46533 637.31201
563.29993 833.66907
623.80206 807.74103
650.07025 792.97388
620.72919 513.95667
600.55591 507.86505
586.91309 503.49542
742.69220 460.74985
602.01050 473.59875
623.63928 462.73911
646.27985 461.01801
668.04871 466.93259
680.76862 476.46719
772.52271 452.88940
676.26172 508.65460
585.00787 663.32709
565.58679 613.36456
548.91046 651.48743
655.93201 774.25751
629.60559 790.45032
566.24371 823.76379
706.01074 744.32349
586.46558 489.15237
554.88434 531.27802
596.13062 821.98602
749.38934 644.93701
558.46320 721.88788
564.53772 731.97272
571.23730 746.00714
576.21765 760.40210
576.47363 766.12567
583.30139 715.88354
590.11853 713.61395
596.10535 710.19379
616.03943 698.88538
703.47406 648.28790
554.40094 510.99731
565.76849 474.34552
578.05817 478.95380
577.31476 716.79614
700.67590 697.81897
546.67627 470.44791
588.80798 779.56128
540.31055 518.65063
568.48749 566.14917
557.01929 791.15491
633.19696 746.06677
607.75122 628.79535
613.69232 764.94098
659.33374 627.69922
627.79486 651.63727
672.96155 663.39673
564.02509 809.10535
579.38672 580.51874
651.01978 756.55731
625.42358 775.24286
648.09198 721.59387
723.62732 672.44543
674.45551 721.37567
734.41681 687.30432
640.84644 682.48871
567.22845 547.73633
565.01501 603.71130
575.26428 612.82550
559.08057 587.79504
585.23767 448.04645
625.17902 430.66040
660.57233 428.62616
688.45093 435.61163
706.69769 449.52475
713.54553 496.44955
766.83557 551.72003
696.29175 530.60028
673.27606 537.85333
643.06580 539.47717
613.19086 534.23511
589.90503 524.93176
574.07501 515.68677
766.07990 552.62622
573.72009 620.02924
555.50885 549.35156
552.48511 602.24933
540.22363 613.13879
550.86292 606.80090
567.41132 626.89227
537.41992 614.42511
534.20770 620.32526
572.23456 498.49017
561.79718 501.30020
555.22168 503.58112
687.47845 484.15417
703.24451 472.85254
388.91309 481.92688
419.82581 480.70880
388.24451 449.61813
357.56876 482.68726
389.64035 514.19495
630.41553 489.38110
661.07135 490.39932
631.86951 460.08600
599.57513 488.59863
628.85217 518.68738
