516.10168 741.97687
518.27478 679.76453
516.71344 697.47156
496.94763 578.09302
518.37952 650.18323
518.02948 609.05920
517.15552 508.36191
343.54312 495.17841
517.33228 441.37427
517.52246 404.13251
517.74597 253.66708
515.93164 749.79810
515.57440 757.52612
515.34741 762.64233
515.11383 762.84204
515.24048 773.19012
515.12109 785.35791
514.91187 797.76746
515.55389 835.28485
517.91022 692.35022
491.56482 687.68195
232.57199 377.86935
413.44778 517.60205
389.00964 519.25916
364.59723 518.33514
331.17368 504.52524
434.00684 513.24628
374.35895 443.72284
403.24844 447.01624
347.87048 448.95325
330.42426 460.10077
307.70303 519.92322
424.13931 887.24823
333.20969 488.87921
223.69708 501.86829
275.96136 500.89886
388.60800 632.73541
482.98779 737.08759
486.07574 755.92261
451.77490 742.02698
431.21466 747.38501
460.84930 754.95068
441.60916 755.01379
397.57355 785.37695
496.87708 678.72699
494.46359 649.53485
292.30862 437.07916
443.68628 565.11707
437.94479 657.98828
437.34381 640.61206
308.89282 624.39838
495.75876 611.47559
355.57257 411.88593
318.72003 419.34277
260.28064 330.00464
467.74380 442.06592
427.90759 459.23895
375.01727 760.14294
253.02655 763.62433
455.43689 675.21704
474.94156 683.19257
406.58398 756.05280
412.94019 756.33917
303.69754 400.89618
435.39435 666.04645
404.63235 417.96338
400.23441 395.86517
368.60468 267.12729
282.03238 364.94681
386.23743 327.26346
274.97455 422.78583
253.51935 402.49597
483.88809 747.42560
456.16382 748.95221
436.19629 751.25067
460.36081 678.61047
409.81912 756.23810
421.68088 762.28717
416.21390 756.49542
468.90436 673.61865
445.97137 757.84607
465.17914 759.15607
488.62582 761.21106
482.37811 834.51752
482.70120 795.82983
483.99167 783.22668
486.17078 771.24042
488.67029 761.54907
446.07336 758.20935
441.36279 762.87830
436.04102 769.04333
431.63477 776.15393
404.22095 726.29913
223.11633 622.96973
517.35895 695.69061
432.03842 757.29651
427.03635 759.57629
483.45789 693.09937
442.49564 679.01483
479.36279 688.32678
416.37518 579.28088
372.48361 595.40808
431.83588 650.04126
303.66284 291.88568
324.48071 338.62167
346.47961 390.07471
419.90039 805.80951
459.79910 406.71765
448.21701 325.16135
437.31680 255.60678
343.63873 513.52484
278.74246 537.52405
447.24161 508.39392
304.24213 471.35565
461.65817 548.55841
454.24762 653.54199
248.71747 555.57434
298.41943 556.37933
332.98679 567.15747
382.54254 564.52588
418.56015 555.29974
444.59988 544.65515
493.85123 514.71747
251.51508 613.17700
282.45010 466.12112
504.34903 691.13055
445.29333 594.33899
213.33530 495.01678
464.21988 532.32812
428.95316 648.66693
320.74390 490.09839
454.13254 632.05157
234.26651 692.53125
446.24420 499.48102
474.61154 619.24561
309.50641 827.60553
313.46252 860.46838
227.95746 621.02856
275.22345 791.90784
236.89774 447.30072
419.96326 916.29370
506.45837 694.48059
421.22260 612.11847
251.63623 504.03369
368.57498 502.39294
389.18536 503.84662
417.03766 765.47961
254.27942 670.26147
467.20270 951.38025
391.14014 919.10999
355.85480 895.46545
517.86865 326.41333
518.05072 954.83527
409.26196 502.62961
428.29877 500.61896
440.64365 500.38385
261.51349 457.89111
422.77261 477.24396
401.46924 467.64331
380.23120 466.01895
359.21460 470.82352
346.26700 478.35092
217.89691 429.63110
354.09265 499.14880
516.48712 714.14294
432.20490 715.39478
456.11975 673.16943
480.81662 713.12305
517.13605 472.98615
348.04828 862.77643
383.34552 890.17712
464.71606 933.04529
280.51825 819.69861
438.72610 490.99054
478.21481 560.78339
517.07269 935.46509
426.87872 938.84387
236.61636 683.63678
465.30646 759.58344
460.93051 767.16351
457.17413 776.67029
454.47845 788.06732
447.98969 823.14844
426.49084 755.39465
421.29846 753.67181
416.80344 751.68408
382.75946 740.95502
285.45047 684.97009
478.37738 529.77478
465.21579 480.55374
448.96716 482.20712
431.94153 757.11786
282.94861 751.14764
488.96158 482.07434
435.38065 855.12231
517.67133 574.44482
495.17575 547.80505
517.36047 542.40424
461.02881 604.87036
516.69757 906.64429
516.13483 869.26190
475.13528 868.68762
375.77417 802.43408
406.49481 668.56024
404.01721 832.92566
343.43079 662.98822
379.65942 693.80157
319.27289 704.97821
467.47147 905.17310
445.75110 617.56390
355.20697 828.22003
390.34857 859.53857
351.52911 768.90070
260.18988 718.19293
318.51868 777.97632
249.93167 740.92151
356.08447 723.35315
462.56223 577.35382
461.52637 668.56586
445.20258 669.19629
472.99484 651.57104
445.52557 456.58682
404.27280 437.59406
367.48660 433.24872
336.69711 438.66168
315.07672 451.23444
301.31659 495.51254
222.53885 560.83423
323.24258 531.43640
350.48767 539.51532
385.01740 540.00043
416.56274 535.01605
440.40936 527.96747
456.80292 520.83649
217.32132 558.10217
444.70108 673.13013
478.19708 589.22437
478.81137 673.63049
490.41855 685.43970
478.20416 676.89111
450.38092 678.88501
495.86063 688.87292
497.82419 692.09137
455.21021 501.04617
469.31033 507.47437
478.54929 513.29230
338.94702 484.18262
319.73138 473.28244
538.27771 577.77661
683.84564 493.76898
543.11188 687.01923
798.84033 374.83038
623.59583 516.80676
645.87561 517.57422
668.10529 516.05212
696.92511 503.27051
604.30249 512.56006
654.68964 441.92285
628.11792 444.83722
679.41968 447.35312
695.43085 458.65698
722.54810 518.80835
609.28491 885.68933
692.64722 488.02792
806.24829 497.96619
752.38525 500.35913
644.52789 631.50671
548.98792 736.23792
544.72894 755.22876
579.07440 740.20618
597.53088 745.16174
568.76166 753.56183
586.50659 753.12115
633.14838 783.36652
539.45319 678.34705
541.89252 649.14795
730.43335 437.96619
589.88025 564.21313
596.32947 656.67468
596.67841 639.46350
723.11841 622.05994
540.13269 611.04340
669.20050 410.86758
704.21204 419.16992
772.96777 327.65262
566.38721 439.35208
605.63666 457.29852
655.86987 757.77820
774.17639 759.58447
578.65771 674.05829
559.00702 682.44678
618.81647 753.52454
612.40875 753.87610
717.91095 401.82812
597.97931 664.63208
624.04584 415.71497
626.63214 394.42749
667.45746 266.04657
752.63953 362.11224
649.98730 325.72131
747.23499 425.07379
779.47943 399.49072
547.53363 746.69397
573.96277 747.50342
592.23700 749.24268
573.27997 677.48151
615.50574 753.73730
604.30927 759.71301
609.00714 754.06256
566.34180 672.68152
581.56201 755.94464
563.82697 757.73920
541.66937 760.46796
548.85437 834.27966
546.41779 794.82007
545.29260 782.20251
543.49695 770.24023
541.19855 760.64392
581.08997 756.07153
586.01154 760.62823
591.06476 766.56622
595.04791 773.46582
627.64026 724.60706
802.68457 619.29071
594.16687 755.01501
599.14252 757.17535
550.54211 692.66589
590.42224 677.80988
554.67450 687.80829
616.70270 578.18793
660.58990 593.96655
601.68115 648.84863
731.24689 290.07617
711.07959 336.32941
676.85742 389.71277
611.18781 804.22668
571.67041 404.49310
587.97058 324.52600
598.91107 255.14893
686.43958 511.70862
751.76379 536.10913
591.28564 507.74408
721.28845 470.72565
572.39783 547.70117
580.94775 652.62506
782.52625 552.51160
734.41327 554.48743
702.39886 564.27203
655.07147 561.81415
620.83838 552.76782
595.53247 542.41785
540.42841 514.27362
779.22491 610.25562
743.46875 466.45679
531.37701 690.81409
588.35541 593.55817
814.82355 490.82272
576.00024 530.09222
604.08020 647.58307
705.63782 488.82819
580.69904 631.20996
791.84119 688.81970
591.03284 498.84277
560.80682 618.62305
722.52350 824.15942
718.48315 856.74872
800.55432 617.52850
754.99872 787.86969
794.25452 443.91583
614.09497 914.66113
528.25391 694.24353
611.88666 611.17426
777.45117 504.51691
662.67407 500.68152
644.72913 502.71155
608.85803 762.79797
775.99854 667.10718
568.53735 950.34009
643.96283 916.62769
678.47186 892.43726
626.74445 502.24762
609.03522 500.53815
597.07703 500.23837
764.40637 459.34729
611.20215 476.14960
630.46899 466.54669
650.17371 465.30090
669.14105 470.33292
680.58704 477.77789
811.80530 425.97559
674.81769 497.37494
600.76184 714.24817
578.30383 672.12201
552.74908 712.75342
684.88654 860.01208
650.42529 888.01141
569.23596 932.13818
748.83203 815.50250
597.37451 490.16162
556.38934 560.26111
608.72473 936.93500
791.45325 680.03577
563.34332 757.89740
567.56555 765.35907
571.11688 774.72089
573.73218 785.98779
583.28729 822.08820
599.99768 753.12531
605.24829 751.31317
610.01038 749.26544
648.39508 738.77563
745.62463 681.97821
555.69824 529.30426
572.35394 479.11627
587.37622 480.90497
594.28467 754.93860
747.88855 747.49475
549.23889 479.96671
597.16577 853.80811
539.53326 547.39154
573.25946 604.39160
557.22595 868.09680
655.56885 800.24048
626.08563 667.19971
628.00275 831.09454
689.02777 660.90857
652.79535 692.14447
712.39276 702.36194
565.79541 904.40479
588.02454 616.76886
677.06012 825.64392
642.81506 857.49146
679.72638 766.43854
769.98071 714.61621
713.02332 774.91138
778.70569 737.00604
675.73779 721.07617
571.51788 576.76367
573.83264 667.51880
589.15369 667.97339
562.84961 650.84875
588.59973 454.35776
625.71869 435.34552
659.74005 431.40210
688.58575 437.15723
709.35938 450.24158
725.89001 494.40533
806.56744 557.19043
708.44501 529.75964
683.92249 537.08325
651.67493 537.88623
621.91559 533.33502
599.12201 526.66687
583.08716 519.47174
809.55212 554.12299
588.89600 671.75580
556.68060 588.71930
557.07056 672.81348
544.89880 684.84344
557.26953 676.15466
582.92694 677.55408
539.70129 688.35443
536.75623 691.54761
582.78967 500.00385
570.18384 506.08231
560.99365 511.10645
687.20776 483.40900
705.70251 472.00732
387.17755 485.92706
413.42151 484.92834
386.37390 460.57333
360.42377 486.73761
387.73743 511.11447
641.70618 484.31110
666.78033 484.00015
641.33038 459.67926
616.99261 484.49463
642.24878 509.04633
