511.27020 675.82050
512.54187 587.54309
513.61285 620.36676
493.65643 518.46106
512.59686 562.53943
513.16980 535.01086
514.96210 474.27301
342.08209 493.87616
515.65533 425.39069
516.00757 394.66766
518.42859 295.56790
511.32932 684.64069
511.69186 693.16650
512.42261 698.15979
512.68213 725.95496
512.66443 735.04816
512.73315 746.80139
513.18066 760.33197
517.49695 786.98438
512.66913 603.34521
491.23743 605.98285
250.37579 426.32080
408.27887 508.93640
384.58826 511.66931
362.01886 510.98706
332.10065 502.51990
428.67596 502.40833
372.82886 444.90271
399.87402 446.29660
347.20728 450.43658
330.55420 461.07080
313.09814 516.16327
419.94913 833.28528
334.15784 489.46368
242.18646 524.88568
285.15936 504.13641
390.84015 590.80341
477.28665 671.28558
481.26315 692.48425
444.98431 679.59698
423.72064 689.97040
455.83908 694.61810
436.19574 698.89075
398.69495 739.71838
492.09436 587.52820
489.44803 563.94116
294.61023 442.46222
443.03177 534.38153
435.04938 590.37274
433.91565 580.22925
316.79620 594.12610
491.39795 538.49109
350.84329 411.15039
317.01968 422.50519
275.83813 377.37411
460.14731 423.28989
423.82086 455.05066
378.93872 713.98956
269.50064 759.81287
453.45477 603.32208
474.07593 610.96826
401.33594 710.34454
407.93781 709.94159
302.57037 409.49875
433.68036 602.86395
397.44061 409.51239
392.13412 390.75293
378.46155 310.04315
293.08618 389.65353
392.07648 344.35168
279.74927 434.76111
267.76938 430.45505
478.48737 683.02649
450.23010 687.93872
429.62674 694.76245
459.33487 608.41705
404.70001 710.15564
416.59521 720.18610
411.19379 709.84985
466.03278 591.74200
441.62039 701.16211
460.76654 698.29944
484.40155 697.41052
481.34778 785.52167
478.93118 757.83990
479.96964 744.39429
482.12024 732.81964
484.99716 724.67322
442.18799 719.40332
437.25757 723.01050
431.31995 728.93311
426.78702 736.39880
406.09607 669.70386
242.61420 645.62897
512.97540 611.82422
427.85522 715.95380
422.21591 717.55280
481.29288 620.70392
442.23471 618.43060
477.93332 615.93835
415.65286 549.20526
374.77942 564.47400
429.48880 592.75525
316.74136 337.28195
332.70831 359.72443
341.04974 393.82816
419.08362 758.17395
450.85925 392.56177
451.36566 341.07861
443.39948 297.90659
343.06378 508.49182
288.49149 532.80463
442.38980 495.85455
307.16473 473.51291
461.19464 517.37891
450.90033 578.09674
261.76859 554.72461
305.33502 544.14923
336.23227 548.19086
381.96912 543.61237
416.08246 534.29944
442.32983 522.54425
492.49713 481.31897
264.01065 600.48694
288.20758 471.64246
500.81619 602.58594
443.36627 552.75958
233.50034 536.91541
461.46439 508.67657
427.45871 597.22791
322.34479 490.84491
450.58255 566.01624
252.30023 702.29431
442.98126 488.45691
471.09366 549.71313
316.00854 790.66083
319.48291 829.86700
244.51080 624.19580
287.43582 763.95740
254.31940 475.06097
414.37012 863.76624
503.66699 610.94818
420.73010 571.57599
265.03683 511.63452
363.40039 498.80518
383.08453 499.57312
411.80585 723.82520
267.27527 649.74780
462.16318 901.63666
385.19177 875.04590
354.19815 856.50665
517.25775 342.46225
517.43170 905.71753
403.10379 497.57437
422.13449 493.82178
435.41290 491.24292
270.73920 470.26315
420.00854 475.06921
399.53845 470.12756
379.70465 469.50629
359.69165 473.66101
346.97363 479.85016
237.44101 476.50824
350.53180 496.48981
514.73029 640.82605
431.36261 653.62695
453.40656 598.08276
479.42502 642.37012
515.41791 452.73007
347.88361 819.78845
379.63324 842.22699
460.32205 877.82513
292.97852 801.62604
435.44019 482.71155
476.47385 515.42413
516.85718 881.44598
419.74234 890.37445
252.22336 677.16846
461.46307 722.22467
456.67212 728.40790
452.48071 737.62549
449.82639 749.37024
445.86633 774.18579
420.10284 704.09045
414.12292 702.30945
409.12872 699.91321
387.11121 689.58417
297.23889 651.69623
477.59253 497.53351
460.62152 466.20279
445.35590 472.27710
425.66949 704.96625
294.98386 717.51245
483.84421 460.57437
432.50165 803.21075
513.85028 513.98267
492.83087 500.47736
514.44012 494.53174
458.39771 551.00671
516.79028 851.03320
517.08759 816.79059
472.99384 815.19061
376.68335 756.11621
407.45096 618.99591
402.02493 783.77997
350.35315 620.06055
383.38132 644.32239
328.97507 662.46521
463.95746 848.27679
442.65060 566.78204
355.71997 782.99194
387.76089 810.06006
356.30176 723.55109
273.49313 693.05664
325.61588 736.66040
264.64349 724.84766
362.70477 676.03442
460.93793 534.12646
458.31134 587.29529
442.58047 596.96136
469.19720 569.51398
440.01611 445.62311
399.47888 432.51740
364.39337 431.71918
335.27789 439.10074
315.29062 452.84357
306.41791 496.90549
240.09680 573.99963
326.30756 523.42273
350.90060 527.14362
382.44327 526.51257
412.73923 520.94647
436.83911 512.34705
453.39020 503.29712
237.20258 592.07642
442.97992 604.88611
475.51630 532.07867
475.68497 585.83954
489.76562 600.35126
476.43701 591.96362
449.71417 613.24567
493.73383 601.57288
496.42099 609.49835
451.64688 487.40952
465.73016 489.36981
474.82739 489.98215
339.84082 484.74640
320.59631 474.34235
534.45142 518.67828
682.23254 498.11322
534.74902 606.37103
785.13904 430.19958
617.94910 513.66412
641.09711 516.16473
663.44702 515.23566
692.84131 506.54645
598.20947 506.97974
651.08881 447.70709
625.34149 448.93140
675.48602 453.33905
691.39697 464.26190
713.29529 520.41632
614.03473 834.22388
690.22253 493.22144
791.11133 528.04053
740.42926 509.57678
641.08624 592.19720
546.44098 671.25476
543.87262 692.43671
581.32977 679.95874
604.38550 690.08777
571.31525 694.60516
592.63068 698.86395
639.67621 740.20264
533.08087 587.85529
535.97314 564.15851
726.96014 447.89133
588.89764 535.32745
592.66180 591.60400
594.60754 581.31415
716.12439 596.06537
535.17426 538.66980
668.68762 416.19586
702.88605 427.49542
760.05823 381.23566
565.34991 429.52747
602.58142 458.01971
659.37592 714.48157
766.50140 762.80896
573.93219 604.48291
553.10211 611.66254
629.97705 709.45172
623.16736 709.24420
717.84167 415.20218
594.34814 604.16040
623.79785 415.33780
628.32446 396.88428
657.38708 312.49182
739.84985 393.97058
641.26208 347.70566
743.15521 441.29266
765.35876 434.38467
545.60425 682.95508
576.24377 688.01099
598.63818 694.66327
567.83978 609.42468
626.53784 709.35333
613.53503 719.84668
619.74817 709.19379
560.16101 592.66626
587.87317 700.97333
567.16327 698.07233
541.96332 697.31964
553.87000 785.71777
548.38586 758.27521
546.32550 744.65399
544.21259 732.92181
541.68091 724.70917
586.99561 719.56305
591.95935 723.13245
597.85706 729.06494
602.66840 736.54803
628.00165 670.05316
792.03717 649.57178
602.30670 715.97675
607.81726 717.34253
546.31030 621.20703
586.10223 619.48657
549.37457 616.53363
616.22980 550.44568
657.68506 566.07947
599.56012 593.99353
719.27405 340.62741
700.21045 364.31366
678.22705 399.24640
618.12531 758.57941
573.57690 399.65131
582.59875 342.59467
593.01056 299.15088
681.95715 512.97552
738.80920 537.07715
584.76447 500.45294
715.54327 478.17181
570.67206 518.15802
575.75574 579.14209
770.75543 557.71173
721.70264 547.14026
690.69501 549.65735
645.21045 544.32355
611.87030 534.93201
586.54388 523.19415
537.92938 481.65427
769.05139 603.12769
735.19861 477.70361
524.65997 602.83038
587.21350 553.66180
801.15625 540.53448
567.72369 509.58917
602.38214 598.50366
701.48090 494.64566
577.09467 566.96527
782.92651 705.94592
584.24280 493.75153
556.16266 550.20538
720.64746 792.59216
716.94043 832.58105
788.88196 627.01410
748.81525 766.03400
778.86530 478.40155
619.10486 864.71887
522.22693 611.11151
610.40808 572.75031
761.51306 517.71698
660.92273 504.04865
641.68176 505.19092
618.63184 723.37372
767.02441 652.32489
572.00427 902.11584
649.62384 876.24164
681.97205 858.46844
622.35828 503.35376
604.01782 499.50128
591.33093 496.82013
753.61169 476.71008
606.94586 477.51184
626.67468 471.33484
645.41681 470.74316
664.51904 475.31665
676.67023 482.15536
797.29236 480.11700
673.53748 501.27350
600.48206 654.11420
573.71637 599.28491
550.83099 642.81396
688.18018 821.43732
655.09180 843.46771
572.79883 878.33997
743.18256 804.34326
591.50909 487.01068
553.54321 515.89331
614.13275 891.16650
781.99243 679.80707
566.40198 722.27521
571.06561 728.53113
575.30884 737.80103
578.87103 749.71246
590.12646 774.38556
610.10278 703.68152
615.65631 701.84845
620.65735 699.49060
649.44751 689.89746
737.00177 653.83368
553.57428 498.18518
567.70874 470.48828
582.00525 476.45782
604.86340 704.65540
741.10370 719.49463
545.26367 464.16574
602.35376 803.78674
536.36047 500.67206
570.82556 551.84277
561.08575 815.53162
660.10376 757.04749
623.52563 620.01715
634.01349 784.55078
682.79785 621.64752
649.87976 645.33356
705.69684 664.19800
569.19580 848.87970
586.99817 567.68707
680.70044 784.36353
647.58093 811.15186
680.57678 724.59375
762.17163 695.50415
710.91687 738.26440
770.66528 727.18109
673.02570 676.89209
569.43091 534.86621
567.88898 588.27307
584.73920 598.15436
556.69098 570.13452
585.98071 450.06091
623.81348 436.45142
657.33978 435.33386
685.67493 442.61215
705.84985 456.92514
718.08716 501.39429
792.77753 577.03302
699.72583 527.15393
675.45581 530.02686
644.32263 529.20789
614.65387 523.64557
591.41168 515.04614
575.40405 505.92618
797.42206 595.70654
584.50610 606.13367
553.12671 532.46527
549.88599 586.47260
536.07733 600.84692
549.61176 592.77570
577.94122 614.25079
531.90942 601.96313
529.48718 609.81036
575.89392 492.11218
563.25897 492.43860
554.31714 491.67548
683.97150 487.70105
701.68646 478.12732
385.76587 485.53284
409.54370 484.59692
384.93655 467.10489
361.70087 486.63715
386.47849 503.76770
642.26697 488.51123
666.29773 489.98404
643.51453 468.81253
618.57446 487.00232
640.93616 508.10648
