489.32675 720.22162
498.68622 636.13684
503.15234 659.00629
482.13770 548.78229
498.51608 609.15814
500.48727 574.01074
507.14526 490.80634
343.84335 494.94000
509.09036 444.43494
509.28448 413.28131
513.69135 280.28802
490.52322 727.51129
493.05853 733.91241
496.44955 737.73639
496.87711 737.51044
496.12241 744.45752
496.21704 752.93909
498.19690 762.91858
506.37390 800.93884
500.20993 649.62750
474.90082 647.81702
254.93481 404.26147
412.53418 509.68341
387.55835 512.20129
363.57364 512.29297
332.76920 503.66809
433.85934 504.39685
370.13150 457.17041
398.71487 457.97415
344.93710 461.71579
329.50928 470.02020
311.28992 517.33948
412.68640 857.31561
334.90848 491.82184
241.66464 512.20526
283.78052 505.03595
384.95074 609.12250
459.57788 715.36035
468.04056 732.53540
435.69360 720.44031
421.13678 727.06708
448.32227 732.64764
433.19727 733.87268
393.20404 761.31787
476.73962 635.44836
473.85294 609.40613
291.47562 454.62741
438.65967 546.72607
419.98895 623.32843
420.90179 609.00745
313.78619 605.95215
477.81992 576.85406
346.82654 431.94476
312.98059 439.41937
276.93265 358.85114
457.82492 448.73123
424.71973 464.69208
371.53763 740.21509
264.79041 758.92303
438.36050 638.74457
458.58365 646.68915
407.61670 738.30902
413.15646 737.78210
299.80188 425.27551
419.01477 632.79724
394.65277 433.98746
388.68323 415.32019
372.41766 296.76764
293.19073 387.67737
386.48096 347.69614
278.22266 444.50204
269.59192 423.17493
462.84705 725.37750
441.76697 727.35693
426.79395 730.70459
443.99615 642.75018
410.40784 738.04730
420.12451 740.73761
416.09906 737.57953
450.57657 633.85394
438.86755 736.01587
454.01349 735.83997
473.27823 736.60541
474.74081 799.69604
470.40161 760.93872
469.26965 750.99481
470.52405 742.98828
473.88138 736.53705
439.10992 736.41333
435.03375 739.39606
431.53043 743.49615
429.04099 749.07153
396.49783 699.70105
244.49832 631.31464
501.71399 654.71539
427.61456 736.97278
423.80872 738.64600
467.58615 656.42834
428.38602 647.18280
463.12717 651.73267
413.09470 561.13397
372.74637 577.04498
416.88907 619.32141
313.91800 321.81955
330.32755 361.61758
337.66339 413.88458
415.25574 776.20441
447.40347 419.93414
444.57391 342.55591
436.45236 284.00320
344.10922 509.67664
285.31815 532.73218
447.55789 498.90460
305.40985 479.54327
455.68436 530.50781
435.50339 616.80933
258.77139 553.05121
300.86432 546.26428
331.00168 552.89032
378.49313 549.03180
414.39941 539.83820
440.69962 529.37671
484.61301 497.27634
260.02844 603.89807
286.16983 477.62823
486.04446 648.57465
436.44006 571.22296
240.18759 513.92346
459.54419 517.47821
416.96109 620.38568
322.62946 493.06897
437.06964 599.14459
250.46127 694.57098
447.47388 491.50000
457.24933 585.66455
305.47818 806.13110
311.17676 843.54419
240.84921 619.63812
277.47739 774.11255
255.19901 463.02441
404.28244 891.02570
489.93359 653.67047
414.34222 589.37030
265.74591 509.28442
366.64764 498.41690
387.27518 498.83740
416.96814 743.82654
261.65271 656.85724
450.17230 932.58221
376.03006 900.91248
345.44482 877.20288
511.16666 342.22131
505.92749 937.56812
408.10309 497.06876
428.20636 494.17883
441.21710 492.77075
270.85626 473.01025
423.31558 480.94556
401.03201 477.96860
380.01416 478.26599
359.98651 481.74640
347.48975 486.10440
243.57700 452.47519
353.17078 496.76495
503.99188 677.64362
419.76093 685.12250
438.11102 635.61157
467.12646 677.82465
509.09219 466.83203
337.74219 840.07037
369.79236 866.67609
449.45587 906.22552
286.18127 807.95557
439.65771 486.76349
467.50284 537.20740
505.18326 910.32788
409.19739 919.91394
246.56760 677.18024
454.54974 735.99957
450.13605 740.91547
447.70386 747.22003
447.13550 755.86340
441.54224 789.88745
421.82620 735.62006
416.55246 734.41382
412.06317 732.80682
378.43573 718.38300
290.59988 664.71893
470.93512 512.18799
462.22949 476.53937
448.51169 478.98987
427.73218 736.55151
285.95389 730.44940
480.71155 476.03665
427.64883 823.05292
502.85596 544.79010
482.97217 523.57019
504.96973 517.89417
448.40845 577.07300
504.68182 875.46765
505.49622 835.70898
465.85281 834.44067
369.20227 777.74219
397.51306 641.30322
396.76892 804.32245
343.81543 638.48181
374.81873 667.48755
320.43445 681.01532
454.91837 872.72046
433.44128 590.35242
346.91162 803.37842
379.96301 832.73688
347.08691 746.66180
265.89832 702.42401
316.01208 754.63446
256.70404 729.38617
353.82520 700.23236
452.92075 554.02338
442.64801 629.17737
427.03601 632.67114
453.18762 612.67480
440.57605 460.52054
397.34814 448.89120
360.42871 447.30786
331.19250 452.74646
312.44022 463.33069
305.36609 498.80640
238.00018 565.07288
324.57236 525.47565
349.20294 530.28064
382.41467 529.38635
414.26089 523.84680
439.02951 516.38959
455.28268 509.06000
242.67181 572.57129
427.71600 637.96021
464.59106 560.70557
459.01801 631.73859
472.92636 644.30804
459.87112 635.93475
434.96558 644.79358
477.68515 646.75800
480.98856 651.65002
455.76343 492.20477
467.11569 497.12863
472.79340 500.75220
340.29565 489.32501
320.12143 480.05072
524.98291 548.51764
686.28070 495.53186
531.18188 647.86169
814.42102 400.14246
618.94769 512.61841
642.25513 514.37292
666.14398 513.94244
700.26965 503.29373
599.16040 508.15875
654.12659 455.50116
627.65552 457.52365
679.44086 459.22958
696.43921 467.49109
724.95178 516.89801
607.73236 861.52917
696.91095 490.92462
824.72913 511.74664
758.22076 502.88583
641.64905 609.40076
523.04016 716.29871
524.54462 733.34998
560.88263 723.21057
589.48529 729.95520
555.70264 734.32349
582.56891 735.90497
635.29272 763.67749
521.99615 635.57727
524.40924 609.31091
733.76837 449.94977
587.40082 546.04071
593.76764 623.40649
595.21686 608.79468
722.71698 606.81531
524.49799 576.55872
665.33594 428.89838
704.00854 434.92987
782.69031 353.48740
557.37622 452.06354
604.89752 465.98450
659.13812 742.70612
813.93762 765.52081
575.43549 638.96680
552.89563 646.95007
629.88806 740.03870
623.26038 739.70398
720.67371 419.33783
597.59747 633.29260
616.67639 433.94659
620.42932 414.62616
665.78021 292.12961
754.02454 382.80844
643.11194 343.67197
753.71136 438.88101
786.64624 419.63080
523.64612 726.13910
557.77850 729.37738
585.73083 733.03296
569.73291 643.15546
626.39355 739.88275
609.68427 742.90601
619.58594 739.52283
557.20862 633.68524
580.71948 737.62866
554.31903 737.09430
525.57660 737.30304
540.75824 800.83685
531.49335 762.54327
528.67169 752.25342
527.04395 743.87872
525.72473 737.20367
580.74866 738.04779
584.88123 741.32037
589.13818 745.92188
593.36646 751.78979
626.29413 701.12286
839.74463 634.63971
601.19031 738.87561
604.98383 740.65973
542.72827 656.80463
589.70264 648.19708
547.71320 652.09839
614.80377 560.60168
657.55859 576.96753
601.69714 619.60889
735.21851 316.07736
707.81274 356.69437
674.89142 409.73352
609.40991 778.66687
563.76392 422.67365
580.28979 340.42386
594.88861 281.38455
687.34937 510.62726
754.77032 532.02142
586.30194 503.63092
724.97095 477.09781
568.26532 529.77008
572.90582 616.64215
794.27924 553.58105
733.27753 546.48987
697.62396 553.68500
648.52283 550.28912
613.48907 541.63098
587.56311 532.10388
532.02258 496.87720
791.56580 605.80414
748.36438 474.46503
515.04504 648.74768
586.07013 570.74316
841.11450 513.32050
567.59448 521.29150
605.26160 620.79407
710.25439 491.59747
574.45465 598.82825
832.87866 699.73834
588.57617 496.91006
548.95673 585.34637
743.35071 813.82959
746.47369 852.81873
826.27765 622.57794
780.02393 780.95868
806.88098 460.72693
616.94092 896.51331
513.88824 653.68506
610.46405 589.26349
785.61572 506.75681
661.02625 500.93582
641.12299 501.77606
614.51642 745.98633
791.84674 660.22864
564.87671 936.00696
657.48346 908.20227
699.42261 885.91956
622.81525 500.47296
605.14789 498.30139
593.78107 497.74640
772.24615 468.51694
611.71252 482.46832
631.98584 476.67572
650.82526 475.96350
669.92914 479.12637
682.49072 483.95837
832.35144 449.82452
675.36951 498.46774
598.78003 686.10742
574.05664 635.71600
543.93414 678.26172
702.11548 847.70148
661.29785 873.74481
564.34570 909.26868
782.94458 815.71985
595.96985 491.21729
547.89368 536.69556
613.48444 925.51031
820.95667 681.74933
554.46191 737.26166
558.18140 742.52057
561.12122 749.36475
564.38379 758.47528
578.14154 791.76343
605.49811 737.55530
609.23969 736.44543
612.88708 735.05670
648.74915 720.25580
752.09131 667.52576
549.42438 511.67664
567.35248 480.68719
584.46259 482.90042
601.45264 738.42657
762.72485 735.23657
540.71356 480.89545
593.25476 826.17395
528.65894 523.20032
567.06927 576.76331
548.48602 836.16797
662.32581 781.69116
626.99231 641.98047
630.16260 808.08691
686.59949 639.72882
652.17249 668.78516
715.05396 683.72394
558.01733 875.13623
586.27356 589.93286
688.55908 809.05859
648.47144 838.07715
686.55304 750.36676
789.02240 706.87726
724.52179 759.77161
808.59442 735.06055
677.26715 702.44354
566.27026 553.53583
564.85730 628.99994
585.67914 632.85553
549.68884 612.54285
584.37830 463.33127
622.18774 449.33179
656.89929 445.59045
687.84644 449.61371
711.25458 460.00031
730.85333 497.13367
828.61121 566.28857
708.34656 525.79944
680.78198 531.40613
646.76477 531.04297
616.11688 526.12341
592.74200 519.59955
576.50385 512.98169
841.16296 573.69830
586.99213 638.40027
546.11694 560.25128
543.30664 631.85651
531.26678 644.68781
545.31763 636.21643
580.75958 645.44165
524.62775 647.02069
523.94537 651.77710
578.50427 497.25818
563.94257 501.61383
552.79504 505.32117
690.28046 487.78931
708.77557 478.02539
387.46017 488.58676
415.95404 486.89307
385.59366 469.41364
358.75659 490.10797
389.00262 507.46417
650.90338 489.45505
674.29187 489.96207
651.37866 470.06903
627.99902 488.85303
650.55573 508.61938
