519.91388 741.88788
499.68152 666.42108
504.67831 686.85010
478.63342 570.14514
498.58844 637.69189
498.99945 598.62213
501.77676 504.18069
333.74481 491.74588
501.44229 439.86902
500.32941 404.03244
499.43192 268.32959
520.49298 747.70898
520.47168 752.94153
520.28784 756.28241
520.89380 756.07458
522.10492 763.87549
522.93677 773.75220
523.39673 784.63696
510.38788 820.66956
501.45078 679.47992
475.48370 676.78986
236.84985 398.98383
401.51508 507.93732
377.94550 509.96170
353.97522 511.52130
321.27710 503.51080
421.23639 504.10590
362.46353 449.05121
389.76273 449.96790
337.29071 454.55377
321.07086 464.84821
299.02029 521.53198
417.03848 877.69196
323.75922 489.64273
227.92209 514.09326
270.55911 507.21545
379.52216 630.67194
483.99823 737.09747
488.86057 751.60846
451.70782 742.10303
429.51852 748.62207
461.31348 751.95581
439.63132 754.06921
396.45383 785.23016
477.27411 665.91589
473.15649 637.98486
285.37799 446.61047
432.48523 563.27747
420.38409 651.21234
420.18903 635.35016
305.27060 625.82812
475.62842 601.79321
343.09619 418.31693
308.65509 428.17303
257.29538 352.32639
452.18408 435.24805
413.49005 457.90826
373.58484 764.67883
263.35471 767.32184
439.62558 667.14459
459.79749 674.65442
402.45428 760.78406
408.63431 760.10779
295.88165 411.79352
419.80371 660.36780
389.89890 418.26962
384.68094 396.46942
352.73416 287.51685
274.10349 381.60611
368.09509 340.26419
271.27451 434.03607
252.07733 418.75946
486.12854 745.46338
456.78455 747.71027
434.60947 751.58459
445.27927 670.78735
405.64294 760.48309
420.11465 763.13782
412.14478 759.72589
450.82269 663.33612
443.86713 755.85736
465.52869 754.73145
491.53540 755.40204
479.01300 820.72174
490.89938 783.99677
491.37793 772.75061
491.80624 762.92822
492.57733 755.34088
444.68661 756.29974
441.47919 760.38373
437.59943 766.01990
434.27805 772.58142
397.76233 725.72046
237.28458 632.99780
502.97083 683.52148
428.30634 757.93127
424.69495 760.23584
469.30188 684.50885
429.25519 674.13092
464.58261 679.81396
406.52423 578.47644
364.71106 595.63055
416.52020 645.52130
293.53772 314.01773
310.73764 354.40347
334.24380 397.56863
418.51056 799.61206
443.27008 400.31958
429.06461 336.03369
419.09421 273.56775
333.67206 509.31140
272.15225 540.89252
433.62711 498.98956
295.78427 476.72415
449.18011 546.04572
434.73703 644.99561
247.32904 563.14514
288.69281 557.24268
320.30478 565.44910
368.49118 560.38525
404.24249 549.46759
430.11163 537.88489
478.33167 511.00781
251.25739 618.37964
276.16312 474.14362
486.95337 678.53247
432.48639 591.31812
226.38922 511.10666
449.14209 524.49554
416.00018 645.41614
311.12915 491.99475
435.33142 625.20581
246.95090 699.32507
432.35223 490.04584
454.69379 610.77557
306.05316 825.58905
313.13257 859.21283
233.24451 627.83130
275.78082 791.47986
239.14136 461.85925
410.48425 908.64966
491.03442 682.69641
410.14630 610.16010
250.16946 512.84613
357.81012 492.34573
377.88904 492.29752
416.04425 766.55579
255.71838 673.26721
458.55548 945.00311
383.29163 915.65002
350.67358 892.98059
499.37378 335.14279
512.90704 948.04846
396.99762 491.58017
415.08429 490.53952
426.79425 490.50665
259.24911 468.13080
411.14807 476.33789
390.83353 471.64093
370.62915 471.58102
350.45074 476.00778
337.35150 481.96606
227.13834 448.58844
344.02692 492.19806
506.24847 705.05713
421.85355 712.19031
439.37479 664.44202
469.38165 705.84357
502.44577 471.40924
341.35806 859.08856
374.61102 885.05359
456.04129 923.24689
285.87280 820.62695
425.34674 484.37814
462.38104 555.71747
511.24582 925.53333
417.65421 933.74854
241.71191 687.90417
466.57895 754.98401
464.03769 761.31506
461.95322 769.53174
460.50653 779.66260
445.55603 812.35052
422.62790 756.91504
417.61908 756.03247
413.21936 754.71851
379.87427 743.57788
284.85162 685.26678
464.29065 526.71729
451.16095 472.70880
435.20557 475.53088
428.10873 757.62512
283.18146 750.60394
472.84668 473.44958
431.01965 845.10046
500.03711 565.86768
478.13956 541.75031
500.90820 535.70557
445.09528 599.40521
510.13177 893.87988
510.14587 855.33765
469.94269 855.52234
371.38684 800.99286
395.65366 665.90588
399.63593 827.12878
337.90588 661.07019
372.38464 691.83002
316.26086 703.85065
460.13080 892.71356
431.14337 613.45105
349.27777 825.02527
383.15131 853.75836
347.57248 770.34540
262.08621 719.73431
315.27457 776.90710
253.57938 742.93542
352.40048 724.36206
448.26804 573.23096
442.67383 658.63141
428.06561 661.29529
452.10077 641.23077
431.11871 451.59808
390.37903 438.36530
354.58463 437.12924
325.03476 443.90918
305.21368 456.98438
293.24481 499.63513
227.38776 570.29614
312.97614 530.66901
338.73544 536.28967
372.45547 534.12476
403.60287 527.74792
427.27759 520.44385
443.29871 512.84235
232.06915 571.36969
428.88229 666.13684
460.74176 582.33569
458.97110 661.90991
473.19022 673.79242
459.88855 665.65875
436.10324 672.40283
478.24896 676.63525
481.88776 680.73590
441.37842 491.61432
455.32471 498.81287
463.06204 504.51270
329.40240 486.50922
310.42139 477.06393
522.89697 568.83105
693.64819 486.31396
532.41711 675.54871
806.61975 381.22296
620.76984 501.10248
645.53748 503.14618
671.03455 504.59338
707.99231 496.93961
599.84753 497.33124
660.43359 443.68115
631.55463 445.15652
687.72034 448.05011
705.69348 457.41858
732.50549 512.51642
612.56006 875.12256
705.27808 484.31934
824.54517 499.60455
765.23004 496.21707
643.87531 624.14893
554.91797 735.46851
551.13647 750.18750
586.58228 738.57892
607.00836 743.44379
577.03149 748.84094
597.03949 749.18286
637.46863 780.43909
523.21106 665.03754
524.90314 636.70795
744.41919 437.42157
585.95667 558.76849
593.34332 646.77588
594.57861 630.52417
727.05353 616.01837
523.73303 600.37408
676.54688 410.53156
715.76099 419.68896
772.85229 334.92407
558.98724 433.51556
606.51501 453.48322
661.34851 759.05334
819.76111 757.67902
574.91205 663.81152
553.13507 672.34381
631.20996 752.82312
624.90997 752.45715
731.11365 402.50439
597.08881 656.03174
625.05493 413.11292
629.53302 391.27966
655.45392 276.29178
747.82507 367.13083
636.20471 331.33185
762.00598 424.78714
781.65662 403.88629
553.86316 743.91803
581.83411 744.43292
602.28680 746.53040
569.37128 667.79181
627.99542 752.67938
616.36700 756.70850
621.40417 752.25244
557.78271 660.69324
592.00726 751.01599
572.00073 751.76593
547.78845 754.03632
544.52533 819.86731
554.47272 782.85876
552.84839 771.50385
550.55328 761.64014
547.76917 754.07568
591.57538 751.61377
596.45612 755.79352
601.62799 761.38794
606.01160 768.07458
628.34430 720.69568
842.83521 620.38904
606.12354 751.81500
611.00885 754.03558
543.28473 682.72278
589.50665 670.58374
548.13654 677.77673
614.64624 572.71124
659.51727 588.17712
601.27588 640.78754
725.06213 298.56857
701.33569 342.11252
686.00323 389.41989
612.21356 795.94769
566.77551 398.83078
571.35583 331.17331
583.22992 267.35828
693.71021 502.63776
762.71155 529.35840
586.26904 492.86319
734.42084 467.80057
566.01526 542.48682
573.19336 641.45734
796.96606 550.36768
742.83081 546.59119
707.09790 555.89380
654.41443 552.62885
616.13757 542.78589
588.17255 532.31885
527.56293 509.48608
796.11133 606.50305
757.10565 464.16083
516.48999 678.06403
584.88434 586.86957
839.67169 495.26437
567.04321 519.66376
605.17365 640.62689
719.09070 484.68494
574.27319 621.35101
837.04358 688.33398
588.13007 484.37207
548.76581 608.22717
748.44153 818.96252
751.69177 852.61853
830.12994 615.77051
786.27838 783.13428
804.52234 446.80466
621.07202 906.28314
515.21362 682.09741
610.68445 604.80908
789.52032 499.98816
666.40918 486.50800
645.31030 485.81482
621.03589 760.01190
796.96130 662.42462
569.98254 943.82678
660.43280 911.28979
702.91217 887.71246
625.40332 484.66064
606.54065 483.70276
594.15356 484.43988
777.81665 457.49072
611.66675 475.01086
633.13495 472.46307
653.74066 472.90027
674.86072 475.90073
689.05841 479.74426
827.57300 431.38956
681.63220 486.59036
599.90668 708.03461
573.60193 661.08130
545.47351 704.15082
705.84216 854.18677
664.97491 881.30920
569.56555 922.38287
789.33545 812.14929
595.84741 480.33051
545.64618 553.19196
617.14478 930.80920
825.92413 677.24573
571.82538 752.14941
576.26599 758.50873
580.06610 766.82263
583.23364 777.16626
581.16327 809.84351
612.54633 750.39978
617.53394 749.35938
621.90979 747.88440
651.07935 737.89667
757.62878 675.48962
546.15460 524.27838
565.27179 468.72632
583.51080 470.60764
606.60114 751.31775
768.12524 741.61127
538.27795 471.12585
597.79193 842.43140
525.54047 540.27124
566.25183 596.01947
553.41083 854.46344
665.61365 795.89581
628.54260 660.25958
634.07764 823.07019
690.80420 653.17889
655.34039 685.51813
719.87317 695.70703
563.47992 891.81824
585.35944 608.90198
692.22351 819.70673
652.75677 849.69513
690.01611 764.26996
794.38721 709.68695
728.97668 769.77869
814.62701 733.20068
680.81696 717.61072
564.64276 569.80481
565.36957 655.56238
585.24255 657.39514
550.34784 638.89612
585.62042 448.16248
628.26611 433.55878
666.45972 430.79300
698.78259 436.37717
721.98694 448.53314
739.10876 490.67944
830.64209 556.87720
716.43567 522.30127
687.54272 527.92255
651.12030 526.60083
617.99988 520.94623
592.80823 514.26428
575.23236 507.28909
842.28857 556.87720
586.52527 662.35156
544.88721 579.83643
544.46033 660.24719
532.80652 672.89575
546.50775 664.08087
580.41840 669.00256
526.15204 675.85413
525.22351 679.76752
577.57300 485.83484
561.45135 494.00360
550.95093 500.54065
698.19519 482.57132
718.40637 469.10901
387.66403 476.93405
409.69608 475.75439
386.97626 454.63297
364.81293 478.26282
387.85468 499.60547
653.11218 477.19568
678.53516 477.26337
653.45648 455.61475
627.91895 476.83093
652.86121 498.34378
