521.05682 733.15869
527.15826 647.84711
523.62500 671.77435
503.48892 559.54224
527.45410 620.42297
526.57202 584.69708
523.09656 499.81921
344.95056 492.57315
521.73474 439.09140
521.55542 404.19574
519.46893 269.80289
520.36267 742.94696
519.47064 752.64307
518.80035 758.81848
517.88849 758.77173
517.47870 770.59973
516.66064 784.66504
515.58936 799.50970
521.37720 840.93542
526.17328 661.31482
499.59918 659.53320
240.66330 395.51349
414.91403 513.04968
389.95251 515.26544
365.65735 514.80847
333.28894 502.67206
436.33655 508.18396
376.58704 443.77795
405.65451 445.75677
350.12384 449.64801
333.15240 460.57538
310.18396 519.16528
426.47211 879.26770
335.42123 487.00983
228.94626 509.84320
279.39771 503.68536
390.27991 622.06409
486.27573 724.80548
487.70734 748.90924
452.15759 729.05835
428.82486 733.67480
460.27960 745.95135
438.61288 744.27014
397.27386 783.31372
505.35632 646.92358
502.48022 620.59943
296.35223 443.94727
443.81241 557.25018
439.33838 636.22485
437.26669 621.98035
312.33832 618.74243
502.98724 587.50629
358.91797 415.64108
322.22302 425.28149
265.83026 347.66998
470.56500 437.57767
430.68716 456.33765
376.22412 755.82916
250.44202 758.50610
458.16281 651.27783
479.99823 659.43036
398.70923 740.65466
405.07202 741.92542
307.64923 409.45068
436.49481 646.85608
407.95184 418.00421
403.14871 397.04486
370.90704 283.59155
285.59100 374.79309
387.95053 335.70483
279.75378 432.05627
258.78271 412.82831
486.26953 738.07611
456.11407 738.02692
433.50540 739.00909
463.89871 655.81885
401.96402 741.29047
415.66391 751.06140
408.36832 742.67926
473.59912 644.38916
442.74139 748.13025
464.19235 751.32544
489.81528 755.39087
485.17426 839.04248
481.75626 795.88757
483.56555 780.70642
486.21436 766.86237
489.10703 755.76062
442.18872 749.04962
437.36755 754.05676
431.87451 761.11920
427.46448 769.68579
407.52939 714.41370
222.17673 627.47833
524.99988 666.63336
426.28192 746.29285
421.02795 748.35022
488.37149 669.63684
444.68729 661.68091
484.43005 664.64447
415.76111 571.86792
373.60443 588.75250
431.53223 633.10986
307.20065 309.21371
326.66794 347.88791
349.84662 395.58649
420.29861 805.06793
462.23352 403.14746
450.25784 333.34720
439.41135 271.80093
345.10028 510.90176
281.58115 537.71570
450.43866 503.16257
307.48181 473.28677
462.86938 540.54370
457.62543 627.78857
250.53189 557.27661
300.26117 554.62177
334.15253 563.36255
383.49390 559.34735
419.34680 549.05731
445.77182 537.61816
498.39322 506.31314
252.74927 611.35962
286.04321 470.93890
512.89032 660.27814
445.46420 582.53937
219.78180 508.48965
465.64941 524.55725
428.34467 634.20258
323.49121 489.07642
455.83896 610.49023
231.00790 691.70416
450.11682 494.75665
479.52267 596.41370
310.95673 817.94153
312.91574 849.86719
227.75952 621.41290
276.84680 783.16650
243.32840 457.30014
422.19098 906.64874
514.44470 665.60474
421.19073 601.22754
256.66824 508.41684
369.01291 498.89542
389.82791 499.98645
411.04852 754.63959
255.62686 665.28815
470.33896 942.19153
390.12726 908.23242
354.51089 884.40845
520.31897 334.55972
523.37378 946.16827
410.61362 498.45773
430.59363 496.12219
443.77524 495.78690
266.25531 465.21136
425.36420 475.03571
403.32043 466.61920
381.96646 465.36151
360.98926 470.12262
348.31256 477.18591
227.03427 446.04703
354.91364 496.05048
522.71490 693.33142
434.39148 700.18262
459.06348 647.36780
485.51566 693.72302
521.95154 469.24039
348.23853 852.60706
383.77036 880.05438
469.11569 924.41748
279.69049 811.17987
442.13342 487.10010
482.01730 547.58160
523.44116 928.10437
427.74072 928.63452
234.85803 680.32080
463.66168 752.08508
458.95963 760.70282
454.94827 771.82373
451.96844 785.62952
448.78940 824.84412
420.97070 742.82819
415.74036 740.00171
411.63525 737.12274
386.44543 732.94647
289.78748 677.42273
481.15552 521.49768
468.42786 474.98779
452.62054 477.61792
426.48312 745.56812
286.87994 742.81268
490.71857 474.93906
436.76788 851.05450
525.39374 555.52582
500.84265 534.10681
524.26208 528.58057
462.85840 588.19244
523.21759 901.62354
522.30859 869.33221
478.72260 867.05908
375.83539 796.90076
407.10126 655.46185
403.88379 827.59979
348.13181 653.14001
382.80304 682.15204
325.12329 695.70813
472.01840 898.40234
445.30692 602.24023
355.78696 820.15576
390.78586 851.45233
353.54657 762.38550
262.16376 711.28522
321.58075 769.98267
249.17169 734.56580
360.99774 714.64648
464.38635 564.74646
465.93878 639.87054
447.60480 645.12708
479.04932 623.27209
448.82651 452.87219
407.15997 436.80786
370.00479 434.39951
339.17252 440.92078
317.96594 453.69894
304.46268 496.41837
225.11261 565.03735
325.25330 529.34174
351.94476 536.03595
386.04807 535.60168
417.69550 529.78491
442.31561 522.19153
459.24042 514.57623
219.47842 567.49835
446.75067 651.39197
482.81323 571.39117
485.94485 642.57324
498.70746 655.64020
484.87552 646.56183
453.20007 658.73456
504.31778 658.33545
505.78952 663.65088
459.10327 495.59750
472.14587 500.84851
480.30496 505.22363
341.12186 482.52527
322.57443 473.24463
546.45715 559.41724
687.38892 491.57544
548.57843 659.33661
769.77435 395.75635
623.56793 515.56268
646.94232 516.86713
669.24707 515.59064
696.99335 501.44122
603.27661 510.62466
657.48309 443.74048
630.30139 446.66867
681.97882 448.31677
697.08368 458.49762
717.82764 518.56409
614.48114 877.70007
695.06934 484.76462
782.79840 509.62628
743.52484 502.37952
646.57880 622.14203
555.63824 727.50562
550.44373 751.63232
586.71643 734.55579
606.70190 741.63391
576.12341 751.37122
595.70923 752.01550
635.40869 783.68909
548.07812 646.87860
551.42328 620.48151
729.68097 441.17554
594.36261 557.17938
604.92017 636.52429
605.95758 622.19952
718.56641 618.68921
549.23560 587.34705
675.52863 414.07471
707.66187 422.87314
751.08063 348.62473
572.39911 437.65738
606.63342 458.09631
655.06134 756.48303
757.93115 755.83118
585.54846 651.61597
564.97638 659.78711
632.34009 753.16376
626.09021 753.75305
719.83875 407.24988
605.61572 647.33417
631.46564 417.23544
635.50427 396.77216
660.47327 284.97165
738.62781 374.23770
647.23010 335.92096
743.00757 430.33392
759.67749 412.15616
553.72723 740.85260
581.56287 743.59033
601.54993 746.85547
579.37372 656.18604
629.14069 753.46161
615.43536 760.87610
622.51874 754.13843
574.10846 644.48438
590.75104 755.68750
571.01477 756.53931
547.07715 758.01117
556.37982 839.00726
549.15881 797.90875
548.93610 782.69366
547.94623 768.87018
546.02893 757.92859
590.15277 755.94031
594.79718 761.02875
599.57581 768.18201
603.11926 776.61450
628.82178 714.95062
778.80847 626.35913
605.16797 755.29047
610.33832 757.76282
557.21698 670.06799
596.02118 662.27954
560.92102 665.07080
620.55243 571.99133
661.38110 588.91180
609.98010 633.52704
717.15820 310.57123
703.17468 347.72144
683.31860 394.30762
615.41516 804.96582
580.06512 404.28290
588.22449 333.63058
596.69641 272.64816
687.15735 510.86682
743.77197 536.96729
589.67609 505.38599
719.47003 470.88474
577.17987 540.31201
589.97137 627.91046
769.65063 556.89575
728.75940 554.31952
699.27374 563.54626
653.99158 559.77399
620.38263 549.77625
595.24951 538.62830
546.40826 506.22656
768.86322 610.96875
738.04883 468.87744
538.94391 660.15497
594.29761 582.53912
782.47815 508.26202
576.42932 525.62964
610.96057 634.71063
705.13696 486.78290
590.29279 610.52826
772.47620 689.63165
588.68909 496.60370
570.07605 596.23883
715.31305 815.33264
710.18726 846.14185
784.52240 620.23474
743.93756 780.84277
771.26904 456.99054
619.01733 904.49817
535.17627 665.51147
616.70013 601.40753
763.03571 507.55682
666.52502 500.28134
647.28528 502.49329
619.77582 764.69275
765.78503 664.44543
574.93365 940.74249
646.04303 904.55194
676.10901 880.39722
627.56549 501.58847
608.35992 499.18604
595.33862 498.39587
753.98627 463.98328
611.32703 476.31979
631.88055 467.40451
652.57172 465.25589
672.22552 468.85092
683.75293 475.21280
778.90070 446.05267
678.95465 496.15936
605.34735 700.76904
585.62799 647.66071
558.85736 694.12335
682.93250 849.89209
652.06226 877.35571
576.18048 923.24060
736.10358 808.05768
595.94287 488.63080
563.12128 547.39746
613.86609 925.80646
777.90790 678.68207
570.21631 756.59521
574.10596 765.09308
577.02814 776.13049
578.83374 789.71405
590.06421 824.53882
611.58417 752.63300
616.98773 750.16229
621.49774 747.49908
646.83398 733.63739
737.64539 676.84680
561.23254 521.44293
572.43829 476.74295
586.39655 479.63312
605.55182 755.05591
738.13269 741.38574
552.41431 476.24426
602.86798 850.09399
546.65070 533.92303
581.22870 588.26776
564.38165 866.52106
656.86908 796.32190
630.09937 655.70142
631.98999 826.63666
686.26648 652.92523
652.64331 682.20905
706.30212 695.18951
572.84796 897.61786
595.94299 602.36145
676.74731 818.34167
645.68909 849.63879
677.75391 762.25092
759.23340 709.96436
707.62933 768.63110
766.25781 732.57886
671.83704 714.83258
577.83899 564.69928
582.03748 639.91455
596.93604 645.44342
571.93030 623.18036
590.96246 453.79260
629.92883 436.76758
664.38879 433.41098
692.27698 438.95038
710.78699 451.20526
721.65344 494.55194
786.45068 564.36963
705.38574 529.19897
682.21844 536.50616
651.01996 536.63245
621.12000 531.33411
597.77582 523.99115
581.64026 516.20074
780.87305 566.96082
596.16351 651.79382
564.69696 571.19763
565.07776 642.42572
550.91589 655.39905
564.38361 646.53784
588.95300 659.12622
546.62659 658.12347
542.89545 663.40985
580.86530 497.59668
569.08752 502.62976
562.23627 506.54803
690.15973 480.27533
706.13452 470.85114
387.11398 480.40082
411.22183 479.91431
386.76929 458.48965
362.68433 480.88263
387.28415 502.54126
642.77112 481.97824
667.12231 482.02234
642.37347 460.24152
618.67401 481.75873
643.34424 503.78555
