522.67706 712.44580
517.77094 639.82611
517.96844 656.61462
498.53421 562.53638
517.96442 617.03851
518.20068 585.70734
518.80023 508.51443
346.28900 498.07336
519.08112 448.75546
519.29889 417.50146
520.82043 297.84006
522.53870 718.70605
521.93689 724.56250
521.39301 728.40961
521.59473 734.72308
521.58240 743.84863
521.14246 754.53906
520.40344 765.45099
518.20099 789.20453
517.77039 649.93427
496.38409 646.80798
260.45618 397.37082
413.88522 520.06818
389.40240 522.33459
366.38184 519.69928
337.27740 504.48132
434.61319 513.75800
378.57062 449.64313
407.36182 452.22812
352.73828 454.78931
336.64377 464.54538
318.55682 515.91571
432.26016 817.26355
338.53784 490.15576
251.38187 496.21344
291.96570 498.31122
397.09875 607.99640
492.52362 707.85193
493.98801 722.74512
464.92947 711.23785
445.66370 713.81171
470.80518 721.22156
452.73859 720.24554
409.56177 734.85449
498.70752 638.67157
495.86722 616.56671
305.24567 447.32477
447.49854 554.23950
445.90143 625.77570
444.28894 613.12518
323.77368 601.26233
497.10953 587.54791
362.75830 426.63934
328.65308 432.74890
282.85364 358.66006
467.78635 449.36792
431.75702 463.18530
390.49686 711.04169
284.65192 701.82336
463.12500 638.71283
481.49487 645.66888
419.07224 717.04034
424.42438 718.25958
316.76334 417.81128
444.65253 633.32819
408.75070 430.50018
405.44522 412.20297
379.39081 307.97067
299.70837 383.97296
394.08630 354.94974
292.19598 434.98596
276.13214 414.62772
492.84827 716.19568
467.74478 716.47174
448.96649 717.03436
468.21405 642.16162
421.84830 717.67297
433.80219 725.89337
427.22824 718.87000
474.12396 634.83337
455.97586 722.72040
473.80060 724.56091
495.66156 726.77277
485.25650 787.01544
489.95639 763.23572
491.51776 752.08545
493.70837 741.57617
496.00714 733.00427
456.30740 726.00146
452.12518 729.44556
447.39899 734.59497
443.53192 740.56494
416.43262 683.06781
254.38086 590.23053
517.75073 653.25220
442.96130 722.70740
438.34619 724.01648
488.53665 654.10565
451.55634 644.65002
485.20630 650.00378
421.77100 565.49707
380.88464 578.40308
439.96802 621.28131
320.52679 327.98691
337.13007 362.73776
355.70789 408.47125
428.78485 755.47833
461.59656 419.45917
452.89984 354.98984
444.11694 298.97586
347.37537 514.25201
293.37396 529.38452
448.15775 508.04892
315.00989 474.55032
464.36761 540.85046
459.50385 620.25067
270.18607 541.97601
308.56055 546.41382
337.98044 556.26221
382.84842 555.42780
416.62369 547.75970
441.67834 538.10535
495.96234 513.43903
273.21167 588.78479
297.07648 469.97769
506.23682 648.82587
449.83447 577.19971
244.94531 489.82706
460.53519 527.26862
437.08472 620.89716
328.45111 490.72845
458.54425 604.77448
266.06927 644.87787
448.99905 499.87796
477.15781 593.89374
335.08191 758.93298
339.38220 781.72394
255.52725 591.03290
304.36780 728.59851
262.77408 452.15674
429.99142 837.76978
508.77786 652.23950
427.71481 591.65613
272.13806 499.59076
368.84015 508.71713
389.69794 510.92001
429.81653 728.30133
278.28223 633.56354
471.32761 867.60211
404.98990 833.87500
375.52496 812.17969
519.91638 356.79715
517.33948 872.71747
410.58948 508.56964
430.33939 504.14383
442.98917 501.97284
281.00604 462.46588
426.98682 477.90341
405.73703 468.82941
384.02982 467.53839
363.04504 472.47198
350.50134 479.79065
248.88892 438.74530
355.18054 503.75272
518.30603 672.49158
441.05090 674.38165
463.27136 636.18536
485.69431 672.22095
518.96948 477.66528
368.30560 788.72693
398.67221 812.77533
469.54709 855.42773
310.27289 747.66040
442.02979 491.28461
480.53134 549.85370
517.73242 860.38788
435.63742 853.53625
265.01221 640.52258
474.24991 729.62891
470.31015 735.92908
466.73801 744.22479
464.07120 754.15674
453.43704 773.94318
438.14505 719.23425
434.12903 717.34589
431.05634 715.47974
398.08612 695.02380
306.50061 647.82153
480.49619 525.60181
465.63071 482.80032
451.39258 483.99713
442.34622 721.12592
308.82458 698.94934
485.68243 483.41547
441.76764 794.74194
518.44287 559.70898
497.12170 539.51276
518.59290 535.42999
464.27002 584.35785
517.85638 840.20654
518.01501 813.40833
478.24869 810.31860
390.15271 745.77362
416.16208 636.87921
414.04248 773.03125
357.21875 632.17371
392.00980 656.84802
338.45892 664.87683
471.42667 835.93939
450.70914 595.22186
372.76489 764.24829
402.95764 791.55566
369.42825 716.78656
286.68231 671.03571
340.76581 722.59857
279.48041 686.45673
373.15027 680.24762
465.65088 563.28931
466.95996 631.05255
453.18427 633.77344
476.50995 617.80530
447.87103 461.80945
408.21472 445.78442
372.38293 442.65320
343.38034 447.49182
323.88330 457.96936
313.05310 494.76337
250.21671 543.29626
330.93365 526.67059
354.48737 534.66382
385.81183 536.79132
415.91919 532.41846
439.34702 524.98090
455.33838 518.03583
248.16928 539.20111
453.38803 637.97284
480.45340 571.38251
482.82764 634.29028
494.76056 644.15155
482.86267 636.84955
458.99890 643.45532
499.09198 646.92920
501.58487 650.39288
456.75970 500.88339
467.92633 506.21497
474.85202 510.54120
343.79288 485.24933
327.41458 476.06299
538.13434 562.70190
687.62891 500.37762
538.93781 647.01489
773.69794 400.76376
617.16534 520.20538
641.84717 522.37921
665.54150 520.95056
697.21161 506.72894
595.96735 515.02942
653.18939 453.39813
623.50775 455.97766
679.58008 458.20901
696.72186 467.76212
715.66907 518.58752
603.02576 817.80939
696.64563 492.79205
783.21161 500.23615
741.18628 501.87463
638.31927 608.86462
552.59912 706.46667
549.32678 721.33435
578.49182 707.96155
596.17346 709.05560
571.74011 718.33862
588.85913 715.98871
628.28009 734.83069
536.73083 638.84229
539.81519 616.68860
723.56128 452.26971
588.73425 554.82104
589.65466 626.14154
591.42114 613.35199
710.87836 603.00623
539.16901 587.64117
664.81549 432.38275
699.21393 438.08868
752.31384 362.50458
562.70477 454.10742
598.73163 466.67383
647.50842 711.02734
751.83936 705.07581
572.10547 639.09137
553.97278 645.81073
620.86597 709.92194
615.66797 711.51428
710.54303 423.31061
590.77905 633.56519
619.69806 436.12207
622.95111 417.94208
659.90320 310.86829
735.27649 388.56714
643.97375 358.31335
736.51147 439.89783
758.29669 419.00769
551.49329 714.83679
575.30408 713.41858
592.83228 712.43384
566.95465 642.41064
618.15607 710.73846
606.09857 720.04675
612.94238 712.41272
561.20807 635.34180
585.19312 718.75537
567.94183 721.92944
546.79187 725.51019
550.85962 787.17346
549.84497 761.59644
549.67682 750.52875
548.47266 740.11096
546.59491 731.64844
584.54230 721.92273
588.45355 725.11224
592.44043 729.87402
595.34546 735.66431
620.07068 682.95953
780.30145 594.16595
597.60474 717.70312
601.91467 718.55945
547.33954 654.24237
583.84833 644.77307
550.41534 650.19800
613.89233 566.26300
654.41687 579.62408
595.76233 621.47998
716.69092 331.72089
699.05743 367.38342
671.74487 414.35812
608.27673 755.60468
568.94733 425.04565
586.35889 356.65948
596.95374 300.50006
685.74432 516.20746
741.55017 532.44543
581.93890 510.19281
717.60608 478.31665
572.32367 541.34998
575.89960 620.81036
763.95850 545.39526
725.62390 548.94885
695.24023 558.04993
649.43182 556.31439
615.39734 548.45941
590.70728 539.58118
541.37378 513.77618
760.99408 591.81812
734.29126 474.30060
529.15063 648.91571
586.04486 577.59711
789.44897 493.40662
571.89636 529.34351
598.60046 621.05566
706.49078 493.32574
577.18121 605.13458
769.63239 648.58563
581.33282 502.32938
558.80902 594.18811
701.47778 761.35925
697.14075 783.89465
779.07385 594.84467
731.97803 731.54242
771.80597 456.09744
604.93408 838.47235
526.71991 652.28668
607.86340 592.18793
761.27521 503.03854
663.20398 509.73318
641.84912 510.92767
609.69000 722.22937
756.54480 636.48553
562.72015 867.68127
629.72113 834.37323
660.43121 813.39056
620.98340 508.87146
600.38116 505.53912
587.21362 504.23694
749.91150 466.48398
604.90338 481.44531
626.87817 472.44019
649.43726 470.94989
670.90961 475.20056
683.95892 482.17737
785.25269 442.00403
677.75610 505.51221
595.39111 674.28687
571.97546 636.70972
550.97974 672.35938
667.67419 790.54700
636.93829 814.11865
565.12579 855.74750
726.53143 750.44116
588.76819 494.36905
556.16528 550.19727
598.39880 853.67200
770.20410 644.19720
567.45770 726.83167
570.98584 732.88354
573.66095 740.94702
575.21808 750.75665
583.00476 774.01910
602.94470 713.64819
606.70459 711.41431
609.73206 709.38696
639.04834 694.86230
728.53717 649.93042
556.50342 526.13837
565.48889 485.59760
578.93964 486.75015
598.62061 716.00482
727.14136 701.22736
545.68756 486.90936
594.14410 795.07581
539.86896 539.69800
571.64569 584.82477
557.37653 810.46423
646.35486 746.45374
619.25098 637.11163
622.24084 773.48877
678.02008 633.41260
643.66876 657.36432
696.99945 666.35480
563.57343 836.23303
584.98181 595.46216
663.30530 765.53040
633.11115 792.55469
667.27246 717.64838
748.84784 673.88641
695.51550 724.28925
756.38934 689.86133
663.13300 680.82513
570.58673 563.71503
568.37946 631.60852
582.17609 634.21289
558.94214 618.16626
582.73132 465.16046
621.87640 450.25723
657.72339 447.00641
686.93549 451.61707
707.35730 461.96112
721.10693 498.15387
783.89716 547.24701
702.86761 528.87958
677.97260 536.31616
645.91333 537.36566
615.36530 532.75281
592.15033 526.15948
576.19165 519.85315
786.03857 542.99091
581.82953 638.27307
555.86963 571.69824
552.40894 634.70068
540.51721 644.51270
552.43396 637.40381
576.26953 643.57654
536.27405 647.10876
533.76624 650.47650
573.51501 503.30579
563.56110 508.36899
557.14203 513.23334
691.16345 487.79401
706.39069 479.23242
390.24426 487.20148
417.93817 487.05078
390.53381 462.22998
362.14807 487.24164
389.86472 512.28931
651.44922 487.70877
678.94263 487.79614
650.98077 463.06628
623.88092 487.53418
651.90204 512.55798
