501.33130 768.04944
493.23370 670.57111
499.77661 691.25061
476.36203 574.54565
492.18256 643.47961
493.59955 604.60535
499.67953 507.10144
351.99811 488.68335
500.16904 444.20343
499.14825 409.54230
500.90912 269.23392
501.59869 775.87097
502.48096 782.58459
503.78104 786.61041
504.22531 785.91473
503.90118 797.23547
503.87759 810.36517
504.53455 824.17792
507.91968 846.84857
495.26727 682.58044
474.24438 678.64783
269.51819 380.52386
416.01144 507.73383
394.35712 511.42783
372.69995 512.53229
344.38782 497.76465
433.36383 502.12357
373.81039 450.78613
399.77173 451.68036
352.00897 455.33356
339.32883 463.33746
326.32065 513.79376
427.02844 880.93823
343.14252 482.19095
267.21811 495.50079
300.58902 493.43756
395.30472 631.28833
472.90814 760.35272
477.12936 778.84058
449.71744 761.92871
433.60645 764.21014
456.85138 775.17914
440.95093 772.45453
408.77722 796.26746
473.49747 668.88995
469.24176 642.96918
305.26257 445.64255
440.32538 561.83691
427.09222 652.80188
427.67041 636.86249
333.40979 623.92816
472.31372 606.79694
352.96216 430.12708
323.28909 433.92798
283.49158 337.32489
454.52597 456.02151
423.02429 459.01837
391.20941 772.55988
309.93613 738.36786
444.16199 668.34741
461.71964 677.50702
410.82907 767.28369
415.99887 768.72888
311.33405 413.65637
427.82373 662.83099
396.41455 436.65161
390.91806 413.73291
366.15198 282.12619
294.71506 369.53812
377.47394 337.75348
293.37888 428.04126
278.76025 403.42334
474.35269 771.00439
453.06805 769.06409
436.95111 768.36816
449.65375 672.96368
413.44116 768.02063
423.89777 777.07385
418.78488 769.52722
452.38687 663.03595
444.43402 775.77740
460.55344 779.50372
480.32898 783.60376
478.69223 844.61530
476.27911 820.63916
476.63147 806.57996
478.25937 793.68042
480.96921 783.10944
444.83942 775.95831
440.34293 780.40759
436.02289 786.63574
432.82394 794.06866
412.64850 732.33997
285.67172 605.59271
497.26993 686.86249
432.73148 773.08447
428.12469 774.79712
469.73273 688.55463
437.51239 677.93512
465.79135 683.18030
418.51324 576.78583
382.52216 594.86255
425.46564 647.38678
313.50418 303.41187
325.69672 346.18344
344.53369 406.22327
426.97137 814.53290
445.76035 422.93839
433.85526 336.67703
426.63397 271.90045
354.80725 507.93445
303.45001 530.96552
444.04126 497.12411
319.26398 470.04999
454.31219 545.33154
438.09149 645.94354
282.00314 550.65247
318.24719 554.00085
345.47958 567.93512
387.35083 563.58569
417.76544 551.13928
438.93222 539.90558
478.69040 512.90820
288.20953 607.52667
301.63242 464.88989
483.09631 681.21173
440.28693 591.00934
270.23883 487.32620
454.83832 528.67743
426.57007 646.84351
334.58514 483.66608
439.57352 626.59344
294.89105 670.19171
442.40125 487.35144
454.82153 614.08868
340.74548 812.06189
348.54889 837.69312
275.99188 608.13855
317.70731 773.47943
272.33719 444.74854
422.67834 905.98230
487.23108 685.51379
421.73407 609.90924
284.30453 492.96661
374.44910 495.88138
393.47385 495.53949
420.48254 780.15637
295.87564 660.74756
464.03433 942.35632
401.55963 902.52667
376.54102 875.81165
499.48019 337.37949
512.86090 948.98767
411.51642 492.04791
428.30035 488.20267
438.47443 487.57999
288.05576 453.35919
420.96808 470.20422
400.80481 464.42529
380.85895 464.84238
362.73260 469.61499
352.48480 475.34314
265.65836 427.56885
361.31946 492.96732
501.36981 713.98730
431.81708 719.01172
443.49158 664.75366
469.91251 714.19434
501.29391 473.79413
367.19073 848.72119
393.75916 877.74213
461.16669 926.50024
328.17935 794.73108
435.29532 480.23267
463.99249 557.55664
510.87442 932.69458
429.23148 926.03699
286.06918 666.67963
461.15189 779.37183
456.81940 787.37714
453.75793 797.46735
451.96198 810.00891
449.48016 831.64172
428.17288 770.32135
424.25159 767.93408
421.27075 765.62653
398.21609 750.98468
320.89185 679.25732
466.84290 527.27551
457.41040 477.14111
443.78375 475.66086
432.64600 772.84412
321.67108 740.33417
474.55252 484.46088
438.40317 855.42041
495.79874 571.02576
477.05899 544.88574
497.73547 539.75720
449.34344 600.74353
509.20642 906.81567
508.69006 874.67249
472.02969 871.34155
387.53741 805.63110
409.12033 667.93036
411.17432 833.67139
361.98993 661.75360
390.41479 694.79736
346.07162 702.94012
463.82477 901.77246
438.59381 613.86737
370.63275 822.54077
398.74158 853.24176
369.13141 773.50543
303.62857 705.59900
344.98724 772.96777
298.17993 721.42499
374.98297 728.55304
452.82269 573.70221
444.87601 658.57922
433.62891 662.36060
451.81561 643.39734
438.02338 460.70044
399.25729 448.01138
366.10870 445.29230
340.43781 448.65009
324.71457 456.80515
319.61212 489.04486
268.71844 551.30560
338.79272 527.29547
360.97223 536.33228
390.48755 535.02325
417.75818 527.31635
437.74216 519.54321
451.30194 513.24817
278.80695 545.77881
435.23206 668.18225
461.28049 585.24219
458.21393 662.90717
471.95627 675.17737
460.18604 665.82404
442.49701 675.61133
475.93494 678.74182
479.72241 683.13318
450.00790 490.88541
461.42209 501.31943
466.76837 510.88586
346.91382 479.43863
332.11072 471.61310
517.43304 574.70166
679.57812 489.04935
522.93835 679.32916
797.31262 376.35120
612.19855 510.50641
635.28436 512.97711
659.07373 513.46973
691.94885 499.01993
592.92169 505.72498
649.60620 447.67188
622.30945 449.78882
674.38672 451.86795
690.23938 460.54788
716.68646 516.55762
604.43195 886.76562
690.19958 482.63284
808.19171 496.33871
749.02991 498.36594
629.70190 633.45447
532.01660 761.22467
531.05383 779.81396
561.86865 764.35132
583.30420 767.54236
556.43579 777.21771
577.02087 775.39697
622.26373 801.27576
514.57977 669.56201
516.82043 643.34796
726.79535 444.73499
579.66626 562.21686
581.04675 654.78400
583.39160 638.33661
706.70154 627.76550
516.77100 606.90289
661.79706 425.68707
699.30408 430.45679
766.45526 331.94879
552.01617 455.78265
598.89856 459.29071
640.89856 778.07886
797.43793 748.35406
563.02972 670.22998
542.57727 678.41260
614.92505 771.98035
609.59418 773.12805
714.23920 411.58960
583.97040 665.11798
612.67542 433.34381
616.41406 410.95203
650.72467 277.72424
741.45410 366.52707
631.63922 334.74619
744.31244 429.95966
772.90515 401.86133
531.78314 771.89575
559.08337 771.30548
580.21698 771.48486
557.52435 674.76807
612.16510 772.57416
598.91260 781.14661
606.46582 773.75366
546.74530 664.36292
574.76361 778.32239
554.09985 781.17535
530.36920 784.45917
540.84509 846.38623
535.10217 822.51550
533.45459 808.13867
531.96979 794.94696
530.31909 784.13647
574.62646 778.87738
578.85632 783.63611
583.17639 790.33447
586.78534 798.15967
607.96759 735.60437
822.90247 610.22437
590.27466 776.69989
594.49994 778.62927
533.86084 689.19922
575.85919 680.27789
538.05792 683.94629
605.67822 577.61194
646.11774 596.75397
589.11682 649.30701
719.53699 297.88058
696.13141 342.90381
670.18878 402.90601
600.73901 818.87494
558.15686 421.89313
568.51733 334.99319
580.51080 269.32990
679.65521 508.92856
747.26379 534.99786
580.56366 501.11069
717.09320 470.85730
561.18738 545.46954
562.26276 647.39392
778.97839 553.69727
726.63904 555.79773
691.70850 568.01978
642.55792 564.24255
608.04175 552.74744
583.08020 541.80457
524.08990 512.84497
774.15118 612.60852
739.71033 467.63126
508.41827 681.63428
576.99335 591.52393
823.80341 486.73962
563.52484 530.08698
592.47833 648.74713
701.80121 484.57278
564.48590 627.58575
815.72791 677.92871
582.19293 491.59076
540.60400 614.64209
726.26001 822.62292
732.19305 848.85925
808.90930 613.83221
760.69360 783.82733
791.44916 443.99426
612.72870 912.75867
507.81738 685.69714
600.12109 611.13824
774.38525 501.13544
654.58667 496.19647
634.63763 496.63943
602.98145 784.44037
771.22925 667.61115
566.53723 946.06177
650.52411 910.67566
688.70697 885.83850
616.07831 494.44089
598.32263 491.87024
587.06750 491.98184
760.91302 458.89429
604.45044 471.93222
624.60059 464.15610
644.97406 463.50381
664.80542 467.96130
677.07391 474.20291
814.56128 424.72675
668.83948 493.09073
583.55981 721.20691
561.56409 666.65259
536.03357 715.10431
689.29651 858.88977
652.86121 886.60083
565.39380 930.46234
767.74561 805.50500
589.38611 483.85504
540.51947 557.70441
610.54321 932.08948
802.08276 674.76044
553.95380 781.38757
557.74622 789.76288
560.78589 800.29089
563.33643 813.15155
573.96692 834.70349
594.23737 773.90833
597.66888 771.72668
600.59723 769.59607
628.25085 755.26746
731.34326 685.33344
542.15582 527.32184
560.84125 479.77869
578.43103 478.45654
590.48926 776.20898
741.24933 748.55566
535.69733 485.56738
590.39331 859.94037
521.13190 544.90936
558.57501 601.42938
549.78766 873.77417
650.36194 812.44635
613.11365 670.23212
623.16687 839.56805
670.09949 665.61078
635.70978 698.14905
694.87817 708.61200
559.31506 905.11176
576.13403 614.60675
676.23010 831.12244
641.10425 860.78723
669.67322 780.49634
767.02844 713.64099
706.35132 781.38110
789.34552 730.98145
657.11572 733.35486
558.39392 574.11743
554.02039 660.12750
572.83588 664.47791
540.56293 644.43817
578.22980 461.59012
617.19531 445.92938
652.66650 441.33121
682.90601 444.71851
704.52197 454.44421
722.33398 492.14066
811.92395 554.42615
700.52917 528.90674
673.94800 537.41241
640.12524 536.49542
609.67828 529.90155
587.04913 522.72845
570.90674 516.18964
824.72107 547.31860
573.85785 670.33527
538.38232 585.58667
533.97772 664.22778
523.00873 676.39697
535.62903 667.41180
567.58057 677.60962
516.93231 679.53375
516.51074 683.60516
573.07147 494.58844
558.12823 503.96912
548.22357 512.08112
684.35168 478.98141
701.13525 470.87170
390.09564 475.19971
414.46533 473.57635
389.46973 450.86798
365.57791 476.66763
390.54834 499.54703
642.95587 477.15945
667.92493 477.39630
642.95544 454.27759
618.04504 476.60568
643.09155 500.07434
