504.02039 737.57898
497.12228 632.54181
500.67325 659.74683
480.14041 549.36224
496.88437 605.96271
498.32309 572.48291
503.91013 493.76678
344.92581 488.60352
505.61932 440.74088
505.67410 408.94153
508.61322 278.35892
504.46979 746.59198
505.33224 755.33789
506.69598 761.57843
506.34290 762.53961
506.50189 777.31281
506.82129 795.56201
507.85196 813.58978
505.83441 843.66992
498.27460 646.35571
477.38458 646.39899
282.05917 401.04785
409.11322 509.56512
385.84656 511.86957
364.23779 511.33893
337.24738 498.46246
429.54358 504.19916
374.53485 441.44489
402.14221 444.54968
349.96686 445.54004
334.95142 455.27072
320.31946 515.29529
418.89261 876.05396
337.53998 482.19403
268.16071 510.26489
298.54260 499.58691
389.95172 616.48572
475.62106 730.77466
481.04889 753.69531
450.61472 739.30389
434.37662 749.42120
461.13806 754.86713
445.44696 758.08630
401.34528 789.61047
477.25098 631.76685
473.52499 606.66217
305.95038 438.07031
436.97159 550.61511
424.42517 626.96191
423.52332 613.65570
326.47211 616.51965
476.31976 575.53436
354.24878 413.26959
324.30194 420.62048
298.98376 355.51785
454.68286 436.56323
425.97202 455.07672
384.86829 762.31952
291.85065 751.27783
443.28702 641.37317
462.69028 649.19373
414.86588 767.79297
420.45932 766.77808
314.77893 406.48102
424.50311 639.37347
396.66943 417.30801
392.23541 398.42416
379.39325 294.42560
307.72626 379.38794
389.66150 343.69940
296.17960 428.90164
288.76404 415.24005
477.58801 743.77991
455.72681 747.94623
439.53159 754.08752
449.28857 646.44531
417.70218 767.35583
427.48828 771.62036
423.45334 766.17303
453.27838 631.53711
450.19693 760.80011
465.71893 759.24097
484.46436 759.77527
473.60773 841.16205
477.84866 810.65167
478.41110 792.63245
480.68726 774.65784
483.92380 760.83478
449.75269 761.08081
444.27789 768.20770
438.52847 777.33752
434.10132 787.44635
407.46677 711.78870
271.47678 624.43719
499.46179 652.77820
438.06512 763.09753
432.76862 767.17798
469.78583 659.33209
434.49786 655.41180
466.34439 654.38483
413.19788 566.07391
376.94830 584.54803
420.56384 625.96875
329.35809 319.16299
339.65598 354.51877
347.46722 395.21326
419.55893 809.05731
446.14896 405.74554
443.66656 340.26318
437.31314 281.99783
346.74384 507.14148
298.20648 533.37213
443.12335 498.39844
315.82358 467.31030
452.96765 533.69275
437.77615 616.28088
277.10193 555.59277
310.24060 550.29980
336.97998 559.07587
379.79922 554.34753
412.09973 543.64819
436.35037 532.08240
481.67200 500.33862
279.35815 609.17426
300.86887 466.18076
486.34048 645.43793
436.38458 575.18304
269.94785 510.97406
454.21460 518.93427
420.57330 628.22321
328.87347 483.97141
437.64581 600.36316
277.40915 685.85999
444.41226 489.71075
456.49332 585.09229
329.71802 812.79370
334.32178 842.39941
265.26254 617.72693
305.35724 776.95032
278.54672 458.95898
414.26263 902.81335
489.85748 651.87292
416.33057 595.05280
283.85846 504.86456
365.27997 496.05469
384.60980 497.42786
422.81827 776.69989
284.81549 661.36096
458.02811 940.96979
390.45532 902.62073
364.02246 877.62408
506.97943 339.74252
509.61227 947.40771
404.70410 495.82330
424.31989 492.92331
437.64255 491.58148
289.13257 462.95889
421.97845 473.11926
401.07529 465.93744
380.17719 464.08353
360.00851 467.55725
348.25125 473.49548
273.56851 450.32098
352.96234 492.65314
501.38379 682.35022
427.05063 694.69550
442.76233 636.45508
468.70181 683.92926
505.58307 466.95871
356.54492 847.85681
383.69446 875.53845
455.34125 922.66125
311.97241 803.77283
437.24524 482.94626
465.36798 539.24933
507.55740 928.93762
420.37433 924.82385
272.15561 674.55536
465.04803 759.96112
459.76315 770.97955
455.42441 784.86554
452.87201 800.88647
442.61917 827.46259
432.73422 762.17566
427.04794 760.78125
422.50574 758.62445
392.93607 735.08405
312.08270 673.91882
467.71863 515.03400
459.04236 472.24164
446.42096 474.46893
438.21173 763.19775
312.04501 738.49396
475.66528 471.73691
430.31165 850.36450
500.35104 545.15979
480.58893 525.64008
502.11743 519.94995
447.40433 579.16699
506.46960 901.96729
506.17929 870.53790
466.16241 866.74915
379.96088 798.89581
403.48114 650.31134
402.54233 828.10132
356.60901 648.85413
385.52402 678.15363
340.28421 692.68115
458.25995 896.48248
433.79089 594.35699
361.79749 818.42096
389.57111 848.98096
362.76480 764.58496
292.29919 706.26953
337.03717 768.09601
284.19818 727.78058
370.63470 714.75220
451.42920 556.74438
445.54227 627.18817
431.99353 634.96161
454.27994 610.06635
439.68027 450.93225
400.21329 434.94543
365.67731 431.46619
338.66052 436.27600
321.75366 447.70660
315.79810 491.39105
263.42441 563.35889
330.80301 525.39325
352.81976 532.27081
382.53125 531.51605
411.58008 525.46252
434.74045 517.56976
450.50272 509.74860
270.45200 567.59912
433.15240 642.71344
462.88782 561.59711
461.19885 628.15216
475.20236 641.51697
462.50934 632.72736
440.66959 650.92755
479.14401 643.78308
482.51746 650.20062
451.89410 490.69537
462.55844 496.44110
467.45984 500.26105
341.99884 478.14990
326.64453 467.43192
521.86456 549.21350
684.75024 489.02057
523.22217 646.42719
773.81616 397.76730
617.57111 507.25299
641.25311 510.49216
664.15961 510.83533
694.63354 498.09274
596.77002 501.29880
652.25867 440.55847
624.14276 442.90469
678.28888 444.89404
694.80078 454.68451
714.27625 514.08954
602.31543 879.39392
693.60504 482.23837
785.75616 508.83832
740.15424 496.21381
629.11517 617.09656
533.46167 730.21234
531.50909 753.04059
562.66693 738.70392
582.87384 747.96106
554.59882 753.69250
573.55884 756.40881
620.69696 792.43591
517.96826 631.93121
521.15082 606.64014
725.85406 434.73920
581.29944 550.22607
582.41437 627.59131
585.57306 614.17725
701.51367 617.34344
521.43689 575.39667
667.66547 411.21368
702.22498 418.00769
749.12506 351.22873
558.90979 434.92145
599.90985 453.05237
637.97180 765.24512
768.24860 753.98828
563.05920 641.95520
542.03516 649.62665
609.61469 764.02271
603.63080 763.42786
713.87445 401.64206
584.27002 640.30310
620.86450 415.84119
623.80750 395.93063
648.12677 290.53186
731.34692 375.22906
631.75153 339.96649
738.92963 423.43964
757.58667 412.31274
532.80157 743.10535
558.53918 746.92261
578.33325 752.32391
556.93878 647.11609
606.54065 763.83295
595.03583 769.16418
600.41003 763.01129
548.59094 631.75024
570.09454 759.03741
551.53613 757.98358
530.44049 759.24292
540.45929 842.24396
539.00952 811.09479
536.46716 792.62964
533.50708 774.19861
530.35522 760.09253
569.91107 759.03571
575.63947 766.44208
581.72522 776.20288
587.03406 786.97473
607.68848 713.58789
792.57727 624.80219
584.02936 760.60760
589.30591 764.60297
534.29688 659.84229
575.30347 656.57959
537.97064 654.90161
606.99585 565.90533
645.77075 584.77917
590.45758 626.83899
708.99121 314.44986
691.13611 349.94629
674.62885 391.39178
600.17700 811.50482
564.92297 403.49664
572.58478 338.20911
583.40961 279.71851
683.58862 507.20923
739.88574 531.65900
582.68640 495.73486
717.13818 465.40289
563.38293 533.12280
564.93402 616.59369
765.42914 555.17975
724.21649 550.25928
693.55017 559.75775
646.87775 554.12842
612.77350 542.38550
586.92950 530.78870
528.14117 499.85535
760.86267 609.83942
734.86945 462.69238
510.83392 645.54718
578.83392 575.07642
794.23468 509.32126
566.98846 518.00012
593.34106 629.18390
703.88586 483.21280
567.81793 600.51801
785.08038 687.38000
582.32123 487.20609
544.70026 585.07562
711.05383 817.48187
714.18292 847.74078
786.81232 618.16296
740.51245 780.56024
771.96185 456.78369
608.99945 906.72522
509.35992 651.81677
600.96802 595.34460
759.64764 499.80981
661.82520 496.23770
641.85065 496.44092
600.43872 774.31525
756.06128 662.85498
563.75757 943.52924
643.75208 907.52411
677.40533 883.20801
621.81335 493.62311
602.25348 489.89386
588.94141 488.74985
750.59998 457.08936
605.87323 470.38947
627.42908 463.70392
648.66235 463.14111
669.11627 467.46078
681.41333 473.59885
786.92523 447.81146
675.30194 493.20337
584.32654 696.11700
562.41443 636.93469
536.55090 684.63885
679.04974 852.94916
646.15436 880.37384
562.65857 924.94012
743.08423 807.62329
589.68152 480.46210
543.78265 538.94800
606.69891 928.76886
779.01465 676.01556
551.55896 758.44006
556.98523 769.88385
561.93420 784.61908
566.07111 801.55359
574.14850 829.14709
589.14606 759.56873
594.10321 757.96600
598.44635 755.89349
626.26245 737.48517
720.40283 675.56079
545.37793 514.53143
562.86127 470.20856
578.98163 472.18817
584.30029 760.93683
726.17822 741.20282
539.30280 470.57639
589.37933 853.02191
525.13226 525.35071
561.83649 579.27039
548.97919 868.22821
645.58130 802.33795
612.68896 651.41913
620.75458 831.39783
665.93951 650.03656
633.49445 679.65283
686.61548 694.70844
557.62653 898.49139
578.76398 594.46674
668.87476 822.66998
636.71417 853.04675
663.35248 767.83362
750.14246 708.41602
695.50397 771.60004
766.03857 730.19537
652.03058 716.95276
560.97357 556.58801
556.13513 627.44489
573.76172 635.60419
543.93256 610.21973
581.87378 449.79468
621.95483 434.25577
657.94861 430.67664
687.38202 435.17883
707.72498 446.28195
719.61078 489.49692
789.79974 562.78064
701.57861 525.19458
676.88605 531.91492
644.81122 530.30603
614.35510 523.27869
590.42224 515.17047
573.42102 507.51602
794.83411 566.82458
573.97668 643.46295
542.24127 561.46069
536.57031 628.42365
524.04968 641.83118
537.43304 633.12274
567.05176 651.79840
518.82837 643.94434
517.36115 650.20642
573.71667 488.26331
559.83582 494.47839
551.32861 499.43048
688.31213 478.27185
704.72852 466.63504
385.94653 477.58405
410.39575 477.28186
385.77618 456.83258
361.51544 478.06979
386.01654 498.57092
643.93536 474.54590
668.61951 475.11005
644.14600 452.73627
619.18555 473.83350
643.69165 496.55359
