504.01117 757.75513
499.58594 672.29596
501.58511 689.07257
482.55371 579.34344
499.71463 646.66229
500.97064 609.33557
505.55212 514.91406
354.43500 491.59445
508.38452 459.43695
509.25323 428.79340
513.39697 296.05936
504.50540 764.24207
505.25836 769.53009
506.30396 772.67712
506.54880 771.74115
506.93347 777.55347
507.27457 784.52814
508.04379 792.52856
499.90182 833.46448
500.13181 683.15454
475.37396 678.65540
267.72046 387.80112
415.96872 510.47437
394.21005 513.70514
372.25159 514.02954
344.47531 499.09680
433.79474 505.28738
377.23740 460.12241
402.48123 460.62451
356.09375 464.29614
343.28741 470.89783
323.15344 513.87433
413.17719 869.45154
345.65527 484.99246
255.27179 494.41769
295.48898 496.42889
390.47232 626.19177
476.74307 753.88348
481.20773 768.90594
453.64557 759.52374
437.81363 765.18591
461.31009 769.32056
445.53482 770.43665
397.06772 787.09363
479.15756 670.73401
476.21777 645.79175
311.69275 459.47711
438.85178 562.04706
425.79077 652.27582
425.51175 636.36316
326.55865 616.24640
479.19357 610.89740
364.28864 448.17261
333.22400 450.59283
291.08252 350.32211
462.24420 468.48035
425.22125 466.81598
379.83820 764.24756
277.70581 726.43146
442.40970 667.65588
460.22830 675.71790
417.64761 773.74243
422.66159 773.50409
321.68982 434.00690
424.61035 660.86298
406.96436 452.91138
402.82001 434.10638
382.29889 303.93878
306.42648 384.95093
394.87949 358.48920
298.45404 443.92084
282.32007 413.50519
478.48016 762.72620
457.34851 765.03949
441.44070 767.99701
447.45731 671.60193
420.24359 773.64777
431.31183 776.03302
425.43268 773.32068
453.92798 664.71008
449.29065 772.13489
464.82523 771.87494
483.95673 772.35583
469.63126 831.32251
483.20621 791.72705
482.69714 783.51904
483.10754 777.13324
484.43988 771.47424
449.71545 771.83759
446.77872 774.38354
443.92828 778.11609
441.74124 782.98608
404.38147 724.58771
255.92209 596.48871
500.74722 686.33618
437.97015 772.55231
434.65118 774.05200
468.74078 685.56781
432.78674 674.46442
464.47827 680.75269
416.11322 574.78674
379.40613 590.29163
421.71649 645.57605
327.25323 321.42236
342.44354 365.76648
357.07410 428.26068
415.86023 803.87158
455.50848 440.71381
449.27695 357.92038
441.97968 296.26218
354.39508 509.02542
297.49771 529.29224
444.71252 500.92798
321.32864 477.31430
454.51544 547.65570
439.78464 647.44238
272.01965 546.25140
313.12030 549.75153
341.41803 562.36389
384.29172 558.96021
415.63422 548.38794
437.61285 538.82495
483.73618 519.44666
275.51782 599.44574
301.72665 473.45209
486.92688 681.85529
437.83392 590.79907
250.63907 485.17059
454.58801 529.71722
420.81824 644.14227
335.95996 486.57370
440.19815 627.99689
263.77838 659.18964
443.41229 492.26297
459.06982 617.00244
317.94250 800.23834
320.57739 826.45032
256.08331 599.48737
293.39114 761.17383
267.58624 448.95557
406.29169 896.13434
489.79730 684.95251
417.44275 607.43555
275.70532 495.73151
376.46979 499.81000
395.23221 500.08136
428.41571 778.73218
279.68259 650.32690
448.56870 934.12390
379.92493 893.52527
351.92621 865.84631
511.22455 360.29285
499.88348 940.16504
412.96622 496.95175
429.79849 493.15717
439.82077 492.41980
285.08624 463.06277
422.89972 474.79236
402.90942 469.07443
383.31033 469.59784
365.64417 473.99356
355.48590 479.07819
254.75620 430.04285
363.61792 496.31870
501.57199 708.13898
425.40570 712.22028
442.65302 664.96997
467.83820 708.00287
507.43274 484.30991
345.90430 837.79126
374.64563 867.52222
447.46216 916.18518
297.36273 782.79462
436.88547 485.20602
467.16583 561.58905
499.19257 922.23889
410.76361 917.67139
263.36569 655.75751
465.31042 771.19849
462.68143 775.42908
461.17484 780.85162
460.66681 788.23340
439.37582 819.84198
433.37646 771.87036
429.38312 770.93036
426.21854 769.59357
388.18988 742.85071
308.24976 668.72778
469.54648 531.92731
459.72275 484.55872
444.99463 481.99451
437.95880 772.62732
303.25751 728.31409
478.03070 492.10898
426.20660 843.22998
502.45602 576.71405
482.65494 550.56140
503.89874 546.43524
449.48199 602.14600
498.99326 894.59814
499.43839 861.64819
461.75867 858.41260
373.98376 794.54956
402.20630 662.66180
397.60681 822.19055
355.15665 653.88556
382.86774 687.14478
335.51038 692.71741
452.28058 889.59058
435.71857 613.52826
353.68610 811.22522
382.88434 842.23810
356.59576 762.78760
284.69592 693.91943
328.75101 761.28955
273.77863 709.35107
365.59302 718.93311
452.92242 575.73834
446.76489 660.38733
432.59613 662.05237
456.38403 646.18250
442.43185 470.40387
405.38657 460.10394
373.27670 457.69250
347.36221 460.23566
330.34045 466.89792
318.50583 491.84488
252.22250 545.85400
336.08795 525.69989
358.33871 534.53546
388.67426 533.94720
416.55264 527.36243
437.05734 520.54541
451.11243 515.47931
252.82251 539.60089
432.81192 666.80457
465.11652 588.60468
462.02951 665.36493
473.99500 676.19537
462.41748 667.88135
439.26453 673.19055
479.03741 679.55627
481.33591 682.71503
450.62421 495.73065
462.04947 505.57553
467.83856 514.67261
349.75012 482.63843
335.25790 477.53302
522.76111 580.02051
680.65381 491.98001
527.96460 679.48096
772.49597 394.21124
603.21082 510.50259
626.53186 514.64813
650.61841 516.61560
687.56897 498.54498
584.92664 505.58289
653.26154 451.33972
623.56110 453.46869
678.45233 455.34106
693.46460 463.41354
702.17908 516.52380
591.13074 873.66711
692.36334 481.79593
782.24329 503.41046
732.26660 497.53329
622.30841 630.57983
531.62219 751.85284
530.63385 766.80927
558.26880 755.21649
577.47083 758.80688
553.04669 765.16162
571.61609 764.45435
613.91467 790.36438
520.56409 671.39148
523.75189 646.49713
721.91095 454.07013
574.91815 564.31976
581.96375 654.07422
583.40771 638.15192
690.83868 623.72906
523.21539 611.45593
668.49121 440.09769
701.19788 443.25903
747.31592 355.93823
560.14050 461.89716
597.72980 462.72495
633.64557 768.05164
763.30139 739.21948
564.77051 669.05261
545.67651 676.64758
605.53510 763.34875
600.30865 763.76263
713.66003 428.78647
584.29480 662.70068
622.96747 445.04837
628.74396 428.63068
649.27454 307.29333
725.63287 390.88577
631.09247 361.87048
736.17206 441.37256
751.94714 420.40558
531.39807 760.52094
555.54932 760.75507
574.56122 761.71350
559.64703 672.85687
602.81238 763.56696
590.00171 767.88135
597.51331 764.00830
550.54755 666.02905
569.07220 766.39648
550.72906 768.01562
529.73700 770.43756
531.40393 832.63080
533.34796 790.36774
532.36169 782.02252
531.15240 775.45068
529.60846 769.70612
568.70386 766.23206
571.99890 768.65808
575.13568 772.26318
577.85321 777.20135
605.48700 727.66266
788.49243 608.37622
582.92603 765.33447
586.35077 766.35028
536.55176 686.42090
576.44714 676.26495
541.15167 681.69849
598.10657 577.92102
635.46436 595.23700
588.27271 647.63776
708.14783 326.02637
686.81580 370.65186
677.87201 423.06140
591.65240 807.00439
570.67175 435.79822
574.66443 359.87067
586.75336 298.24817
673.42053 511.07104
725.75586 533.79926
573.70441 501.60260
712.29565 473.16595
558.90735 549.38025
565.35059 649.25708
756.55127 555.98730
705.21387 555.30853
671.07166 567.50854
625.03906 561.43427
593.87366 549.17560
572.88013 539.66272
528.02979 520.23187
750.74005 609.78705
730.05359 471.83444
513.67548 682.31775
574.03943 592.85596
793.06879 493.65991
556.48779 530.74170
590.46851 646.27777
700.03766 482.66888
566.59564 629.62085
780.31427 671.97687
577.05823 493.13666
545.04840 618.25507
704.82629 810.23999
707.29388 837.18250
779.76880 611.19122
735.29480 772.38892
768.13098 456.52032
598.61731 900.85376
512.01532 685.28760
595.03668 610.37274
752.25256 497.90347
651.25409 502.68958
628.99493 501.75647
593.40271 770.32422
746.99744 661.25140
552.65619 936.19574
632.48206 899.61072
668.11499 874.22186
609.52148 497.59351
591.73590 493.72205
580.82391 493.33185
746.99445 463.50470
601.88812 473.45874
625.09277 464.58179
648.53094 463.41541
669.86322 467.44269
681.51605 473.54913
786.68042 437.01160
668.02759 498.70599
583.14886 714.29419
563.74231 666.44080
537.00372 708.99860
670.58154 846.13019
636.88824 874.39294
552.63196 918.76868
737.66443 794.57629
584.95502 486.06226
542.20142 562.86438
595.03241 921.49951
772.55505 668.28845
550.51990 767.51147
553.53424 771.76782
555.48236 777.32733
557.20447 785.02789
564.56201 822.15875
587.01477 763.97980
590.15247 762.56726
592.96686 761.06354
623.52222 746.36603
712.25043 677.81055
542.95770 533.30823
559.13800 483.81357
575.34760 481.22513
583.26782 765.33093
719.84863 738.13226
535.94769 490.82126
578.49524 846.66113
525.69116 551.26019
558.85852 603.94672
538.97400 860.17004
637.81427 799.97467
609.34717 665.77905
610.94672 826.73499
658.82782 660.17920
628.93268 691.59619
680.28351 700.14380
547.43079 891.89966
574.59161 615.35553
659.81787 818.27997
626.91705 848.13513
657.69202 768.89209
742.48694 704.87946
689.08185 769.65717
760.37164 721.72046
647.77802 724.16241
557.64435 577.47986
557.58679 661.94092
574.32611 663.74329
545.94244 647.52600
580.51154 466.24634
621.90698 452.92328
658.35364 449.58807
686.79462 452.65805
704.75696 460.29370
712.54840 490.57108
784.06946 556.51599
686.87964 528.81848
659.19739 538.12659
626.47412 535.45251
598.10950 527.48077
578.03851 520.85034
564.09052 516.18182
791.67145 549.79425
574.95996 668.38483
541.28271 589.90668
539.61169 666.64795
528.43561 677.36096
540.57910 669.31989
568.98834 674.61853
522.42163 680.40308
521.22137 683.32220
568.06989 496.12460
553.62140 506.00681
544.09686 515.48987
687.80646 478.28177
701.37183 471.83109
391.20300 478.90189
414.17438 478.29785
391.60986 457.54913
367.95544 479.53003
390.64584 500.48148
643.11993 477.47809
668.65454 478.29950
643.91455 456.26074
617.33441 476.50641
642.43011 498.63458
