511.28552 696.04388
505.55609 599.85577
508.53262 631.38184
485.10538 530.66760
504.88794 575.22052
505.04880 547.82770
506.63089 485.96976
335.12671 491.73624
506.93677 432.88565
507.17966 401.49463
510.30081 299.82214
511.32434 705.00128
511.24619 714.26654
511.33484 720.26892
511.00369 760.89801
510.95966 769.75610
510.84320 781.56116
510.62036 795.24310
513.93079 817.42010
506.44821 615.21625
486.72308 617.58398
250.33478 419.88806
398.79581 512.46454
373.90588 514.00623
351.17130 511.52826
323.96442 500.72662
420.71832 505.64285
368.60858 437.70404
396.84589 440.32599
341.84009 443.29010
324.22992 454.91504
301.99683 515.19019
414.04846 851.74115
328.10358 486.37198
235.77344 519.15381
276.95392 501.06311
383.01257 598.27472
479.04681 692.76526
481.54190 714.43390
447.02872 704.35663
425.19608 715.68622
456.31473 718.70056
436.55844 724.56848
391.85861 753.16443
485.38940 599.61230
481.66592 576.31396
291.54498 434.03751
435.19824 542.29211
429.16406 600.47095
427.22968 590.07990
307.98099 599.35779
483.03772 550.83820
347.88751 399.29791
314.72339 411.90500
273.40381 373.15262
453.68686 415.94739
421.07434 451.46875
372.43997 723.37708
262.24310 756.23779
449.19257 614.15283
470.16931 622.03674
400.42300 736.57990
407.08984 737.31152
302.39984 399.27502
428.68677 612.63861
392.84155 398.14297
389.05292 379.70963
371.61053 310.96027
287.52271 386.36649
383.97034 346.61761
278.24994 427.03296
263.73108 425.30273
479.64261 704.31891
451.43109 711.82599
430.51651 720.09680
455.46783 619.23083
403.86246 736.95123
415.45013 750.26361
410.36307 737.69928
460.75726 603.27325
441.16562 727.00378
460.44525 722.55847
483.78677 720.00818
475.01031 813.48779
476.08517 792.52203
477.41077 778.85797
479.82370 767.37549
483.14764 759.57166
440.77029 753.47498
435.66895 755.96661
429.51529 761.10156
424.81604 768.09924
399.28967 677.43420
236.51941 636.86603
507.50076 623.28192
426.38339 748.23315
420.91476 748.58765
476.79199 631.71106
437.62250 627.97455
473.75876 627.03394
408.09674 556.07172
366.78009 570.71918
423.34570 602.18256
312.03967 335.54504
325.68808 358.80750
339.90710 382.64639
411.51093 776.62030
446.58176 383.93390
442.58704 345.92691
435.58459 300.89059
333.42395 507.72516
275.31815 531.96881
436.00336 498.40485
301.06900 468.42151
453.13150 526.29584
444.25418 589.17517
252.88803 553.66241
289.31769 544.62653
319.17822 549.76764
366.10678 546.15765
401.65622 537.37421
429.19467 525.58081
483.97400 492.19553
254.26517 601.07635
282.70703 466.03217
494.84894 614.42511
435.58652 561.36536
231.06973 527.38635
449.54788 511.29425
421.23505 606.03455
315.57507 487.51511
443.04065 576.66199
244.86978 695.31268
438.84451 490.37421
462.78430 561.18610
310.00470 795.92059
313.72479 833.72821
234.75958 619.84705
279.71655 766.61188
249.74405 469.73090
409.44748 881.22455
498.54239 622.53839
413.21396 579.44641
257.79126 507.87668
354.67859 499.00589
374.36182 501.85345
410.61362 753.19989
257.33780 650.99152
457.02841 925.15247
380.66367 886.23883
349.34415 863.52252
508.46222 348.69302
513.30670 933.13123
395.56415 501.05237
415.97287 497.20959
430.40851 493.95099
267.06461 464.48096
417.63843 473.46655
396.60278 467.07861
375.45825 465.93677
354.45190 470.03162
341.34760 476.29437
237.19299 468.46887
342.63684 495.21536
509.90845 650.33881
424.88998 662.03589
448.83594 609.07434
474.00409 651.79248
506.87314 462.08557
342.65985 827.49255
374.92609 853.62781
455.17511 901.58350
286.42438 802.16821
432.25607 483.24112
467.95883 526.29645
512.74170 909.65961
414.77313 907.54578
241.54776 674.18341
459.84146 757.15710
454.50922 762.46356
449.99841 771.30542
447.10950 782.88861
438.34967 797.93005
420.07715 730.73077
414.42917 728.35248
409.66641 725.77997
380.52850 697.42114
288.27112 656.39929
469.25763 507.47205
454.82507 466.09781
441.43945 471.99677
425.09433 731.97699
287.05289 721.80621
474.88159 460.17459
425.43445 823.31287
505.58044 526.73749
484.30167 512.27393
506.09247 507.04004
450.11533 561.09503
512.81519 879.88354
513.39337 846.25549
466.97333 841.06775
370.18256 766.70203
401.20544 626.94763
395.00800 798.53442
342.52887 627.44940
376.70859 651.83984
322.07172 669.00104
458.40057 872.85529
435.04453 576.03882
349.91281 792.29846
381.79462 823.26245
349.88248 731.65979
263.92926 694.84088
319.10620 743.61328
254.83368 724.10864
356.58896 682.95825
452.65497 543.83624
452.60864 598.76276
437.46484 607.46881
462.06290 581.34222
435.52332 440.76105
395.25406 424.57953
359.80774 422.94592
330.52435 430.80676
310.30807 445.53394
298.55106 494.22205
232.04953 568.79193
313.65540 523.10529
337.15298 528.06616
369.18900 528.76947
400.83374 524.13049
426.39297 515.39117
444.04623 506.07141
232.82108 582.23383
438.38763 615.14612
466.90018 543.26770
469.60788 597.77118
484.53625 611.94592
470.92734 603.61932
445.39264 623.41797
488.09332 613.35181
491.63348 621.11566
446.64270 489.32343
457.96167 491.56995
464.66165 491.82202
334.04657 481.27444
314.12292 469.22974
526.79803 531.37561
686.41656 496.35654
528.98041 617.56696
784.75317 431.67834
620.07062 513.93225
643.45490 515.86938
666.39807 515.43750
697.35004 506.25562
600.70514 507.86282
655.67889 443.97955
628.26483 445.30167
681.64874 450.39597
698.39966 462.35101
718.40491 523.29535
612.28876 857.55933
695.06543 491.83392
795.45105 531.63336
747.95172 511.31143
639.35089 602.59393
544.81903 693.27527
542.82355 714.73083
578.37134 705.03119
600.85547 716.47424
568.81830 719.05603
589.16010 724.79700
639.19934 756.66663
526.17810 600.12610
528.48254 576.87091
735.34650 444.73950
584.55890 544.98157
587.91345 602.68634
590.29102 592.33246
717.31329 606.80005
527.57959 551.47131
677.14056 407.70578
711.51196 421.95862
757.40570 384.25891
566.53265 420.33023
604.53711 455.48022
657.80804 726.86090
770.56543 766.59528
569.08966 615.43658
548.08752 622.64844
625.40247 737.00415
618.94293 737.45764
727.02722 409.74185
590.01880 614.82867
630.35083 404.55353
635.41809 386.06653
652.40411 317.47748
736.17688 399.02499
635.02496 354.47272
751.57788 438.42676
764.15527 438.20074
544.55981 704.71112
573.85840 712.51544
595.41595 720.67828
563.26440 620.34521
622.02710 737.25610
609.26843 749.57050
615.95905 737.66534
554.76794 604.15533
584.41193 726.66974
564.69403 722.59900
540.71704 720.09686
552.69476 815.20850
546.57111 792.00641
545.42560 778.51941
543.42200 767.24939
540.40796 759.49066
583.85956 752.75189
588.98511 755.15662
594.66266 759.66724
598.81030 766.13629
625.28497 680.00909
797.65204 649.15637
598.62164 747.55432
604.12103 748.03369
541.81598 632.20746
582.81830 629.81311
544.67261 627.56390
613.07660 559.76996
656.22314 575.97583
595.47626 604.67346
715.11847 344.94916
694.78369 370.33215
687.61157 391.12845
618.04254 780.45178
575.57208 388.23352
575.49121 349.57950
586.88123 304.09918
685.86432 512.78406
743.93799 541.59943
587.64026 501.32074
722.97101 477.23785
565.33783 528.34741
570.31921 590.85229
774.13739 564.52441
726.39160 553.60718
693.95825 557.20862
646.53516 551.23077
611.92474 540.92352
585.73926 528.64825
530.45502 493.24304
773.26392 611.31305
743.39417 476.69202
518.31671 614.56342
583.52435 563.88055
805.14783 539.77417
566.58624 514.26172
599.24109 608.72723
707.30322 493.83630
572.17078 578.51648
788.24756 706.89349
587.51331 493.63263
549.65668 562.46088
719.82996 806.50769
717.66199 843.24237
795.60773 632.02521
750.09796 777.54950
780.71045 481.87567
616.65265 888.38550
516.60571 622.46240
607.57770 582.72974
770.71887 519.41669
663.99023 501.76562
644.42096 503.22684
613.84399 752.34711
771.01001 661.31116
569.16522 928.66345
648.19427 893.86926
681.21503 872.45007
625.06030 502.12344
607.14655 499.07367
594.65503 496.70154
762.45905 476.20737
608.41925 476.68747
628.11578 470.19580
648.32367 469.60248
668.70361 474.38071
681.46185 481.23483
799.31433 480.62061
677.17175 499.13715
597.89221 663.86743
568.70215 610.41022
546.76794 652.50623
686.22534 837.54401
652.93921 862.77039
569.45575 905.31866
745.54529 811.83521
594.26807 486.71240
547.08466 527.68634
612.33783 913.65265
788.49579 686.11572
564.28845 756.72290
569.55560 761.81952
573.62811 769.96881
576.44373 780.92407
590.06500 801.00201
606.20520 730.75018
611.79932 728.82410
616.66461 726.41858
646.86072 700.52301
738.98999 665.03223
547.18420 509.14203
568.06262 469.06897
584.05035 475.48938
601.17749 731.45605
741.51758 731.26343
543.27423 463.34625
601.91132 827.77881
528.70898 513.06689
565.92743 563.05530
559.38586 843.48938
658.86926 772.42432
620.82855 630.09393
633.65442 803.94409
681.99969 633.44263
647.07104 656.00208
704.31683 676.08496
566.35297 876.04175
583.33752 578.27130
678.86462 800.41553
646.34589 830.70105
678.62769 737.27631
764.74915 705.25372
709.63379 751.85254
775.10596 735.66608
669.76349 687.86554
564.44305 545.80811
562.37299 599.96405
579.79834 609.24902
550.12030 582.42059
587.94189 444.87946
628.45190 430.20380
663.89429 430.19000
693.18311 439.09125
713.49377 454.49573
724.63184 502.04086
798.52356 581.28223
704.47614 530.36121
678.77869 533.95587
646.21582 532.54260
615.61993 526.65088
592.19885 518.03296
575.80664 508.73682
802.68176 594.52051
579.86694 616.92169
546.64062 544.56934
543.39990 598.55347
529.89594 612.26831
543.66168 604.29590
573.91595 624.91333
525.64886 613.55566
523.84680 621.07672
578.49384 492.45117
563.11237 494.17615
552.75403 494.68140
688.91022 486.66852
708.63135 476.76593
386.44513 485.67236
414.71899 485.18552
384.94293 463.10507
357.47534 486.10132
387.60974 507.85004
634.67487 486.62683
662.23035 487.95911
635.63367 464.44836
607.44250 485.47131
634.03381 508.81372
