499.82385 720.85956
506.24979 634.59204
507.88318 664.92029
486.12561 544.13751
506.22839 604.49786
506.69281 568.37671
507.86060 486.33862
342.84442 491.43683
507.92242 438.72357
508.07288 405.06781
510.34158 268.24783
499.76361 728.68646
500.31274 736.22241
501.51212 740.45703
502.36581 777.05542
501.51761 784.45837
501.07581 794.72357
501.40732 807.28137
508.78931 849.30688
506.59906 651.38239
480.68478 651.52032
231.83282 408.67798
410.15399 505.77856
386.58691 508.08636
362.62314 509.13434
328.42407 501.62482
429.78186 501.36987
369.81326 449.01578
396.91199 449.77820
344.67548 454.41718
328.08020 464.25214
303.13733 517.14099
402.79910 907.93359
332.20831 489.09943
212.80737 527.26074
269.29291 504.04163
373.90509 615.69305
461.18738 715.98718
465.18442 734.37329
426.18756 723.46924
404.01035 732.56586
437.27579 736.05731
416.89154 740.15076
377.36871 788.45508
483.90060 634.03851
481.31754 604.94855
286.06610 446.93118
433.70297 549.63257
419.46201 626.41260
418.54544 611.75171
292.75784 613.41876
483.78275 571.69452
349.64178 419.29959
312.59137 428.87558
261.36810 355.00162
461.33795 437.58124
420.90732 457.39618
353.88080 757.07867
226.35477 812.87280
439.02155 643.72144
460.92877 652.19952
383.40582 750.72681
391.21002 750.95514
295.79126 413.56668
416.26141 638.08575
398.92377 420.45743
392.85980 400.26941
368.40649 283.11340
281.10260 379.52896
384.49323 332.35043
267.19833 435.99493
250.79672 422.90424
462.13614 726.07300
431.34595 730.35748
409.99713 736.51489
444.35648 648.47784
387.33026 750.82544
399.92841 763.66010
394.74005 751.17773
454.68082 635.67657
423.38232 742.16187
443.09418 739.21063
469.29401 738.78137
469.22278 847.28363
464.95798 803.59790
465.75024 791.11823
468.01248 781.20831
471.22110 774.62256
425.90372 766.65784
420.96857 769.15424
414.99655 774.07812
410.52365 780.89124
384.34491 710.99219
203.07587 669.56299
506.96890 658.87360
411.60553 761.32111
405.67844 761.81146
469.71512 662.83984
424.53760 654.47461
465.49106 657.67328
404.66907 564.83423
359.96674 580.86578
412.55304 624.22278
305.26019 311.67447
324.13248 348.09671
338.64050 399.75015
400.55157 812.40472
451.57196 405.67621
443.46899 328.23105
434.05780 270.29706
341.68475 507.11780
273.59247 534.67902
442.38269 496.21548
299.17621 475.53384
452.95380 531.67188
438.28302 616.67474
233.33035 564.38739
294.73538 548.86926
330.12451 555.60107
380.03809 551.05530
415.65833 541.13318
441.38867 530.10168
484.76718 493.62024
230.80405 618.71240
275.54883 473.23315
492.64566 650.15491
431.42938 574.23590
204.30560 536.69086
460.35666 517.26172
410.31561 626.91760
317.15750 490.44977
438.09485 598.98596
208.99664 740.61023
440.22290 488.57648
461.47610 582.65466
282.84274 853.15033
286.44916 901.80505
204.38828 646.90973
247.48102 820.21655
231.60031 470.85736
395.78381 945.80151
495.68231 657.70862
406.43213 594.16992
245.14963 509.51031
367.22424 492.83435
386.81891 492.61371
395.02344 766.71185
229.38110 679.44324
447.43005 991.26855
363.73450 959.54248
328.15778 935.71716
509.14468 330.08246
506.60431 996.10724
405.67133 491.35999
423.30884 489.66071
434.74359 489.24988
253.52927 468.37183
417.77548 476.17084
397.25476 472.05103
378.11630 472.32324
359.16791 476.60828
346.52563 481.95038
214.16919 465.54852
353.48914 492.30783
509.24786 686.52802
413.38068 694.85107
439.93005 639.46991
468.13242 686.43353
507.98672 462.77191
321.79230 889.85468
357.44312 919.01508
445.94940 962.24915
253.78210 865.81165
432.84174 483.39227
468.22327 535.25208
505.83755 966.28662
401.60321 978.43457
208.85590 712.55292
445.88513 770.97626
440.88553 775.78204
436.76782 783.78754
434.35153 794.70203
430.00031 833.00647
401.76404 745.36609
395.47729 743.54816
390.29584 741.36639
362.17542 731.04102
263.20282 683.11792
469.96973 510.80249
459.08203 471.43085
443.07654 474.22162
408.00775 746.26917
258.08871 763.10413
482.46997 471.05450
416.35406 869.70618
507.16559 539.66101
485.31583 519.51392
507.58386 513.29291
447.72849 577.57489
506.24890 928.98895
507.44864 886.39282
460.32410 884.58032
355.13821 809.67181
388.98346 650.72559
383.75439 844.85046
326.70258 648.55774
362.21152 679.47058
299.74698 697.68500
450.37839 925.95026
429.49512 593.32874
332.29013 843.44696
367.75238 878.55927
330.78485 769.71912
233.98764 733.12152
295.24991 786.16705
221.42831 771.93805
337.14001 714.15247
451.26230 554.78204
446.47202 630.08643
427.69800 636.35577
458.88251 610.07355
439.11618 452.12396
398.10248 438.76743
362.12799 437.16406
331.80640 443.82941
310.32574 456.63898
296.06445 496.94138
204.99167 585.99683
319.83646 525.47522
347.44763 530.07733
381.94223 528.44525
413.05331 522.61951
436.58624 515.33252
452.49414 507.79480
203.02237 603.35291
426.81378 643.09851
466.99701 558.23926
465.22818 631.04431
479.31479 646.46826
465.55438 637.15253
433.03860 651.18872
484.28220 648.50958
486.90875 655.69684
449.87180 489.17557
464.11078 494.69962
473.51334 498.84164
338.66211 486.01071
316.48172 475.97949
528.59302 544.47180
681.27307 491.68399
534.26245 652.35004
794.92297 415.43185
614.18799 507.44827
637.48328 508.93585
661.39001 510.17596
694.65308 503.36200
594.67316 503.91620
652.91522 449.90021
625.46252 450.91046
678.42517 455.31577
694.77014 465.38016
719.19318 521.28381
612.98657 911.51984
691.64661 489.33398
812.63501 534.90338
752.07458 509.83667
646.03906 618.90955
542.09155 718.84149
540.34265 737.18799
585.26868 730.01117
613.77637 741.59143
574.88403 741.79938
601.50836 748.30676
651.36005 792.28210
528.79077 634.85413
531.09723 605.45630
733.63220 451.46448
586.09338 551.16846
598.17590 627.93268
599.57849 612.96753
728.37714 619.22028
529.91602 571.99707
670.12250 422.49158
707.09698 432.65112
763.69348 360.74200
558.58722 440.27640
601.54285 459.14215
676.48462 761.49237
807.43860 822.86951
578.69006 645.09528
555.80219 653.02954
646.23303 763.35486
638.37109 762.83533
723.17053 418.69748
602.39575 639.69897
621.29663 423.60220
626.92505 403.95386
652.94214 286.21918
738.65320 385.31720
632.65601 336.77420
752.02960 442.53711
771.44385 428.90649
541.76929 728.85718
580.16901 736.49341
607.77991 745.10138
572.87244 649.63898
642.26855 763.07275
625.12708 774.28357
634.72961 762.61566
560.72894 637.12750
595.96765 749.69537
570.16028 744.40955
538.51135 741.33905
549.24072 848.57581
541.72113 806.98077
540.18774 794.30957
539.04529 784.16888
537.58917 777.45526
594.33148 774.58240
598.59515 777.38470
604.30518 782.76093
608.85693 789.68939
640.82361 713.94379
828.55627 680.74316
613.50000 771.02173
619.20203 771.97388
547.38434 663.47229
594.63696 655.95544
551.37396 658.38617
615.13293 567.16534
659.97986 584.58069
606.64606 625.89984
718.01099 316.24484
693.66492 353.97470
680.49585 403.96552
624.30450 815.69995
568.15576 409.02704
574.09607 330.32184
586.76538 271.90308
681.95557 508.60382
747.76495 539.89783
581.67413 499.56915
722.16754 478.75589
566.35022 532.80688
576.99036 618.14557
789.90491 572.14288
727.44043 553.54639
692.53870 558.99524
642.57086 552.89691
607.15308 542.26361
581.15955 531.13220
531.63348 494.21619
793.28125 626.83765
745.24835 478.60602
520.64069 650.78082
587.43872 575.59863
824.78308 545.82642
561.78406 518.10809
610.21533 628.70465
705.15540 492.27069
578.25140 600.08850
824.48767 751.56024
583.19055 491.92114
553.17584 583.40802
743.97974 860.99231
741.35156 910.12299
823.42456 656.28235
781.46246 828.86865
792.46008 477.14468
618.44635 949.63019
518.38672 658.04138
613.22797 596.31024
776.35364 516.14746
657.37006 493.19681
638.09943 493.46597
630.35132 777.60382
797.08252 688.20636
565.80585 993.15063
655.30524 963.97186
695.59924 942.02417
619.41681 493.08026
601.47632 492.38794
589.32733 492.77158
767.00360 475.43549
606.20227 475.81396
626.49689 469.31372
646.54590 468.60938
666.41193 473.15125
678.70544 479.79138
813.43433 473.18750
670.99530 492.52637
609.11090 696.77777
577.21619 641.01837
551.56281 687.56030
701.58148 896.50177
661.43188 924.18433
566.04388 964.41925
777.13171 874.83044
590.76544 485.51669
548.64001 535.99225
613.37427 981.56213
820.80615 722.24664
568.39691 776.44135
572.15906 781.56982
575.54474 789.80316
578.44110 800.73047
590.90417 835.35840
623.49719 755.32050
629.19739 754.07996
634.23889 752.32385
666.23914 734.91205
760.85022 690.54486
547.95715 511.74139
563.06042 473.83868
579.92596 476.88605
617.77075 755.71387
769.66870 771.18109
537.91693 472.64819
601.93555 872.64337
530.26178 519.89594
569.47083 578.66553
555.13647 886.18195
670.94739 814.58618
632.45526 653.02832
638.79895 848.71149
694.32452 653.55005
660.94128 683.05640
724.23712 703.94604
562.49237 928.06610
589.28998 594.49487
692.16980 849.36951
652.65546 883.17981
696.75964 775.24817
794.63275 742.01746
731.37128 793.23901
808.98566 781.25806
689.55249 718.81158
566.79175 555.85883
568.77643 631.56207
589.63464 637.93512
554.82190 611.18182
582.14697 454.66602
622.51440 441.48444
658.78247 439.91980
689.40875 446.40808
711.01996 459.27216
725.55872 500.96451
820.99133 594.67853
703.07520 528.79163
675.81970 532.59668
641.46948 530.09143
610.37854 524.16614
586.87048 517.34705
570.51514 509.81073
827.29102 613.56073
591.10999 644.65240
548.87762 558.86426
548.43512 632.46844
535.19513 647.75555
549.36359 638.77209
585.04010 652.45648
529.44769 649.49615
527.60327 656.32819
573.47742 492.54150
558.18475 496.77557
547.86078 499.83826
685.88483 485.06201
705.65088 477.66663
388.57245 481.93958
413.87674 480.64020
386.48712 461.77399
362.59628 483.21426
390.34808 502.04529
634.16455 480.61102
660.02509 481.31940
635.39447 459.54816
608.86768 479.77722
633.22211 501.76526
