511.07266 720.74707
511.36938 641.89178
511.32446 666.71326
490.85553 557.21588
511.53323 615.02667
511.78986 580.78210
512.16681 499.09912
333.81668 495.68484
512.45758 429.21793
512.63910 391.88110
514.04987 263.08160
511.10455 729.79645
511.13864 738.18359
511.28931 743.13550
512.53259 765.16901
512.68683 775.54553
512.72058 788.52216
512.82410 802.90845
511.17651 822.06830
511.42426 655.45923
489.91895 654.36346
234.41843 392.30914
406.76636 519.50690
379.07190 522.03448
353.69592 519.45557
322.99469 504.37115
431.01044 511.87238
364.94952 439.56641
396.54639 440.91791
337.07974 446.71228
319.98785 458.79227
300.47034 519.45874
421.25299 858.77649
325.46216 488.69049
227.91415 506.83368
272.23352 500.58734
383.44485 620.48871
480.35907 715.83356
482.54874 736.55933
450.25061 723.42444
429.44714 730.94989
458.37308 737.50220
439.34247 739.58362
396.89276 770.51337
491.21005 641.24878
488.17612 615.42328
282.12848 436.51971
436.28937 558.05499
434.76636 633.74622
432.83450 620.21136
305.41595 617.07300
489.47968 583.70575
339.65787 404.36322
304.96829 416.16138
257.57346 343.23987
455.54736 420.25787
424.69986 452.02481
376.79608 744.51526
265.09619 748.49500
453.62198 648.33612
473.79990 655.73907
404.44977 742.12231
410.69476 742.95996
291.30927 399.02399
433.60886 644.32538
388.54846 402.50989
383.06299 380.43890
362.61514 276.91013
275.57874 366.92401
377.52112 326.08313
267.80078 422.96140
251.30292 406.86957
480.87241 727.42871
454.21747 731.09967
434.16296 735.43481
459.40341 652.64648
407.65698 742.50848
420.50354 753.39038
413.94989 743.55267
465.20715 640.55426
443.57739 742.21997
462.16425 741.25610
484.78348 741.47913
476.90405 820.74438
480.40067 798.94391
481.49341 784.65186
483.41971 771.94617
485.96140 762.75977
444.65308 754.84564
440.26593 758.12701
435.01239 763.99316
430.91934 771.61853
404.31079 706.33826
232.70554 622.81018
511.42157 661.03174
430.73718 750.36658
425.75525 751.26282
480.79446 665.40680
441.84198 658.39514
477.59061 660.67505
408.08365 572.66931
365.12741 588.56451
428.35339 631.23004
298.28021 303.43835
315.56287 338.39764
330.36136 383.13501
417.32315 790.32965
445.68314 383.01117
441.08456 325.28006
432.31888 265.07214
333.85254 513.94763
272.26819 536.88928
446.99969 504.37488
295.85632 470.74689
454.64731 541.03766
449.50012 624.42065
248.46780 555.29932
287.84967 555.08270
319.42017 565.02026
369.52057 562.77612
407.96814 552.98651
436.69824 540.45496
488.20700 505.62509
252.14026 608.78345
275.74200 465.65555
499.53149 654.50018
438.88074 582.28595
221.02750 505.31781
457.41385 525.75085
425.62991 632.58319
313.19403 489.58487
448.37988 607.96088
245.11884 685.09271
448.71835 494.60181
468.45026 593.06946
318.51178 802.75482
323.80209 831.87433
233.83133 617.09985
285.71539 771.14166
238.72830 453.53568
419.06256 881.93048
502.28162 660.05750
415.24649 600.66138
252.33057 504.09650
356.94739 505.25000
379.18024 507.83713
415.97797 756.74121
257.86279 660.75543
463.16498 913.51398
393.31223 882.88916
362.04825 862.14673
512.99677 327.25897
511.47766 917.53638
402.78497 505.70038
425.81979 500.72583
441.04169 497.54639
259.03677 458.24896
422.74899 474.42062
398.12244 467.27740
374.11401 466.78836
351.63986 471.93130
338.20474 478.94458
223.70038 443.38998
342.92712 500.53989
511.24979 686.59027
430.55804 693.55981
453.61188 644.39655
477.50851 687.31146
512.34564 465.17126
353.62897 833.93115
385.88507 857.75464
460.83762 898.73730
292.60104 797.27435
440.49426 486.28665
471.83234 546.57098
511.51941 901.97021
425.66599 901.00256
244.10281 674.07135
463.51675 759.13586
459.13031 765.58044
455.36600 775.22742
452.85980 787.64850
443.37735 808.04150
423.86334 741.45227
418.75543 739.17047
414.59851 736.78699
384.74896 723.18512
287.66504 672.97772
471.88806 521.36578
462.45648 469.86142
449.25812 474.78540
428.83133 743.23145
290.45020 734.21765
481.14270 467.24344
431.29547 833.23022
511.92697 553.17706
489.40424 532.93677
512.01422 527.44440
454.47092 586.63989
511.33008 879.32281
511.23541 849.53955
469.48029 847.78406
376.45688 783.70355
403.99646 652.75720
402.10217 811.96729
341.54654 649.80096
378.42969 677.22717
321.58121 690.06482
462.40988 876.74249
439.73489 601.27820
358.18823 804.94977
390.41205 832.93970
354.32556 751.62787
266.82492 704.31500
324.20203 759.03137
259.24680 725.71918
358.27139 707.10632
456.05927 564.20825
457.50507 636.12335
442.66830 642.29645
467.74680 618.78790
439.30518 443.31088
393.40759 427.39905
354.30493 427.05692
323.37427 435.55786
303.70975 449.70743
295.45160 495.26135
227.53738 561.75446
313.75787 530.78912
339.13672 538.65686
374.06940 540.22577
408.39328 534.66809
435.68756 525.11572
453.76654 515.66272
225.44244 563.70081
443.09930 648.50250
471.78644 569.24982
474.59180 637.55573
488.01712 650.23633
474.93445 641.85889
449.59186 655.53217
492.22839 652.72260
495.08890 658.29675
456.85400 494.90002
467.21826 499.74506
472.34903 503.79181
330.91449 484.10107
310.54141 472.27695
532.74939 557.10223
687.74658 497.11676
532.81702 654.25659
785.37793 394.14905
619.38501 520.83545
644.44647 523.09534
667.96057 520.56732
698.00537 505.59848
597.60297 513.06683
657.00427 438.63257
627.19318 440.27893
684.18701 445.57050
701.07812 458.04559
719.25812 520.84607
601.13428 858.16272
696.28149 489.90988
791.52289 508.82504
747.76202 501.85437
638.09387 620.56097
542.34357 718.11920
540.59973 738.67352
573.66626 728.26367
595.04144 736.94257
565.61774 741.63385
585.67291 744.91284
625.79645 770.25464
531.45959 641.12592
534.62531 615.21045
738.45410 436.82159
586.12073 557.93842
587.64331 633.37152
589.51514 619.75922
715.11517 617.47955
533.90790 583.50360
678.65509 402.19824
714.25458 415.23120
763.40833 345.28992
566.22235 418.01041
601.42871 452.22394
645.81744 744.32324
755.07281 748.26648
568.87079 648.09003
549.10504 655.73572
623.48083 749.22473
617.29871 749.79559
729.50580 398.79562
588.77954 644.06836
630.32190 399.98871
635.21008 378.51221
662.97339 278.51480
745.65594 369.51611
646.83295 328.13754
754.36340 424.74652
769.07330 409.24081
542.03345 729.62134
569.81671 735.52887
590.77185 741.00403
563.10211 652.49048
620.33997 749.49573
607.24152 759.77869
614.11450 750.14514
557.26831 640.24567
581.32855 747.20752
561.98132 744.96283
538.86450 743.40363
545.27301 820.75061
546.23352 801.23840
544.64496 786.77783
542.62018 774.00897
539.80481 764.80176
581.98230 759.90753
586.99744 763.34332
592.65338 769.39539
597.02167 777.04053
617.48615 706.21783
786.10541 624.18848
596.11816 756.25061
601.81189 757.44409
542.18982 665.62103
580.78296 658.33240
545.33801 660.84155
613.71710 572.68628
656.27960 588.82855
594.02667 630.92780
725.01758 305.46494
707.13861 341.22977
688.48798 381.63849
605.15546 790.02789
574.86127 381.00848
584.21216 326.29330
594.97473 265.84854
687.07074 515.26086
744.74634 538.10822
582.76105 505.52618
724.82916 471.11252
568.26660 540.85077
572.81158 624.11194
771.29724 556.46179
728.68005 556.28052
697.52454 565.20447
650.17542 562.16205
614.59650 552.19275
587.80792 539.77618
535.73175 505.64569
767.51111 609.74878
744.95264 466.99393
523.16528 654.40015
583.26764 582.12616
798.13293 507.01285
567.99426 524.94971
596.67200 632.44690
708.27045 490.33160
574.05359 607.64075
774.36914 685.78479
581.45422 495.83221
554.42877 592.79224
703.29309 802.23749
698.67688 830.89417
785.09729 618.38043
734.83844 770.88007
781.27325 455.69641
603.32208 881.14014
520.52985 660.00299
606.60052 600.59833
768.30463 505.36279
665.38049 507.08746
644.94635 509.83426
611.80920 763.15662
761.95679 661.49188
559.20337 912.84637
629.33765 881.40839
661.06323 860.83966
623.71777 507.81934
603.04364 502.78107
588.96570 499.46136
763.02789 460.42923
604.85870 474.72241
626.96045 466.82846
648.91272 466.41675
670.14160 471.67688
682.98798 479.04602
795.73657 445.20465
678.70056 502.20056
591.92029 693.45544
568.77692 644.15924
545.21753 687.36646
668.62366 833.20831
636.59247 856.95300
561.57306 898.28931
728.62781 796.58215
588.69409 487.33600
551.40076 546.41595
596.66400 899.70569
774.92499 674.83594
562.75537 762.86676
567.70050 769.43207
571.79523 779.17773
574.93567 791.64038
578.84747 807.71826
602.81897 747.45172
607.67566 745.52222
611.58636 743.39197
637.13788 723.09253
732.54919 673.43793
551.50061 521.38507
565.44373 469.80347
579.49292 475.56750
597.81909 748.96411
730.24719 734.12341
543.65594 466.48560
591.17487 832.74756
534.32251 532.81689
567.95465 586.58130
552.73376 847.56110
645.73193 783.20349
617.88562 652.51257
620.37079 811.39685
679.43707 649.97052
643.17474 677.14709
699.31543 690.25037
559.79102 876.51221
582.45190 600.97876
664.06451 804.26245
632.22534 832.23364
667.75366 751.38385
753.31378 704.66901
697.34363 758.70410
760.33020 725.91919
663.61615 707.15692
566.54419 564.07855
564.91418 635.76508
579.68506 641.93024
554.76025 618.48602
585.61554 442.92041
628.05103 426.28046
665.62598 425.81436
696.06873 434.56232
716.23822 449.42740
725.45709 496.13214
791.31055 563.46350
705.73895 531.83923
680.79590 539.28522
647.94250 540.53448
616.35950 534.95020
591.51013 525.40833
574.45740 515.60754
793.30212 565.27136
579.25323 648.23706
551.30438 569.07483
547.81207 637.28784
534.61682 650.13684
547.56482 641.72937
572.94080 655.35461
530.47021 652.58124
527.55658 658.16357
573.24152 495.60773
561.33673 499.58920
553.41571 503.15311
690.33655 484.61063
710.52710 472.29614
385.00433 484.61523
416.24371 483.72504
384.93506 457.19711
353.71643 485.44623
384.92303 511.99655
641.02521 487.11511
672.09662 487.68585
641.13342 458.19794
609.96503 486.31488
640.90222 515.87994
