521.93011 742.84882
523.39941 671.25073
520.68250 687.13513
499.86600 575.68604
523.22589 643.67517
521.83765 605.12695
517.73615 510.61978
341.51221 493.61694
516.89734 453.38727
517.05884 420.19879
515.74774 277.81238
522.01575 747.09637
521.46417 750.36694
520.77075 752.26367
520.89014 780.24512
521.28296 787.41309
521.14581 796.40320
520.69183 806.15186
522.06885 853.14697
522.75348 683.01825
494.07901 677.84344
243.71210 386.86737
411.96811 515.88599
387.39685 517.34784
363.10571 515.45386
331.40646 501.13654
432.20288 511.26114
372.54800 446.91656
401.36679 450.06970
346.60535 451.39899
330.27255 461.20697
310.78003 514.19781
425.22931 888.66956
332.20636 486.38684
233.17639 501.46332
281.56097 496.82816
388.27036 622.19580
485.72238 738.40222
487.65741 748.13092
453.40591 740.11725
431.06042 741.41302
460.01727 746.61115
439.10309 746.14960
388.95267 775.99219
501.81146 670.10388
499.19443 642.80444
294.37567 441.04614
443.68158 559.61401
435.44373 646.61914
434.34256 630.02936
312.07019 611.78766
499.57089 607.02411
353.16882 417.89825
318.16214 425.05194
270.82532 343.88974
464.89767 445.33319
426.07297 461.27097
366.59872 743.73224
253.86548 749.16315
452.58051 663.37799
473.87463 672.30768
400.58356 744.34009
407.21585 746.07758
304.20990 408.60101
431.47406 653.65692
401.59186 423.00366
397.16852 403.00311
375.27686 288.29340
292.96790 378.02191
393.42386 344.63541
279.24567 428.56311
264.97119 411.65613
486.34222 744.08392
456.58267 743.62830
434.95187 743.81580
457.46762 666.86346
404.01974 745.21918
418.65179 759.29120
410.36774 746.97131
469.86963 663.41943
443.03165 747.85895
463.47229 748.58380
489.47391 750.47186
482.04871 850.35773
485.47464 803.47424
486.67184 793.80719
488.49725 785.14923
490.69482 778.46545
444.48480 765.85840
440.24222 768.06567
435.23926 772.33569
431.32306 777.65381
398.10010 711.44086
226.99228 613.60614
521.75836 686.12476
429.09534 758.15735
423.78369 758.17847
483.32648 682.29968
437.70511 666.11011
478.81113 677.54828
417.07401 571.34436
374.82071 585.42902
427.79767 638.52405
312.89349 309.89493
334.15594 354.48630
344.38135 398.16122
412.82870 805.77679
457.11581 413.01541
451.82925 342.91068
440.38275 278.59302
342.79315 510.56342
284.27899 528.86816
445.05496 506.60501
306.45670 470.84937
461.80719 545.54980
454.80481 643.89026
255.98450 549.37439
301.63278 546.35803
333.20276 556.54932
380.09143 555.28265
415.06305 547.36401
440.78250 537.88837
494.81323 516.14307
256.13275 601.47101
286.34283 466.24786
508.90866 681.89441
443.60065 587.10071
221.97537 494.15793
460.26611 527.06647
424.00128 636.65118
322.01318 487.51367
453.61316 623.39850
235.83664 679.49573
443.89001 498.75537
476.96521 613.26666
311.71567 815.48633
313.00674 849.76868
232.19385 611.18372
278.43134 777.98682
247.89815 451.86423
421.80759 918.88916
510.41025 684.89410
419.32666 602.69012
260.13165 498.58243
366.18488 502.60043
387.37640 504.53406
414.19040 761.06000
256.50366 655.91632
469.70789 958.86865
389.26532 917.65320
353.97888 889.29285
516.56934 345.01343
523.36353 963.62988
407.77631 503.24554
426.72562 500.61371
438.51523 499.81610
267.85925 459.18976
420.83228 477.29147
399.40903 467.83786
377.77924 465.57745
356.46307 469.60522
343.88254 476.50354
228.64905 433.90488
351.57660 498.49847
520.53650 702.59033
426.97693 701.64014
454.00739 661.72894
480.35742 701.31329
516.70245 479.43207
348.97968 854.42108
384.19330 886.83228
468.66730 939.77441
281.39401 806.34912
436.31836 490.44360
479.53165 558.67633
523.38849 944.72461
426.61661 942.45142
238.87173 670.78046
465.37112 773.03931
461.37512 777.68884
457.83716 784.73743
455.44666 793.60986
442.81537 832.37451
421.73544 746.18878
417.48529 744.40240
413.97049 742.62097
375.60699 724.51544
287.72321 670.09100
479.00015 529.37738
463.23438 480.78360
447.13089 482.55713
426.17578 747.74487
284.55743 736.14215
485.40042 481.91968
433.67056 857.90149
520.32080 572.64880
497.24780 547.26727
519.00665 542.60876
460.65506 598.26013
523.35254 915.88226
522.65015 881.54333
477.07101 878.21582
372.49512 790.77002
402.89990 655.88904
400.55374 827.92517
344.91385 650.80072
377.84540 680.40198
321.28989 690.19843
471.14056 911.52051
443.00623 608.57825
355.03180 818.13141
390.06525 854.96320
349.08063 752.50220
261.73819 702.99213
318.93774 763.74127
252.68140 726.76440
354.32587 706.68915
462.37900 572.79517
462.47672 658.40521
442.90530 657.54315
476.17203 643.66302
443.85416 458.70709
402.19687 441.28534
365.58569 437.44556
335.62460 442.10156
315.42236 453.18750
304.71521 492.30844
229.76440 555.55951
324.96103 525.12372
350.24176 532.94958
383.29657 534.38953
414.33194 530.15930
437.97327 523.72797
454.18134 517.33716
223.29431 552.88824
441.40344 660.83514
480.18506 585.26392
482.30704 664.70465
493.90253 676.10449
480.68777 667.38123
446.48593 666.52686
500.03760 679.63300
501.04547 682.39557
453.01108 499.94336
466.67209 505.39868
474.78690 510.01089
337.15582 481.95184
320.67316 472.68024
540.16382 575.60602
679.84705 494.37219
548.10144 676.95422
759.58923 390.72473
616.98608 513.18475
639.04456 515.31006
660.46021 514.55011
688.81769 502.42352
598.32556 507.77454
652.97070 450.71429
626.66608 452.59332
676.59778 455.44678
691.02954 464.78955
706.80884 516.23950
613.71350 886.11371
688.14294 488.23801
771.93921 502.87119
732.81952 500.39853
642.20410 620.99762
557.11108 736.76160
554.00342 746.32965
586.81506 736.30157
606.45898 736.02417
579.62518 743.14087
598.26886 741.24438
643.45178 770.93372
544.29779 669.56201
546.32471 642.38965
721.94501 448.75256
586.69745 559.56750
601.99341 644.96405
601.46924 628.66901
712.30139 610.30457
543.38049 606.73193
669.95667 423.42133
701.24353 432.60443
739.17468 348.42044
567.55066 443.00562
603.62909 462.18961
663.47681 738.08441
748.52014 747.45605
585.45856 661.54919
565.29163 671.13892
632.49792 736.54260
625.86176 738.69360
713.68018 418.66925
604.22009 651.63812
626.39777 424.89774
630.54932 407.06421
650.72101 291.61868
724.00793 382.51419
635.84344 348.20700
735.05249 438.67737
746.29102 415.64780
556.24231 742.38458
583.49097 740.08020
602.77417 738.66718
580.28864 665.08600
629.13843 737.62054
615.95923 752.31116
622.71399 739.78552
571.81128 662.21362
593.75372 743.04309
575.37970 745.17120
551.16791 748.67462
560.01392 849.07788
554.76642 801.14307
554.30432 791.52563
552.57074 782.96570
550.20544 776.39508
592.01276 760.72687
596.47113 762.47382
601.25385 766.10345
604.71631 771.01984
635.05157 707.58691
768.86566 614.18591
605.75616 752.08929
611.06970 751.67957
556.71558 681.42444
597.53436 664.00470
560.89514 676.56976
612.01239 571.09320
653.36829 584.82941
606.64270 636.89899
705.14386 314.30542
688.57605 359.21133
677.95953 406.27319
622.75812 802.02435
575.03552 413.14020
580.72107 344.74734
589.94128 280.43811
678.45093 510.62637
730.26416 530.93134
586.10754 502.52423
711.65558 474.94476
569.81042 545.60474
585.76361 642.90161
757.31055 549.77026
714.72046 547.07349
685.78723 555.97894
642.98218 553.24921
611.51807 544.28613
587.96198 534.27533
539.76453 516.26862
759.00049 600.75714
729.25293 472.02374
536.15222 681.39807
588.59521 586.62189
774.79083 495.93680
570.28589 522.80884
608.46118 634.94897
697.74481 489.52350
584.79279 622.52789
762.23083 678.99768
586.28918 494.49356
563.94006 612.75183
710.17950 811.88623
703.65344 845.89819
773.80231 610.93188
737.47687 774.88580
759.57422 454.52649
617.23511 916.31274
532.89655 684.55975
611.42548 601.84528
751.41443 503.66406
658.52686 501.56717
639.91144 502.75085
620.06342 753.65790
759.04779 654.24579
573.97723 957.04578
642.70569 914.08728
671.23315 885.20679
621.28772 500.90579
603.73962 497.65253
592.06934 496.24033
744.82513 466.75647
608.19556 478.25366
627.77234 471.55920
647.33740 470.35687
666.14801 474.08749
677.22974 479.94269
770.76270 436.61737
671.12622 498.26926
608.90582 698.79596
584.95001 660.10931
559.86560 700.12366
678.24542 850.84442
648.85132 883.78998
574.83887 938.19189
727.84393 803.41608
593.40472 487.98279
556.36627 558.64124
612.03613 939.53827
768.33093 669.67157
573.69489 769.29065
577.79681 773.51642
581.13538 780.15930
583.25073 788.84637
596.27881 829.66425
613.31299 739.86267
617.59125 737.83606
621.21228 735.89099
655.47864 719.50635
734.18414 667.72571
554.02240 529.68701
568.70880 477.99896
583.55310 480.28110
608.58252 741.70190
735.46417 732.83319
547.28845 478.71051
604.73395 855.32690
540.11615 547.17651
575.20300 597.95856
565.53668 876.82532
657.64532 786.75928
628.43268 653.79547
633.48572 824.43079
683.90161 648.78204
652.79950 677.81805
705.18970 687.45563
572.21497 910.05798
590.65924 607.80957
673.87543 814.31885
643.97821 851.78674
679.03412 748.27338
754.04004 700.48120
706.09564 759.90723
757.32874 724.77496
674.68878 703.07556
571.53650 572.68329
579.17560 657.18597
595.44574 655.85205
567.18945 642.87531
587.33002 457.92722
625.83258 443.47803
659.52185 441.53357
686.27576 447.30267
703.94373 458.22858
712.71295 495.14676
775.20740 556.17352
694.22656 526.01074
671.28442 532.53845
641.61694 532.58679
613.58704 527.41980
591.93622 520.27246
576.70612 513.22858
772.10291 554.09186
595.45105 658.81671
558.09894 585.09302
561.89294 663.59583
549.49548 675.22198
562.21368 666.31396
590.12378 664.44684
544.39197 678.88898
541.59814 681.64069
578.19189 495.53549
564.92804 501.12225
556.86658 505.75064
683.39520 484.46704
699.28192 475.57495
386.53235 482.46881
409.93921 482.49835
386.57550 462.19397
362.60828 482.46637
386.26834 502.81369
639.89630 483.71851
663.90417 483.60907
640.16675 463.45203
615.76501 483.59155
639.56372 503.93832
