522.00165 694.44672
521.74731 618.87610
519.52448 640.98218
497.40109 548.77667
521.55304 596.82977
519.92316 568.49103
514.83929 498.81781
339.77972 494.52759
512.85010 441.49039
512.58722 410.32123
509.60168 296.56989
522.04657 699.17151
521.70142 702.94739
521.41357 705.40607
522.57715 731.54053
523.07312 739.03326
523.22021 748.52008
523.11371 758.24207
522.24316 785.18982
521.10718 630.27887
499.20200 630.43811
212.81427 406.48950
406.23181 514.48315
382.93860 516.71313
359.33389 515.82153
327.20255 502.54785
425.54797 508.50333
369.20584 447.96481
396.45944 449.15961
344.19974 453.59943
327.66473 463.49368
302.21155 517.49915
431.64929 814.46332
329.66266 488.12933
210.12375 507.06354
268.08972 500.43311
391.62250 607.21753
496.60846 692.20813
499.42230 703.16003
472.55280 700.06976
456.61905 707.99438
480.61847 706.63452
466.12347 711.35962
414.80664 748.72870
501.98721 618.76111
498.40189 597.83032
288.94205 447.01794
439.58722 550.21619
446.18631 616.36615
443.13104 605.23700
311.80585 607.59998
497.92413 571.38965
352.66623 421.31189
316.48035 430.53522
240.15500 364.33948
460.40210 437.42468
420.03278 458.49796
396.51520 728.36670
245.16286 720.10327
465.30136 628.08972
484.10101 633.39392
437.99451 721.98608
444.09155 721.47546
299.61783 415.88528
445.48267 626.31104
399.68774 421.10132
394.83997 403.13989
353.81384 308.30267
266.44977 387.83398
374.10901 353.22714
268.84216 435.30127
238.18596 421.31970
497.60895 698.62762
476.41397 703.85150
461.11987 709.93341
470.94415 631.74268
441.12726 721.79065
450.15591 727.38550
446.89435 721.13684
476.23209 619.73547
470.27701 711.87915
484.07620 707.86316
501.21732 705.52893
490.33768 784.41858
496.15256 756.24432
497.53592 746.53271
499.62140 737.32806
501.89841 730.42499
470.91763 725.74292
466.26266 728.70825
460.87015 733.38501
456.30081 738.87885
421.73022 686.70245
209.67572 608.19287
520.29938 635.26892
460.24335 723.64136
455.31470 725.19641
490.98193 641.53595
453.62759 638.98401
487.77704 637.51416
412.55487 563.92731
370.91589 579.87415
439.05051 615.45166
285.17667 330.59000
309.58942 364.02600
341.88873 403.62589
433.58182 762.81537
452.80371 407.08527
438.74295 351.77994
426.10257 298.32031
339.31940 511.29065
272.44836 534.14221
438.47803 502.49072
300.25159 474.29156
457.47217 534.96680
460.22607 607.06598
239.12216 551.21570
294.34332 551.24915
330.26044 560.22583
379.05072 555.86859
413.03052 545.86749
437.73764 535.04492
491.04449 504.42862
246.97914 599.91217
275.92236 470.52777
509.42383 629.76373
444.66348 571.66003
196.62720 505.29468
456.99066 523.06720
435.80014 617.22070
316.55170 488.77267
457.94199 593.55786
222.03662 663.13672
437.24509 494.31250
477.13284 579.98651
315.37723 770.34583
312.64471 794.17896
217.49329 604.94537
278.74380 742.52118
222.42334 460.70312
426.13095 834.60858
511.35138 634.61188
422.23676 588.68909
241.80698 503.70496
363.64227 502.54919
383.26889 504.28131
445.38391 730.17322
254.87697 645.48010
470.90952 863.00739
392.18762 835.93579
356.01654 818.96826
510.80344 352.82727
522.87592 866.60455
401.99078 502.49664
419.55664 498.62497
431.43188 496.34485
251.97119 463.76941
416.52478 474.96042
395.94223 467.87042
375.49789 467.81168
355.64053 472.58862
343.17090 478.95743
199.37878 450.79733
349.91138 498.78879
519.83344 659.02393
444.45947 671.73041
465.16989 624.25226
488.79376 661.32733
513.10815 470.47781
352.97437 795.84485
388.57419 814.86902
471.05231 849.25964
276.88055 764.16882
430.80270 486.71228
476.76941 539.86316
524.28894 852.40131
429.45087 851.38599
228.46240 655.37317
484.77927 728.18781
480.51410 733.08984
476.42819 740.37042
473.43799 749.03577
458.61060 775.58398
454.40521 716.43622
449.40152 715.89819
445.16473 714.77924
405.24341 706.12219
294.45148 656.70026
474.63882 517.87274
456.48755 475.99994
440.30545 478.25027
458.83224 716.40686
293.24625 710.66968
480.92993 475.88461
443.85248 794.60120
518.21320 544.99841
494.07999 527.85168
516.55414 522.83466
461.70227 575.08667
524.30261 831.80176
523.28308 807.04553
482.76108 805.69836
387.08447 756.95325
414.65131 636.02618
412.82520 778.49036
352.85043 635.22601
391.72253 659.67676
333.89630 672.19733
474.96289 829.39471
447.58572 588.42432
363.12915 772.64050
397.19275 794.44580
366.96237 730.84930
264.09799 683.68298
330.66583 734.27423
246.09233 701.36005
374.77124 690.20679
461.19141 555.35889
468.65955 616.24524
454.45493 623.06830
478.05380 601.28748
437.66458 454.09735
398.25970 440.15802
363.66049 439.01520
334.24326 445.18466
312.81750 456.81378
295.65961 494.62112
210.46420 555.61267
318.53381 527.59033
345.43362 534.62292
379.13931 534.29559
409.40332 528.59961
432.11450 520.76044
448.22211 513.33502
202.39359 556.67731
455.06616 629.10956
478.47086 559.54022
485.40359 616.35907
497.68170 626.73218
485.53781 620.19409
461.48718 635.35693
502.11511 628.54163
504.26254 633.50232
446.39899 495.01996
460.61166 500.56702
470.93451 505.15985
335.86310 483.85132
316.77655 474.71304
538.43121 548.31158
684.75232 492.92023
539.55292 630.18591
779.66455 404.03223
619.32196 518.50830
643.19177 519.19147
665.92950 516.13293
694.84973 499.93924
599.05597 512.72437
651.69971 442.33032
623.63049 446.06207
677.80109 446.41095
694.41028 456.37646
715.87457 514.54724
612.15320 811.60437
692.67883 484.89487
788.11243 503.92807
743.53101 496.47028
636.44940 604.66449
546.21960 691.07709
542.45428 702.18073
567.73871 697.54675
581.22095 704.84711
559.20227 704.74213
571.67596 708.84180
623.51782 745.79651
540.72986 618.37598
543.74713 597.29138
728.57678 434.96991
586.17383 548.90771
588.56549 614.71564
589.89465 603.37775
711.01434 603.89783
541.29865 570.81586
670.65076 408.81079
704.76404 417.32867
757.39600 362.99680
563.91364 431.73816
599.97040 458.44943
639.66449 725.18140
760.73779 714.67065
569.72632 627.14502
552.20020 632.79230
596.21429 718.36212
590.15076 718.13947
718.35333 402.62695
588.11945 624.65344
625.04803 411.20361
628.63336 392.74362
658.11438 308.65521
739.39807 386.77652
643.12817 353.51633
743.52191 425.09460
763.21893 419.48840
544.80444 697.58350
563.66687 701.71387
576.82977 707.04449
563.96948 630.85504
593.14380 718.32037
586.35791 724.60046
587.34143 717.95837
561.62769 619.28546
567.07788 709.59406
555.29169 706.17505
540.15271 704.63953
553.47504 783.42841
548.38971 755.35345
547.06366 745.65894
544.62433 736.47070
541.63232 729.66089
567.82330 723.93890
572.82788 726.72406
578.31555 731.21307
582.91400 736.59161
614.21918 684.16290
784.25537 603.39038
576.17365 721.35962
581.29755 722.61469
546.64746 641.03186
579.88611 637.61096
549.19263 637.00726
612.29364 562.15790
653.87952 577.36841
593.19336 613.55890
719.50720 330.23495
701.58600 363.89111
679.31061 390.96524
607.02179 760.20648
570.58777 400.13879
581.66962 351.96594
590.65936 298.59341
684.58160 510.11584
741.28851 530.05823
585.23932 506.63708
718.20068 467.09393
569.12201 533.98102
576.67657 605.98529
769.59473 547.61847
725.67169 547.17639
695.15112 556.44104
649.07483 554.30341
614.78516 546.05579
588.89807 535.99371
537.85199 504.16837
765.86926 595.87488
737.73816 463.54865
532.33594 629.55420
583.35638 570.19067
792.26257 501.17358
569.31671 524.05273
594.60828 615.33130
703.87604 484.82635
576.81012 592.17975
776.78613 658.00629
584.40405 498.23010
560.10242 578.94781
712.59924 765.76270
710.96057 789.07562
785.93146 600.58289
741.70264 737.59052
776.69739 458.33044
617.35236 831.65302
528.88098 634.45245
605.21222 586.72516
765.28735 499.68054
662.92004 504.06024
643.16089 507.66583
591.00665 727.17084
760.71008 641.07489
573.60931 861.25317
644.52533 831.91241
675.60498 814.39368
623.22546 507.19785
604.12549 503.73694
591.33496 501.15576
755.85419 458.56061
604.43280 477.66321
624.97455 468.89197
646.40900 466.96069
667.24866 470.20197
679.82812 475.95969
790.35211 447.63141
675.96161 498.66006
592.24316 669.95642
570.51160 623.40759
550.49402 660.78284
680.79230 791.70355
650.22614 811.21552
575.89520 847.56195
737.84033 758.72644
590.51453 490.17743
554.43097 539.04437
611.90033 848.30219
778.56879 650.65491
556.53491 726.82001
561.24066 731.61243
565.60004 738.84521
568.96436 747.52258
583.88422 773.48706
581.37140 713.40485
586.30023 712.57361
590.52942 711.32812
630.57941 703.14221
728.30719 652.44885
553.02124 517.30743
566.16077 477.06659
580.73071 480.68262
576.79779 713.65686
730.34558 705.93109
543.49200 475.40366
599.39258 792.08923
538.40442 527.38965
570.32764 573.90936
562.99164 804.31042
649.76434 753.45392
615.74811 633.38580
627.40320 775.32501
675.41730 631.71649
639.94507 656.51349
694.45459 668.19324
572.27332 827.81079
582.58661 586.82709
672.36292 768.59839
642.88086 790.95813
667.34674 727.18634
753.76038 679.12097
699.77271 729.99719
766.09033 696.43695
658.08826 686.65698
568.27142 554.26349
569.19080 615.51691
581.01343 621.79443
561.56635 600.37421
584.32007 451.68182
623.61249 433.83957
659.03845 430.44128
688.23419 435.81439
708.21594 447.47412
721.03760 490.74158
789.85278 551.81879
703.33112 524.92950
679.24524 533.06506
647.18005 534.94940
616.62451 530.89960
592.95392 523.56128
576.37506 515.88501
788.06073 552.09619
579.45099 627.76257
555.72522 558.60339
555.26282 615.83649
542.28436 626.46387
553.87952 619.91095
572.88049 634.09198
538.91772 628.27515
535.14642 633.25592
575.89685 498.49106
563.12128 502.81506
554.47070 506.08972
686.91815 480.57281
704.44604 468.51056
389.63232 482.31122
417.20438 481.00287
387.12488 455.11591
361.11237 483.34357
391.80640 509.48309
635.76538 486.71985
667.01099 486.09436
635.06421 460.00336
604.69580 487.37997
636.73688 513.40588
