509.03659 687.07245
502.69296 596.99646
505.64371 625.73859
484.65997 530.09833
502.25122 574.38159
503.19394 547.61975
506.97937 484.36969
341.56537 493.77704
508.04956 432.11798
508.34705 402.03558
512.07758 298.68094
509.10931 695.72333
509.28690 705.18219
509.83051 712.21472
509.85938 712.71844
509.98459 722.30127
510.09247 735.04980
510.35382 749.54700
509.38843 777.81006
503.83737 610.22729
486.23669 612.72876
254.42566 411.91595
411.10364 515.52356
386.43378 518.33575
363.05707 516.32056
332.74045 500.54617
431.39841 508.29739
372.31696 437.64685
401.54889 439.71307
346.49072 444.34143
330.62927 456.26089
313.88715 515.15833
421.91794 809.82037
333.32086 484.81577
245.80270 508.67505
286.81030 498.86606
393.51245 598.08362
485.84921 681.88696
489.04080 704.83673
463.20505 695.03369
448.40479 708.91058
471.78107 709.13348
457.80127 715.86841
411.25281 745.97925
483.82816 596.92877
479.97662 575.73010
299.43085 442.36365
439.28085 540.29700
437.03836 601.07214
435.52271 591.12311
323.05624 601.49274
482.05005 550.71936
354.53653 415.28546
321.78284 424.48578
275.29718 368.61401
457.97986 431.43805
426.74677 451.38367
395.24731 727.06793
277.77606 724.05646
455.92471 612.79437
473.95575 618.82501
432.47449 731.16541
437.28241 729.46295
308.92136 410.79608
438.36893 613.57556
398.83014 415.61713
394.18219 397.58032
371.13617 311.00699
290.95837 386.32034
384.28912 349.84589
284.75049 431.84467
268.98325 421.30716
486.88419 694.45984
467.42508 702.65833
452.84940 712.42767
462.18408 617.48621
435.00519 730.33789
444.30603 729.65125
439.77252 728.42383
463.26971 600.54675
461.54718 717.96472
475.13452 713.26666
491.32193 711.50226
479.89029 776.43634
487.08978 747.96228
487.72604 733.57874
489.16867 721.20276
491.39716 711.99146
461.51260 717.85474
458.07220 722.99011
454.33148 729.56683
451.08298 737.67499
417.89560 680.05786
251.53830 614.20544
504.88245 617.24622
451.10297 722.79578
447.91394 725.99921
479.56720 627.68768
448.13623 628.46765
476.96530 623.31207
414.27417 555.56396
375.65802 572.41211
433.24789 603.22607
312.20508 334.00238
327.31421 361.45352
345.89722 397.97760
428.16129 756.92676
449.24823 400.86206
443.04840 348.02399
435.62570 300.66321
343.58960 511.05542
288.86908 531.98047
444.81012 501.40558
309.32980 470.19595
455.59653 523.61542
448.12970 588.62292
263.14185 548.46332
305.17273 547.94006
336.04120 555.38141
382.21313 551.05341
415.85089 541.33777
440.51602 529.97168
484.67722 490.30084
269.46210 597.07330
290.85663 467.85895
492.86926 609.70416
442.18915 560.33783
242.46835 512.50671
458.68045 517.39453
432.52753 607.16718
323.12238 485.77911
447.80902 576.71869
260.64386 668.21649
445.83270 493.00098
463.83911 560.80396
324.24161 767.93439
325.80530 794.29822
250.58914 605.26660
297.10242 740.77490
256.81265 462.00995
415.86963 832.09271
496.60687 616.67188
422.06088 579.33484
267.36484 502.81281
364.76175 505.14758
385.77698 507.11768
440.74542 734.27826
277.46997 642.66943
459.27423 865.40784
388.52817 836.45673
358.94003 819.01538
509.68896 349.42453
511.33340 871.13098
406.75635 504.62000
426.35516 499.59268
439.27441 496.20877
273.65305 462.70715
423.29074 468.19006
401.30963 457.62430
378.63989 456.01660
357.21240 461.86652
344.77173 470.90375
244.59927 457.35992
350.83014 500.01550
506.12778 646.53162
437.81232 663.07202
454.68463 607.47961
477.34552 649.66742
507.89343 459.65717
353.29858 793.53784
383.39606 812.39618
457.16330 847.67285
300.44391 765.99005
438.77850 483.46320
469.47900 524.54779
510.11545 852.81104
420.65564 852.34003
259.94357 655.33234
475.11728 713.48529
471.53290 721.08838
468.84122 730.87769
466.97675 743.33368
450.73236 767.73474
446.67963 723.02502
442.13733 722.21417
438.23920 720.86200
403.43176 702.46619
309.59860 651.65308
470.55615 504.94370
460.54355 471.24789
447.14706 474.21301
451.29520 723.16675
308.43634 707.19421
480.24826 468.70239
435.35248 788.54877
504.56387 526.09558
484.30969 511.06293
505.76416 505.76532
454.43295 560.21735
509.38733 828.89539
509.24994 801.68390
470.69296 799.25787
383.92743 753.92792
413.05194 627.18195
407.06259 774.03064
358.36383 626.73364
391.59296 651.58795
341.52063 665.91168
461.06534 824.95728
442.72803 575.87787
361.71722 769.31696
391.48584 790.52026
366.96143 728.16168
285.32370 681.16394
336.87640 730.49597
272.95383 700.75348
375.94104 685.50403
456.39835 541.97827
455.60150 596.87512
444.50543 607.00787
462.61151 580.33142
441.08484 447.89807
400.71915 432.13486
365.03320 430.58514
336.66269 437.75671
317.80496 450.99573
307.96597 492.42737
244.62482 556.36945
326.90225 525.18420
351.61804 532.14355
383.68298 532.70026
413.90356 527.00690
436.96710 518.25171
452.58640 509.80005
246.58737 563.70441
446.56595 615.06842
468.12827 542.26904
469.44946 595.10406
483.48413 607.38873
471.37714 600.20673
454.25500 622.91309
486.57831 608.70667
490.38159 615.69080
453.52917 492.87274
464.49380 496.34161
471.77136 499.00317
338.33386 478.00098
321.79739 469.97247
525.60687 530.36060
691.77063 495.13904
524.81506 612.39661
799.60730 416.67560
616.89709 514.95831
642.26630 518.13696
667.34235 517.33618
701.41345 503.20013
596.13568 507.69794
657.65887 443.83334
627.10480 444.67816
684.97333 450.67068
702.19226 461.87720
721.48010 519.53027
601.38269 814.49237
701.26208 487.45166
807.83740 514.56500
752.79211 505.56940
630.14398 600.07349
532.55396 681.50140
530.23364 704.74127
556.66034 694.82788
572.54297 708.86536
548.83582 709.14874
563.81525 716.14050
612.09119 748.05054
522.48846 596.95483
525.46704 575.90222
736.31482 450.66690
583.37933 541.20898
577.95367 602.09436
581.02881 592.12915
708.00580 605.20563
525.40344 550.96545
672.35388 422.57718
709.89349 432.55011
770.60492 372.75504
560.62616 436.19629
601.30353 454.77383
628.25952 728.83173
779.24683 732.19757
558.80005 613.39539
540.02136 619.13818
590.93201 731.90430
586.24402 730.18573
725.17249 419.63940
578.14502 614.73602
623.32074 422.04437
628.46069 403.87195
660.81177 312.87225
746.75574 392.16107
641.81946 352.78940
753.71106 441.22470
776.10522 427.74176
531.87000 694.16473
552.68732 702.54736
568.34149 712.47205
552.71899 618.10583
588.48822 731.09357
579.02863 730.69659
583.63483 729.14453
548.35187 600.61926
560.54742 718.25842
545.87592 713.34479
528.67310 711.58527
539.47791 777.57928
533.77173 748.90216
532.49707 734.14868
530.89746 721.55261
528.72461 712.22736
560.53339 718.61584
564.29541 723.94989
568.18402 730.96619
571.73175 739.48450
600.96814 681.34418
812.52856 621.15991
571.98541 723.67780
575.18811 726.87158
533.66132 628.04376
569.35425 629.69299
536.56635 623.69098
610.04535 556.95758
650.71704 574.72412
584.70160 604.44659
726.62219 337.07568
704.04700 366.41690
682.45282 405.38165
593.80829 759.54358
569.70544 406.29663
579.41028 349.27185
591.88013 301.43387
688.92108 512.94708
747.31921 537.43536
582.18982 501.06995
726.29584 476.32965
565.46698 524.22473
563.90784 589.25818
780.43829 553.94922
727.65155 552.78400
693.28577 559.04736
644.47125 552.91217
609.12952 541.97626
583.51410 530.15558
530.92670 490.59775
772.81757 602.70007
747.00958 475.65448
515.20667 609.66608
578.50586 561.25079
821.21484 517.96893
564.28607 517.14380
587.50964 608.43433
711.69336 489.30753
566.09009 577.44055
801.04694 676.12793
582.83337 492.79138
546.42303 561.29895
713.78186 775.79810
717.50940 803.24152
802.91821 612.15326
746.57489 748.29895
793.50623 467.84216
609.36804 837.91486
513.47339 616.51733
600.32617 580.65405
776.72339 509.37274
666.14618 505.04395
643.92548 506.41577
582.83496 735.42303
765.06311 648.66650
564.87268 868.62830
643.89215 844.03265
678.37799 827.69495
622.65570 503.85504
602.58960 498.96939
589.41754 495.97290
767.77411 471.30292
606.40283 470.07983
628.91632 461.10193
652.26367 460.75589
674.85358 466.74561
688.10529 474.99414
815.23706 462.36447
681.36298 500.54724
579.32648 664.10028
559.28937 608.00006
536.14026 649.99829
680.13422 801.39215
646.31921 819.87366
564.03577 850.80060
749.71143 774.36877
590.25586 483.93777
546.31915 525.01459
606.93439 858.21576
792.58765 662.68024
545.87714 713.93469
549.58160 721.89331
552.51440 732.09113
555.00665 745.14062
569.72858 769.84576
576.07233 723.37994
580.20190 722.44824
584.00842 720.99750
617.69049 703.93677
725.39606 656.37207
547.86987 505.43164
564.29810 472.21716
580.08368 475.31274
571.79620 723.76575
728.94788 712.91565
539.98285 470.20801
586.61505 792.02417
528.54785 511.31970
561.74451 561.01990
548.70190 801.11646
641.47699 758.03589
608.20178 628.79895
617.17096 778.19153
667.80249 629.69733
630.54657 653.74524
687.34747 669.84119
558.38098 827.52087
576.16003 576.71381
667.69012 775.40820
635.30835 796.39612
658.91516 731.92053
756.92065 687.43561
694.82593 736.03625
776.79871 708.29620
647.87531 688.21564
562.01068 542.67786
555.74310 597.20306
569.74860 607.81952
545.91919 580.65308
583.36548 451.31772
624.89264 437.71573
662.76324 437.07092
693.86591 444.43182
715.40771 457.46112
728.92834 497.62143
809.15833 562.67896
706.29865 528.64606
678.90503 534.71289
644.43695 533.77515
612.58154 527.00336
588.98993 517.95782
572.56976 509.37390
818.15015 569.67822
568.66235 615.99103
544.65112 542.74030
538.90216 595.18011
526.31836 607.26129
538.73706 600.20703
561.70685 623.80267
522.22601 608.59760
520.15314 615.52722
573.52478 492.62744
559.98334 495.88116
550.23309 498.75775
695.36005 481.41611
712.32635 474.76550
392.00357 478.28687
424.45020 476.34622
389.54706 448.04993
359.19171 480.32022
394.37854 508.37952
643.27454 481.29041
674.98651 483.60388
645.02637 454.11572
611.61102 478.81848
641.66492 508.66568
