525.99817 753.62427
527.17621 690.21521
524.27423 705.48669
501.55920 586.56921
526.78857 660.45898
525.00439 618.46320
519.42010 514.70294
339.70914 493.32578
517.01801 446.57526
516.56042 409.91638
512.27716 261.73535
526.32599 759.95923
526.26160 764.90546
526.01569 767.71588
525.98358 802.62195
527.19501 813.09045
528.07916 826.02838
528.80975 840.90417
525.89185 876.43842
526.52856 702.74536
496.66888 696.90735
220.07794 382.31476
410.88208 516.97485
384.90402 518.87512
359.57639 517.14905
326.42389 501.69360
433.29764 511.84247
370.67957 449.64508
400.05875 452.89114
344.02997 453.16833
326.74893 461.74146
300.73151 516.45685
425.30875 913.27802
329.87378 486.94513
208.40100 505.58032
267.56274 497.71451
378.81952 634.85834
481.61194 747.71765
483.41431 761.23901
441.41440 747.17236
412.22601 745.46210
447.53226 756.62939
419.60120 752.49445
377.28577 787.80011
504.36740 689.10883
501.66019 659.63995
284.84503 439.97852
440.87244 568.48309
432.98114 662.41650
431.36279 644.09052
293.83139 622.48187
501.55768 620.71948
350.67230 419.31137
312.31317 424.83069
250.16682 335.41901
466.98502 450.36298
425.99091 463.49036
351.39218 751.37970
235.31003 768.95734
451.30923 680.45758
474.05472 689.90161
368.69788 741.88739
375.64127 745.14868
296.28900 406.08832
427.67319 668.80823
402.12183 426.74774
397.42838 404.78787
362.63937 274.78018
274.48944 369.83673
382.53326 333.09390
266.95441 425.41217
243.78827 407.15424
482.08313 755.43982
444.38422 752.15527
415.91977 749.00372
456.05380 683.88293
372.26605 743.49738
393.75546 767.16534
379.07074 746.83698
470.77136 681.69897
423.16635 755.27905
450.96918 759.76398
485.26956 764.69476
481.33997 873.88184
485.75842 837.36963
485.67648 822.47565
486.39197 809.80652
488.04745 800.27258
426.37317 779.75653
422.42630 782.89417
417.66025 789.10468
414.60495 797.21381
387.67148 724.54907
202.75766 625.75397
525.50525 705.52362
405.03204 766.27759
399.26654 765.87482
483.86945 699.97583
433.59900 681.08179
479.19711 695.13318
411.27057 580.62244
364.25647 595.05481
423.47363 652.46167
295.70709 298.40460
318.78302 343.63617
341.06073 397.25510
404.57471 822.97217
458.95355 416.18097
445.25168 331.45099
432.04715 263.83798
338.51917 511.44031
269.70938 533.06293
447.72058 506.95233
298.36844 470.35599
460.68652 553.51489
454.37985 660.27301
234.53043 556.87549
289.71143 552.48419
324.94617 564.56580
376.33725 563.23224
413.65372 554.06000
441.03256 543.67743
495.59470 521.17340
232.98126 611.95978
274.64404 465.62671
512.12817 701.58221
440.59024 597.79120
195.31866 497.07275
461.88275 531.92310
418.47778 649.70099
316.12219 487.13550
452.68283 637.70020
213.13736 696.28406
446.65405 498.35895
477.77597 627.32886
303.74670 835.07080
309.66876 869.82776
207.16769 623.84436
263.05463 798.20569
224.87601 451.71707
424.71848 942.64972
513.75909 704.37152
413.37540 613.91870
243.21878 500.41293
364.37277 501.96478
385.74341 503.92688
389.47107 769.58716
232.50281 670.22766
474.69379 981.53320
394.52609 938.85291
357.08105 909.52869
514.80267 332.41324
527.16223 986.19952
407.10568 502.28458
427.68594 499.42520
440.73257 498.93896
253.29807 457.43042
421.44479 481.64029
398.22418 475.20093
376.79971 474.19464
356.38794 477.04810
343.71075 481.23730
202.77563 432.88092
349.96686 497.85788
524.34259 721.63489
421.19739 716.98761
453.55942 679.27808
480.39032 719.73010
517.52295 478.25519
347.64511 874.88062
386.08508 908.43787
472.56708 964.64648
270.02560 826.91852
438.76520 491.58160
479.76944 567.89447
527.31732 968.56018
432.12360 964.72278
214.86087 687.53638
455.02960 791.96838
451.22049 798.68250
448.51877 808.92316
447.56787 822.48767
437.90070 853.59576
394.80734 748.54688
391.03192 745.81409
387.84302 743.23663
361.12988 734.34344
265.47946 684.95172
479.04367 535.86853
465.56564 482.67560
449.36111 483.53424
399.46814 751.20343
265.57727 753.85779
488.70471 485.70398
431.49988 880.91803
523.04382 583.04077
498.57904 555.61035
521.30719 550.35718
459.80692 610.34253
527.36499 941.09473
526.64008 906.14575
477.81540 903.41040
365.19879 805.94574
395.34094 669.79150
396.46808 847.22247
329.49777 664.75311
366.69818 694.72314
303.30841 705.09338
473.34122 937.90698
440.34235 620.76147
350.65820 836.38989
388.97672 875.84424
337.09818 764.67249
239.60443 719.99707
306.14383 779.94476
232.05511 746.39362
339.44693 718.56696
461.31931 582.96075
462.78241 676.34473
441.34494 674.47070
477.32614 660.45300
444.76285 461.68286
401.61548 443.94925
363.57339 438.88373
331.65497 442.61685
309.64648 452.72943
294.79572 492.83084
204.77667 564.14777
316.66620 528.51196
344.05078 537.48645
379.72202 538.91583
412.78372 533.94916
438.45572 526.80194
455.94128 520.08112
197.85730 560.16162
438.85516 677.06818
480.73230 596.84711
483.97113 683.30420
496.42300 695.35522
482.33252 686.10504
443.62122 682.54810
502.88828 699.21069
504.01550 701.69781
456.15121 500.12778
469.31174 507.52930
477.39935 513.87494
336.10168 484.42917
315.56924 472.14703
544.10284 585.77380
687.17590 490.55542
553.06714 695.28735
783.66589 376.20483
622.07471 518.31250
647.14307 518.18146
670.92932 514.44092
699.44464 498.56946
599.97186 513.71832
655.04517 447.18097
626.80054 451.17325
681.15533 449.80411
697.65564 457.88153
724.60693 511.59424
622.41089 908.26379
695.39410 484.49661
800.40027 496.67319
752.78857 491.53107
657.92664 629.82599
567.63806 744.39331
566.11127 758.02045
603.56445 740.38770
628.39996 736.54395
597.95703 750.54712
621.76031 744.48724
663.15271 780.44788
549.26849 688.00531
551.27454 658.48914
735.98907 430.65588
593.80298 565.91394
611.62000 658.62933
611.20551 640.56879
736.56171 614.49768
547.83850 619.66309
675.06067 409.94482
710.75720 415.24387
758.19885 330.52139
565.03339 444.21283
602.34521 462.67450
686.83368 743.12115
773.37537 759.55951
593.97937 677.10059
572.56219 687.67041
664.88116 730.10663
657.86285 733.96283
724.33728 394.99509
615.02289 664.82098
626.67609 418.05243
629.88165 394.99872
657.58594 272.28775
741.75439 364.31909
643.65039 330.11612
750.58075 415.58008
768.18738 400.85449
567.41272 752.24573
600.90479 745.89948
625.31708 740.46997
588.95441 680.77448
661.36591 732.00275
643.93872 756.58832
654.16675 735.97089
578.18866 679.05115
618.13550 747.50140
594.50372 753.80103
563.92804 761.56268
569.06995 871.78320
569.34442 834.24451
567.63757 819.16803
564.99066 806.42444
561.81537 796.81458
614.98303 771.38098
619.82629 774.35657
625.42102 780.20654
629.30255 788.22375
654.03290 718.61670
797.79077 616.76807
632.47980 756.61462
638.48633 755.75916
563.65912 698.32416
608.71674 677.25439
567.91663 693.25946
622.36743 577.07056
669.11377 589.84100
617.65771 648.64594
718.48926 294.53867
701.92365 339.31808
682.79309 386.39941
639.51898 817.00330
570.75317 408.14786
583.92242 329.83258
591.68304 262.56879
689.35870 508.22150
753.83813 526.88538
585.47284 508.75955
724.25525 464.64233
575.11053 551.49121
593.36194 657.37811
783.16016 548.09668
738.35406 546.01752
707.96960 558.17926
660.11639 559.42517
623.54498 552.56024
596.05371 543.25195
542.55359 520.32501
787.56213 602.58136
745.61523 458.28302
540.55267 700.74445
596.88324 595.04803
804.37256 488.74329
575.38129 531.65369
620.33948 645.77777
707.86554 483.93170
592.37164 634.91833
790.31909 686.97974
584.28308 499.86578
569.82825 625.41248
726.06567 825.84479
714.92725 861.03271
804.36816 613.83282
760.14673 788.20325
784.91235 444.11249
622.61395 937.55347
537.03223 703.71814
622.93811 610.20496
775.06812 493.59027
665.70245 500.00079
645.62219 503.91800
648.44818 758.75104
789.12183 660.38922
576.65955 978.78162
645.30481 932.09741
676.11853 901.53845
624.63013 503.97263
604.00391 501.80902
590.75726 501.12717
763.48132 449.12637
607.16785 482.01962
628.86261 475.30646
649.96399 473.76184
670.08130 475.85593
682.44470 479.50873
798.52100 425.46017
678.45923 495.05881
622.99554 712.61047
592.68195 676.08105
567.93359 717.91357
687.70837 866.87036
655.06555 901.70947
579.41858 961.80280
746.30829 817.67175
591.52435 492.49686
561.11157 566.44128
614.43707 959.69922
798.29510 677.29877
591.06647 785.71307
596.18121 792.34973
600.41736 802.47412
603.30481 816.18188
609.80145 849.14709
641.51880 738.82819
645.23303 735.63062
648.35809 732.83179
678.54102 726.92517
763.38904 675.64343
557.82507 534.63092
567.36066 481.57083
581.38440 483.89966
636.70764 742.10138
761.81836 744.00677
547.33545 483.61310
615.87360 876.24500
543.59308 554.71808
581.99884 608.30048
573.49023 900.98273
673.59131 798.66833
642.97760 664.75018
646.26917 840.95471
706.36267 657.68488
671.85645 688.60388
730.89612 696.77911
578.95288 935.21985
599.29102 617.88507
686.75043 828.52429
653.57043 869.26440
699.47876 756.65912
782.82397 709.90381
727.06854 770.90906
784.61877 736.14838
697.94250 711.06598
577.64227 581.01752
586.14734 673.43414
604.29620 670.89795
573.34607 658.25079
585.37445 458.43036
626.09015 439.40421
662.59497 433.76517
692.91028 436.79404
713.73694 446.54230
727.77393 487.74066
805.04401 554.59534
711.33167 523.93396
687.37219 533.32452
654.19141 536.88831
621.94836 534.04163
596.48706 527.70312
579.13281 520.71515
801.45850 551.36108
605.24268 673.30200
563.29883 595.31030
567.69873 681.04620
554.48145 693.71283
567.92578 683.86597
600.20624 678.97028
549.15997 697.84424
546.13727 700.45056
576.33453 501.52689
565.44580 507.83539
559.34259 513.35260
689.71692 482.30035
708.44977 468.15732
382.00391 486.72150
407.29034 487.09277
382.92950 464.12570
356.38156 486.24005
381.02304 509.47568
639.62976 486.24576
665.15594 484.68036
637.88220 464.49243
614.35968 487.46948
641.47021 507.99472
