525.27094 726.84088
528.62128 658.59796
525.27875 677.22467
504.85687 570.37750
528.86035 632.73529
527.49628 596.95331
523.11029 508.72534
344.09839 491.47620
521.77850 446.18732
521.88873 412.48425
520.49042 275.31326
525.08698 738.37262
524.38464 750.18945
523.51129 757.66974
523.39252 757.04706
523.99213 771.45453
524.14569 788.25598
523.61713 805.47174
524.06970 829.85120
527.61700 670.20264
502.20486 667.25073
245.27692 385.05603
414.92252 515.87183
391.27795 517.83289
367.57697 516.78448
334.31262 499.01898
434.85992 511.98367
375.80066 443.05450
404.33432 447.60266
350.05835 446.72006
333.51392 456.26746
314.79156 514.72803
431.14136 865.63458
334.38922 482.26361
235.52350 498.55249
285.15909 494.71051
393.96515 622.66327
489.03860 721.43158
490.92786 749.29156
453.00281 728.77509
428.36484 735.44537
461.81943 748.03882
438.82727 747.31726
401.29987 771.77777
507.96448 657.70380
505.01434 632.64038
299.20084 436.07312
446.51086 559.86377
444.82916 642.95691
442.43973 627.95508
316.99487 615.52478
504.90143 599.37439
357.87909 416.94696
323.30029 421.35272
271.03458 341.92767
466.65616 448.34552
428.70349 460.72125
380.42627 744.16974
261.46976 733.01074
463.04913 657.89197
483.39377 665.50763
396.06082 744.70557
402.82352 745.85925
309.17850 404.26910
441.81586 651.62817
404.79291 424.76727
400.81525 405.45447
375.40665 286.49231
291.19760 372.23950
392.51746 340.70459
283.12036 422.79297
264.03485 406.19214
489.41049 736.54272
457.33917 738.85065
433.38174 741.37665
468.13974 661.78931
399.51184 745.29956
414.41876 755.56335
406.41144 746.47986
478.15689 653.52832
442.96664 751.71674
465.80444 754.23706
492.92871 756.70911
487.86151 828.46997
486.85013 803.89014
488.56207 786.39105
490.81015 769.58740
493.14429 756.30725
443.10263 751.78766
438.06509 757.87238
432.09906 766.38037
427.35638 776.02521
411.50043 709.96790
230.82855 605.46484
526.41669 674.10059
425.95032 749.41968
420.33554 752.14777
491.50281 674.82733
448.84210 664.53992
487.65308 670.25568
419.67969 572.81451
377.82599 588.33118
436.69684 637.40308
312.54395 308.09238
332.29169 349.00098
349.15570 397.28821
424.15948 794.86609
458.95065 417.37488
453.19797 340.04980
442.44376 276.72705
346.44275 510.43518
289.11578 531.37262
447.91711 508.18231
310.27301 466.21625
464.69580 544.91962
462.25183 636.78534
257.70117 549.61707
308.00293 551.13025
341.29721 562.91833
388.28027 560.08032
421.59155 550.76105
445.65790 541.48975
499.19907 514.56598
260.14148 602.62598
290.34232 462.15961
515.04181 669.27319
448.59131 586.16534
224.90417 490.52563
464.62433 531.32001
432.84854 636.68481
324.01050 482.85968
460.04211 618.58850
241.61682 668.07263
446.54111 499.96033
482.35114 606.60736
322.79187 799.04944
325.15973 825.10931
236.70078 606.71857
288.13315 763.92554
248.71336 448.37750
428.91629 889.39423
516.42627 673.14203
424.94495 603.00195
263.64273 496.69601
369.42914 502.63361
390.48663 504.36566
409.31042 759.62787
263.56143 654.04248
474.25760 922.15723
400.24414 885.27039
366.69000 860.41833
521.34576 341.21170
523.42181 925.90521
410.31805 502.71420
429.08539 500.41901
441.27121 500.50421
271.16412 454.50803
422.42886 476.46942
400.85693 465.08350
379.50140 462.27524
358.85406 465.81427
346.57092 472.40787
231.22855 432.04782
354.61401 497.76282
525.04736 695.38599
438.73163 699.07269
464.17334 654.99823
488.88083 695.64685
521.82428 475.99908
359.71960 833.75812
393.49301 861.45605
472.74036 908.25916
290.92523 785.55249
438.87170 491.41956
483.66425 555.56525
524.32965 911.74951
434.92477 907.34485
245.16278 663.23981
466.21234 754.16223
461.58994 764.53162
457.48251 777.65399
454.45496 793.34784
452.32480 814.92780
419.93085 746.34045
414.48010 743.36182
410.02802 740.33911
390.27332 724.78125
295.78320 669.85199
482.38864 528.03516
465.16248 483.69330
449.27802 484.10452
425.74741 749.25525
295.27313 729.37830
489.22461 486.28818
440.54498 839.34833
525.92023 566.89630
501.93726 543.90729
524.49493 539.00842
465.73087 594.89996
524.67993 888.75305
524.32471 857.81287
481.08780 855.82959
382.42752 784.30811
411.47974 655.78741
409.37494 815.29474
352.02332 651.32202
386.98734 679.82733
330.07651 689.76703
474.62704 885.78601
449.20984 606.87897
364.72931 805.47906
398.23901 836.74854
359.98004 750.70325
271.05807 697.36407
329.89227 757.01868
260.22849 715.65094
365.54309 707.76050
466.62418 570.59906
470.66382 649.27972
453.04782 652.26288
482.71497 634.16876
445.32333 460.36597
405.23904 440.89459
369.35876 435.20175
340.23004 438.59421
319.97311 448.60565
307.58749 489.03284
232.85257 552.24695
329.41455 526.83337
356.14978 536.36987
389.00549 536.76404
418.60480 531.57562
441.00974 525.53839
456.84628 519.94720
226.24121 546.96674
451.93121 657.09033
484.80252 580.50525
489.64297 653.05927
501.50488 664.36316
488.64590 656.06403
457.49927 663.27515
506.92078 667.34039
508.21719 671.24225
455.51233 501.83118
469.16357 508.44382
478.81772 514.64429
339.69962 477.71136
323.70679 467.44046
545.94244 569.87585
680.91058 489.47284
549.07562 666.18469
763.24158 384.09869
619.06128 516.88080
641.65186 517.10535
663.35889 514.45337
689.49292 497.62460
600.02148 512.65887
654.51538 447.10153
627.47083 451.08322
678.24438 450.15900
692.17731 458.42426
709.49292 512.61621
610.70422 860.48474
688.06604 481.74414
772.39935 494.58661
734.33209 493.18640
643.27576 619.28162
559.95398 717.92084
555.82471 746.11053
591.94983 721.11865
612.00555 725.55927
581.50580 741.86353
600.69629 738.88391
637.18567 766.15491
548.32776 657.04419
551.50531 631.90411
725.67749 437.40033
591.33154 558.20074
601.60156 640.28918
602.32556 625.28021
712.64227 610.53046
549.05969 598.68866
676.27380 419.16791
706.43567 423.53979
745.20752 342.28561
575.38306 448.88251
604.21240 462.82462
656.50800 737.94312
738.65668 724.38110
583.49750 655.61896
564.56799 663.95026
636.36737 732.53912
630.04724 734.16254
718.22217 406.47534
602.48260 648.73206
633.66345 426.05942
638.03973 406.15259
657.81403 287.73099
732.20612 371.66425
644.60388 341.20782
737.84863 424.35522
752.58911 404.70062
558.83490 733.25085
586.93280 732.17175
606.66492 732.20673
578.04633 659.63306
633.12024 733.36206
620.68933 744.99097
626.55023 735.14355
572.36774 651.91565
595.78619 743.75903
576.32642 748.51117
552.40399 753.78839
558.40454 826.82434
558.35046 800.44543
557.26575 783.02710
554.95782 766.44696
551.92334 753.39355
595.27521 744.03455
600.58124 749.74969
606.19629 757.57251
610.34271 766.79987
629.73395 705.54828
763.47290 599.83850
609.70416 740.14404
615.22485 742.23212
557.40448 673.67059
594.46484 661.72144
560.81744 669.01025
616.24182 570.51965
656.66528 585.12677
606.37653 634.51483
712.25787 309.18860
697.90283 349.30609
684.21106 398.90390
616.76965 790.06653
583.45160 417.60361
587.74072 340.27637
596.03711 277.46753
680.38342 508.11111
733.50385 528.16693
587.61554 508.08139
713.18835 466.69537
575.06281 543.65540
587.49597 634.86548
759.29114 544.85358
720.09241 547.66687
692.56842 559.50946
648.96326 558.32623
616.50549 550.19208
592.83228 540.91809
545.53009 514.13702
758.12646 596.76196
731.26678 462.26181
539.70276 668.77399
591.42981 584.26184
772.51886 487.04895
575.42847 530.08142
607.73218 633.71436
697.83508 482.56592
587.58875 616.62238
754.38879 660.84827
586.88184 499.23541
568.77557 605.35876
699.82916 789.90430
690.66663 814.98218
770.21484 600.36914
727.44946 754.78302
763.12708 445.70093
611.82037 883.73181
536.13477 672.75555
613.14874 600.43774
751.98315 494.64038
661.12659 500.38892
642.37756 503.82495
625.37262 748.65802
753.96722 647.22217
569.62701 918.63446
631.80518 877.17242
658.43701 850.89478
623.26605 503.60315
604.87476 501.43915
592.77911 500.78439
745.99182 454.43988
607.68378 478.11105
627.49780 468.85022
648.23090 466.33276
667.35681 469.06415
678.11505 474.33350
771.31934 429.75296
673.10315 495.05878
605.40009 695.80518
583.33289 652.91223
560.28564 694.43457
668.95923 825.32257
640.90125 854.10803
573.00684 905.03625
716.37054 775.94507
593.52716 490.91290
561.69690 554.69159
603.86865 901.18243
761.72028 655.71771
575.73181 748.56128
580.71527 758.49249
584.89478 771.17603
587.60254 786.62805
591.42761 811.31818
615.99518 736.14392
621.46051 732.60651
626.09412 729.09674
648.47296 719.30792
729.62109 663.33264
559.73340 527.39612
572.25189 483.16138
584.98944 484.04370
610.03790 739.73340
726.71625 721.29260
553.96564 485.43964
601.70441 834.87567
545.93481 543.39148
579.07959 593.49023
565.16577 853.48547
652.84131 777.82532
627.45679 652.11438
629.01184 809.49585
682.64539 646.53253
650.87256 675.38348
701.36627 683.64880
571.90234 882.99902
592.81055 604.73621
667.48901 797.85510
638.64954 830.12360
673.76025 743.94678
746.00677 689.59027
698.52014 749.10919
748.94794 707.20331
670.26501 702.13947
575.81940 569.31305
579.97229 647.41693
594.13135 649.81445
570.64966 632.74548
590.76257 460.77557
629.16711 442.81885
663.16669 437.91983
689.79932 440.87427
706.41486 450.13477
713.47980 487.94794
774.10638 547.08142
697.83716 524.48138
675.90417 533.86401
645.64209 535.79980
616.82166 532.03278
594.92755 525.89789
579.96277 519.50806
768.43005 542.59631
593.60699 654.45361
563.40637 579.53375
564.20447 651.69818
551.12225 663.35492
563.48584 654.76141
587.41547 660.68689
546.98505 666.48608
543.56232 670.38422
579.69244 501.22598
568.51239 507.70978
562.35211 513.17322
683.83295 478.38629
699.87000 468.44098
386.07721 481.05817
409.96860 481.18655
386.54883 458.72903
361.71344 480.99084
385.35223 503.56940
637.80103 483.29150
661.91901 482.75964
637.07727 462.34448
613.87628 483.59491
638.67102 504.16367
