510.77145 679.29932
509.90991 600.77313
511.58685 628.77399
489.89838 533.66052
509.64453 578.25848
510.12469 551.64215
512.12195 488.89377
345.96625 494.42203
512.93506 431.93048
513.14459 402.32025
513.10217 318.51559
511.09280 686.65149
511.36542 694.46216
511.99683 700.13403
512.04681 723.06860
512.47083 733.04425
512.91748 745.84912
513.49426 759.02686
513.54559 790.05505
510.51755 614.15240
489.91736 615.77771
251.43793 420.99982
409.91730 513.91504
386.06848 515.48456
363.66876 513.39014
334.85870 501.93585
430.59784 508.09152
375.51138 442.94824
402.97711 444.88992
350.22269 448.93091
333.83136 460.14203
312.59402 514.95746
416.92474 817.47302
337.51892 488.98618
241.23129 511.24844
284.51987 499.19720
389.57062 594.89185
484.06793 676.44312
488.62604 695.04999
458.73868 687.81940
442.67535 699.58435
469.99017 699.95587
455.81052 706.54651
400.54001 740.68402
489.51071 600.40131
485.78772 579.06317
299.11279 438.95752
439.74518 541.13129
435.37842 601.05151
433.71280 590.89838
317.20953 594.55042
487.59332 554.26599
354.52136 406.93607
322.30545 418.95148
273.47278 380.21945
457.96912 422.58408
426.95132 455.58990
383.82773 716.83954
272.80139 719.58789
454.63205 613.32343
474.25793 620.25629
426.72949 719.69153
433.66306 719.18848
308.32629 405.29132
435.25980 612.58545
398.12079 405.34802
393.69238 387.14294
370.39066 327.34247
288.70584 392.63812
383.27673 358.84076
283.45294 429.32404
266.68045 426.67688
485.67450 686.45599
464.06409 694.28235
448.77820 703.15442
460.79883 618.01837
430.34647 719.51843
438.44244 724.96118
436.77084 718.83667
465.48517 603.02930
461.29730 708.27417
474.73691 703.18494
491.57831 700.06311
478.19632 786.67566
484.02466 756.19232
485.15948 743.22760
487.70609 730.90021
490.88208 722.02655
460.29700 720.86377
454.51239 724.84100
447.95963 730.73273
442.57062 737.75214
409.63254 672.92456
245.87888 611.81061
511.09253 621.09711
449.94131 720.22943
444.30069 722.26654
481.00552 629.13470
444.27972 626.85522
477.87051 624.81860
413.32657 554.43994
372.79391 568.57593
430.18625 602.15009
310.54230 347.82831
325.10455 368.85349
345.23679 389.99078
418.91449 758.08636
450.26956 391.27179
444.20599 358.99301
435.81104 319.20206
345.39508 509.25592
285.08774 529.99371
444.60858 501.84167
310.22107 471.59647
457.29218 525.93054
449.41187 590.27344
258.94067 546.38733
301.87408 543.74707
333.02411 550.31360
379.33105 547.82660
413.58423 540.06415
439.40347 529.75653
489.02719 494.41953
263.82178 591.06677
290.02371 467.22049
498.64688 613.39142
441.62790 560.65015
236.11487 515.44659
458.45020 517.23907
428.41479 605.26849
325.46518 489.15112
448.63901 578.09595
255.48334 664.25360
445.59363 494.08734
467.43823 563.50787
317.12805 765.48511
319.07269 793.99091
245.21878 602.12091
290.86462 736.46155
253.46927 466.55298
410.61972 842.82318
501.89673 620.28442
419.44376 577.72125
263.26404 503.82281
367.29858 501.37634
386.44058 503.68402
432.89490 728.41315
270.22864 635.34430
456.67819 881.35504
381.28070 844.60669
351.56174 823.02698
513.19849 361.33456
513.62054 888.94769
406.26675 502.69299
425.45685 499.33337
438.56268 496.78940
271.60910 462.65976
423.77960 476.51614
402.87521 469.99133
382.45117 469.30756
362.67505 473.56351
350.23694 479.74213
239.53235 463.71735
354.69803 497.90186
512.06903 646.14209
432.48657 658.49042
454.18860 608.54095
478.06430 647.95227
512.65082 463.00314
346.13550 794.77661
376.93713 818.17480
455.64743 861.75403
294.99786 762.92426
438.76868 487.06296
472.70325 527.71698
513.23438 869.43506
414.78003 864.95667
254.35056 650.57343
473.76984 721.28339
468.28940 727.74005
463.24707 737.22015
459.91653 748.62347
444.14807 774.47028
444.22726 713.20380
437.73169 711.82819
432.22574 709.89960
392.88708 692.72614
301.87634 643.78271
473.70892 508.49265
460.46387 471.16205
447.39517 476.32791
449.84335 713.68469
299.88681 700.37341
480.84534 467.26202
430.05756 794.39233
510.81714 530.17865
489.06549 514.95740
511.46371 510.19305
455.74387 561.68652
513.06970 843.03796
513.28107 814.08679
469.70062 809.31934
376.03424 748.70166
407.98343 623.85309
399.58112 774.45905
352.23926 621.18365
385.47601 646.21802
333.85669 658.31091
460.09497 836.38599
441.66205 575.95862
354.06714 767.20612
384.82986 793.34570
358.66132 718.97668
277.61243 673.92114
328.17029 724.04590
267.68338 695.77606
367.98645 676.08838
457.81607 543.97540
457.45901 599.09491
443.31012 607.41248
466.31503 583.21918
440.77951 446.24890
401.25916 430.64093
367.26501 429.69940
339.25076 437.61517
319.90228 451.29822
307.62469 493.96973
239.66199 556.08020
326.02655 523.48712
350.14642 529.18738
381.86594 530.18671
412.20798 525.98340
436.10715 518.36267
452.37137 510.29138
240.14212 563.72870
444.44199 614.76947
471.78339 545.12744
473.48398 598.30646
487.92856 610.83594
474.96118 603.35938
451.64771 622.42670
491.67413 612.29559
494.81723 618.98083
453.62946 493.64566
464.74088 496.70554
472.11725 498.74799
343.17743 484.53406
324.10779 473.01538
532.42389 534.46887
690.22998 495.41095
532.97449 616.19611
791.92163 432.36377
620.28571 513.21411
645.43744 516.16260
669.59131 515.50281
700.90411 503.90158
598.93286 506.03021
659.94452 440.40131
630.44391 442.24829
686.65991 446.58640
703.51965 458.53775
722.76892 519.72687
612.41675 823.82812
699.40906 489.43207
802.48450 523.76007
752.51062 504.77240
639.39124 599.93872
537.82312 676.62854
534.56653 695.15717
564.39301 688.33893
580.85535 700.31378
553.85504 700.02338
568.35944 706.64648
631.09131 746.30042
530.84155 601.07642
534.03070 579.94354
741.04199 435.26425
588.67743 543.92175
590.09802 603.87262
592.44507 593.69092
715.06458 603.02380
533.20728 555.06616
683.38159 400.94345
717.76208 413.31979
766.06049 389.97473
569.91370 419.82291
604.57733 453.01721
648.21130 722.65338
773.82611 733.37360
570.60278 615.36566
550.37274 621.47375
597.01801 720.29926
590.08514 719.51965
732.97668 399.24570
590.99823 615.51221
635.84167 401.00201
640.74817 382.11371
660.86133 332.70566
747.25061 402.53131
646.70868 364.27393
756.85986 427.22415
772.91510 437.80969
536.85333 686.60986
559.33331 694.62390
575.06683 703.53235
564.43903 619.83612
593.41693 719.98877
586.08362 725.94849
586.82709 719.03638
558.00238 604.45404
563.25171 707.96533
549.58423 703.01178
532.56732 700.17761
549.44019 788.76276
542.60779 757.60986
540.25409 744.34845
536.99054 731.63489
533.28064 722.47430
563.94415 721.36432
570.14764 725.90033
577.00452 732.39172
583.08118 739.99927
619.07715 677.15344
803.50897 626.01904
574.08667 720.63385
579.93781 722.91571
543.60706 630.15930
582.70099 629.60181
546.71033 625.93860
615.67395 558.29730
657.15900 574.39240
596.72076 605.26978
725.14246 355.59381
707.58386 377.08060
693.52960 383.44003
611.35388 763.29285
579.16016 387.53040
583.84955 361.73618
592.44135 322.02997
689.42114 511.92389
749.35297 537.50769
584.48401 499.15363
727.42969 471.33331
570.49335 528.03857
574.26257 592.51471
779.28040 558.00165
731.81622 551.55640
699.17297 557.23132
650.83716 551.65222
614.95428 541.16992
588.05078 529.29218
536.14990 495.39871
773.85175 602.62531
748.04425 468.85245
522.59491 613.74066
585.89178 563.28369
812.14502 528.66498
568.06366 515.85583
599.43555 608.48718
710.78162 490.13495
575.85059 580.34546
792.95056 678.45911
584.18378 491.16998
554.97791 565.10339
720.23395 777.23669
721.21460 806.85345
798.76672 615.31512
749.09991 748.79932
788.49286 478.19208
619.15771 850.15735
520.43097 620.45215
608.84039 581.33685
774.83234 511.14978
666.68274 502.54474
646.02277 503.93115
591.96155 729.61127
768.11725 646.99683
571.52179 885.37640
652.66748 853.99078
685.63550 834.33435
625.07996 501.62518
604.82898 497.01636
591.14154 494.05981
767.13196 466.33044
609.03021 475.28577
631.51672 469.36920
653.09875 469.28064
673.90155 473.85394
686.49451 480.22565
806.39807 476.02283
680.58032 499.23120
595.07837 661.65717
570.65442 610.59717
547.20691 649.22662
688.67755 805.59503
655.87378 827.81360
571.49805 865.76971
748.55066 776.20245
592.03198 484.67963
552.47375 529.16718
615.89703 871.95557
789.40155 663.89075
550.37848 721.79260
556.28119 728.83942
561.94751 738.96381
566.65698 750.98608
584.56403 778.39948
579.79840 713.17969
586.04865 712.09808
591.59875 710.48889
637.50293 697.86572
732.93359 653.50977
552.83325 510.06970
567.24774 468.58569
581.87549 473.56573
574.50836 713.40662
736.70850 711.03876
544.08289 465.24457
599.16565 799.61072
534.62317 515.79138
569.51312 563.86169
557.66779 812.12781
655.90283 756.23340
620.50562 627.95306
631.37830 781.21204
678.17694 628.13525
643.72900 651.55182
698.36316 666.53674
566.70465 839.88324
585.14783 578.45685
679.15057 776.57178
646.94025 801.70001
673.73242 726.66669
761.02795 685.62421
706.18579 733.75195
774.92694 708.86359
662.85791 682.53198
568.56616 546.09137
565.85278 600.90649
581.78345 609.93445
555.28619 584.80835
588.95593 443.55640
631.70294 427.56952
668.55457 426.32330
698.16992 434.39484
718.41064 448.65356
728.85956 496.88629
804.19165 569.03857
708.82477 528.28534
683.07666 533.49890
649.19385 532.41571
617.13177 526.00012
592.25598 516.97479
575.10748 508.20386
809.10529 577.38135
581.11340 617.26501
551.77832 546.57751
548.08392 599.54340
534.33411 611.49786
547.59192 604.47662
574.39410 624.64355
530.00665 612.83038
527.78558 619.33575
575.07037 490.54437
561.93420 494.15112
553.27039 496.72284
693.68488 485.06976
712.92517 472.56424
390.23987 484.20248
419.54013 483.46741
388.89841 459.15106
360.59622 484.99475
391.41183 508.89233
645.26727 484.51981
673.28510 485.92505
646.65576 461.26782
617.39221 482.90912
643.86920 507.87210
