515.21436 715.39026
518.85718 635.22662
517.34442 654.01727
497.41998 558.88654
519.18036 612.27271
518.85223 581.37061
517.19135 505.21313
341.11380 497.81366
516.69104 446.21582
516.80585 414.89746
516.19324 299.55505
515.04785 720.70972
514.50781 725.05542
514.08270 727.90894
513.99164 728.18970
514.04236 735.86176
513.84222 744.84271
513.33392 754.20331
515.52344 786.70343
518.36987 645.89258
495.15372 643.73517
242.94714 404.04712
408.54797 519.84119
384.17969 521.95447
360.96570 520.02325
331.14554 505.09073
429.34900 514.28333
374.22229 448.69580
402.91321 451.55832
348.28128 453.90503
331.56244 464.21320
310.36273 518.31720
426.78967 817.48914
332.75467 489.95264
236.42612 503.07742
282.40515 501.71176
390.33578 608.88318
484.36581 711.02643
485.26419 723.05530
455.37003 713.24176
433.45709 714.20844
460.12140 721.39777
439.29688 719.69800
401.06009 737.18604
498.60452 634.32874
495.75668 612.27167
300.34940 448.50629
441.78247 553.96252
440.02454 624.00696
437.99878 611.42181
315.07294 603.72339
496.47324 583.57050
361.17914 426.06277
325.77960 432.80319
266.50592 363.90219
466.40973 449.56555
427.07581 463.13007
381.48062 714.07391
269.33112 709.67413
458.15680 636.77228
478.07693 643.52496
400.82550 714.02460
406.32391 715.59943
312.92993 418.33942
438.10144 632.18152
407.67218 430.04449
404.41519 411.68414
369.70001 310.54044
285.47034 387.80505
385.60034 355.88501
285.42712 437.07147
260.80243 419.90619
484.43735 717.87463
457.54932 717.44495
436.11603 716.87897
463.61694 640.38684
403.63690 714.81207
417.71552 721.41571
409.28406 716.41138
471.24905 631.58527
442.07147 721.99390
462.73816 724.24249
486.76468 726.25415
481.40973 785.28394
482.03757 751.84961
482.85144 742.32642
484.39621 733.56464
486.48340 726.39539
441.78955 721.66748
437.97098 724.18298
433.86487 728.12439
430.73569 732.97845
410.12952 684.75671
238.53665 599.74121
517.84845 649.86102
425.97592 719.45807
421.82660 720.21600
485.65900 651.90222
445.74744 643.97864
482.10535 647.75903
414.91464 566.11206
373.54639 579.88361
433.08347 620.20282
306.91470 331.74561
325.18604 365.14395
353.68323 408.14755
421.97751 756.31836
460.36346 419.15149
447.09473 354.94373
437.25266 300.92551
341.66718 514.76886
283.67712 533.49786
443.26630 508.99033
308.78369 475.73956
459.68625 539.84332
455.70853 617.38440
258.00305 546.97998
300.46674 549.90973
331.84406 559.08392
377.95245 557.16467
412.06927 548.98975
437.41132 539.31073
493.38101 510.62350
261.85205 593.51666
289.57251 472.26910
506.27576 644.99182
444.26025 576.24921
227.96841 498.46719
456.94809 528.33484
429.92178 620.29034
322.19846 491.20972
454.13382 602.12848
250.12973 654.00836
444.08661 500.97610
474.96478 590.64032
325.22308 762.16626
328.95349 785.64319
242.22812 598.25629
292.84442 733.10785
247.66144 458.21082
424.36285 837.35095
508.38849 648.95660
421.06619 591.64099
260.19513 504.43277
364.07581 507.86255
384.60889 509.79047
414.23083 723.18280
266.90628 638.34363
467.03180 865.21643
398.15381 834.87085
367.16843 814.52551
516.37805 356.29187
514.09473 868.97852
405.12878 507.78369
424.82108 504.26382
437.83627 502.78326
271.26904 465.84460
421.33875 477.33856
399.98840 466.96317
378.10544 465.16818
357.02280 470.30530
344.56049 478.27133
231.47464 446.36810
350.32800 503.31345
517.29730 671.90057
435.89905 675.10516
458.67584 633.86188
483.06177 671.90442
516.60297 475.45673
359.54373 791.27222
391.48792 814.02594
465.67361 853.58148
297.10165 753.52069
436.88657 491.96906
477.58014 547.26685
515.44519 856.79700
430.20334 852.82056
251.85124 647.43280
462.36395 724.01868
458.64700 729.11572
455.84280 735.82568
454.02377 744.18024
448.10782 773.21045
421.97519 717.64056
418.37219 715.77441
415.74176 714.08844
390.30426 697.59625
297.03430 651.10107
476.95782 523.60724
461.86462 483.70270
446.67911 484.81622
426.24438 719.63739
298.30371 702.82037
483.69794 484.48181
436.56372 794.98572
518.30176 555.60590
495.26379 536.11835
517.75873 531.56018
460.23447 582.28741
515.84973 837.30634
515.71570 810.96844
474.60025 809.14258
381.64691 748.68213
408.93671 637.44202
407.16522 774.73755
349.87830 633.85254
384.75775 658.44873
329.81683 667.56635
467.75607 834.73694
444.89481 593.72736
364.01318 766.94647
395.97549 793.01019
360.36365 720.13287
275.10760 675.81482
331.23090 725.74200
266.52411 692.50983
364.94479 683.06195
461.46442 561.56720
463.75665 627.86481
447.92313 631.78284
474.55716 614.01929
444.45035 462.21881
405.31512 445.53333
369.63629 441.96381
340.16342 446.95251
319.31931 458.16614
305.41925 496.46863
236.19196 550.43018
323.76215 528.66077
348.43805 536.36749
380.49326 537.68030
410.83008 533.06165
434.39459 526.00391
450.82770 519.22858
231.67352 548.46246
447.66354 636.47656
478.07816 568.48901
481.37860 630.29181
493.88718 640.76947
481.08487 633.35175
453.73169 642.28662
498.67966 643.26788
500.71725 647.23749
452.05188 501.95410
463.91214 507.32315
471.87598 511.56802
337.98016 484.43951
321.78531 476.38904
538.66553 558.73657
684.74896 494.68182
539.52881 643.65442
769.25586 405.27283
615.35992 516.95892
638.83020 519.29327
661.55872 517.92163
692.18555 501.16885
596.08508 511.17175
655.60828 448.80841
627.07605 451.12787
680.05408 453.56491
694.73877 462.76361
708.95068 515.24042
602.42615 815.67078
693.28180 485.39691
776.02441 503.76007
735.78790 497.17374
638.00421 608.60516
545.98364 711.46594
543.44275 723.26294
573.35724 713.78583
593.21265 714.47278
567.57440 721.74493
587.12653 719.82617
628.10291 736.41028
538.69733 634.20599
542.15472 612.05634
725.59991 448.63266
587.08246 553.77930
592.48633 623.84003
593.80457 611.20490
709.49030 603.36719
540.66064 583.39050
673.78064 429.82843
705.11127 435.35913
750.42310 365.68661
570.93915 449.68036
602.58929 461.85010
647.67078 713.49268
739.67810 707.71863
574.11597 636.80347
555.26331 643.64185
623.13409 713.05420
617.74121 714.73730
717.56055 421.24341
593.29810 632.13031
630.42877 432.40112
635.31165 415.37811
658.19763 312.37466
735.94550 388.94812
644.40100 357.02545
739.07867 436.80856
756.28900 420.83957
545.29218 718.21368
570.74292 717.97217
590.57941 717.04688
568.62067 640.47070
620.36554 713.90417
606.78430 720.52496
614.88849 715.63605
563.06689 631.52814
584.01709 722.11664
564.39642 724.53656
541.30444 726.44067
549.25775 785.12976
544.56201 751.55499
544.46448 742.12750
543.41516 733.54681
541.43036 726.43335
584.09637 721.63312
587.98883 723.83655
591.35699 727.25940
593.68292 731.71814
620.58960 684.56171
766.95923 599.15741
599.03137 719.16791
603.11975 719.63379
548.24799 652.17572
585.23395 644.18988
551.50830 648.01648
612.76715 565.90472
653.57837 579.67542
597.81360 620.05676
715.80438 333.77631
700.71130 366.56073
682.57983 412.76434
607.59851 755.47583
579.74237 421.79913
584.95764 355.64282
593.82764 301.97858
680.98730 512.27429
732.29822 530.05829
583.64362 505.95679
714.81158 472.91248
570.47260 539.61206
578.54749 617.24158
759.75940 546.97614
715.70734 548.37573
685.58881 558.47363
641.37280 555.46381
609.53577 546.14709
586.77930 536.62354
540.04834 510.55682
756.56787 593.29504
732.54498 469.46234
530.18207 644.91223
585.35236 576.09497
778.89270 499.00555
569.78027 526.23083
599.62408 620.21216
701.72095 486.39600
579.16260 601.96155
756.51178 652.74756
583.82800 497.75162
560.57056 590.39197
695.92456 759.76318
688.62579 782.26154
769.79504 597.78357
724.69104 731.29352
766.84448 459.13202
603.62152 835.09570
527.12598 648.89813
607.50482 591.47607
755.05835 498.02121
661.01172 506.41504
640.33215 508.09479
609.73950 722.03271
751.22430 637.83252
560.24188 863.73059
625.32410 831.17029
654.04279 810.60022
620.39191 505.80698
601.39227 501.72797
589.35828 499.85736
748.42194 462.40173
605.76691 475.38409
627.16577 465.70596
649.70410 464.18799
670.49713 468.63391
682.34717 475.49496
777.79236 447.29111
675.14929 501.20917
596.09314 675.13739
574.07007 633.86963
551.31537 672.16418
663.90533 788.47717
634.21204 811.22717
564.25824 852.36029
716.10919 750.90625
590.67987 489.19946
555.68982 547.07391
595.52710 849.97864
760.41223 646.58899
564.68219 724.11792
568.39783 728.93652
570.58875 735.22412
571.81531 743.25726
582.01465 772.51447
603.26764 717.31342
606.70691 715.34174
609.30737 713.72351
639.46313 697.23315
725.46106 650.51019
554.81592 523.54553
569.02527 481.85767
582.42432 482.57437
598.99518 719.42297
722.60455 701.51227
549.06372 483.58026
593.20496 793.66425
539.54980 535.96405
571.97504 582.24066
556.34387 808.48560
645.99011 747.25830
619.96808 637.09821
621.36542 773.12354
677.35022 633.33032
644.05701 657.97620
695.88306 666.75226
563.24274 833.83032
585.47437 593.59814
661.69568 764.73645
631.56464 790.73657
667.14978 719.07074
742.99963 674.94940
693.14563 724.14917
747.31567 691.21313
663.46265 682.46375
569.79211 561.42841
570.73602 627.71661
584.80969 631.70300
561.53589 613.78229
588.44861 460.71201
628.02570 445.74179
662.63928 443.34149
689.71509 447.82816
707.14941 457.53156
715.85913 492.29831
775.72131 550.51019
695.97925 526.38055
671.83350 534.67200
640.74402 535.18365
611.80750 529.72327
590.35645 522.69019
575.63177 516.29187
773.58350 548.45728
584.26245 636.44171
556.32678 568.26819
554.66504 630.11578
541.41772 640.60052
554.04657 633.27649
577.97919 642.32971
537.34814 643.10077
534.26025 647.11749
576.11340 499.07266
564.46875 504.84412
557.15356 510.10846
688.55072 480.78369
702.79163 473.19257
386.56207 484.17773
415.09229 483.73785
386.39435 457.03101
357.70108 484.60437
386.65131 511.43750
638.24475 481.52390
667.22974 482.61328
638.98425 455.38477
609.13812 480.17755
637.52832 507.78433
