520.87378 737.32318
505.14569 680.15662
507.65485 695.44189
487.23761 582.96417
505.57193 652.65930
507.26004 613.63940
512.20203 518.59229
343.48145 496.50598
513.70862 470.64450
514.25745 439.49426
519.15021 286.57803
520.07544 746.52234
518.78210 756.27307
517.50494 762.63696
517.26416 762.91272
516.63245 773.93579
515.57257 786.75085
513.97504 800.20618
507.10037 836.77063
505.68777 691.83527
476.89093 685.42316
243.01581 388.52557
412.27533 514.36255
389.77966 516.69006
366.23712 516.57538
332.65936 503.65576
430.10028 509.93433
370.18124 462.24481
396.66934 464.08978
346.10483 465.48209
330.67511 472.56689
312.60931 517.06213
404.78018 888.65723
333.02094 490.93649
231.46329 503.06665
280.57312 501.03781
377.73022 626.58807
479.49942 729.94397
480.58990 752.54590
439.05374 731.63678
412.54410 734.10577
448.26794 748.34546
423.86411 745.11749
378.83356 776.27386
481.97617 678.13367
479.99496 651.06110
294.36292 457.29089
437.45569 565.09509
418.21802 652.10693
418.85645 635.55420
302.22736 614.46118
483.48486 614.97473
352.34592 439.26105
318.14606 445.01050
267.94312 347.70596
461.84406 459.56024
419.79605 471.52112
354.82047 749.14655
248.32938 756.88837
436.19928 669.26508
457.73288 678.85461
378.93277 737.68445
386.10757 739.44501
303.33011 430.05310
415.20654 658.82263
399.67816 442.48022
393.99994 424.41211
372.10568 295.93295
287.02057 385.17548
388.42355 356.46252
277.68201 444.71674
260.17242 416.04547
479.26535 741.91064
443.54419 740.32727
417.91809 739.58746
441.48544 672.84839
382.61011 738.58813
398.11084 749.37769
390.00848 740.40955
451.94690 670.01404
428.28729 749.22961
452.74176 753.99725
482.87259 759.20496
469.94733 833.98627
474.10822 796.38818
476.68051 782.66992
479.98230 769.97522
483.16476 759.94678
428.31635 750.12732
423.12656 754.58319
416.58664 760.97791
411.37692 768.53906
385.27020 718.00793
231.15790 618.68097
506.46213 694.77423
410.34409 745.58331
404.52493 747.12518
467.84592 689.06171
423.10327 671.64807
462.83008 684.18256
410.84656 576.24994
367.16504 589.46851
413.00790 643.75952
309.52454 315.79987
328.64078 364.32797
342.33142 421.27960
402.82031 800.00787
452.75851 431.03235
448.65115 354.63593
439.25562 286.90527
345.43805 512.16077
286.98663 531.27960
440.90753 505.71432
306.11829 479.88385
455.67093 551.67975
436.69562 650.42517
250.12396 551.63336
307.04944 548.61707
340.34323 559.30084
386.76532 556.97577
419.42639 548.18134
442.50800 539.20355
488.06876 523.72693
248.55447 604.18231
284.86688 475.96887
490.66858 690.07318
434.49103 592.74976
227.19693 495.47583
460.23254 529.52252
411.32159 641.72198
321.93649 491.80676
437.67944 629.94495
236.62106 686.60260
437.50211 498.12411
460.73578 620.66473
290.82495 820.94550
296.93478 856.49982
229.19757 615.26532
260.40903 783.61426
245.11548 454.17352
398.00504 921.67981
493.84546 693.02057
410.00262 607.92096
258.24072 502.44193
368.67957 503.14612
388.76132 503.71384
392.62119 752.28046
246.33646 659.90338
447.30002 962.30206
369.03632 923.59540
335.42096 896.03925
517.01984 356.64767
503.32599 968.64954
407.00961 501.69122
423.30972 499.02167
433.25577 498.45859
264.73248 468.23315
415.83456 485.02032
395.60370 480.01547
376.16400 479.23108
357.00677 481.72873
345.23917 485.60107
230.69882 434.59143
354.28268 500.19287
508.42023 712.12610
413.56152 708.41974
437.13837 667.66663
467.02219 709.25830
513.52545 491.57730
327.16699 859.85138
361.28986 891.78296
445.57486 941.04700
269.27612 813.48047
430.32965 492.82324
469.96082 565.35211
503.01779 947.22302
404.57489 946.75238
232.88153 676.11194
453.36404 755.15680
448.22473 762.86743
443.39972 772.97766
439.66711 785.42456
432.29355 820.26550
404.10785 742.03534
398.22577 738.94196
393.40106 735.85956
363.32715 730.87103
274.31931 673.58453
472.67459 536.37347
458.64511 486.28210
440.98157 486.78421
410.39218 745.08820
267.43619 740.64337
483.05823 489.99149
418.38943 853.69983
509.00552 580.33582
487.49493 554.10297
510.60394 549.78607
448.76300 604.86945
503.77951 914.23401
505.41916 873.27209
460.87585 869.99731
357.36618 794.48376
389.72153 660.75171
385.88596 828.28217
331.29187 654.13269
363.89233 685.38208
304.68069 694.41608
450.45535 909.16534
431.42468 614.48303
335.59131 822.34106
370.32318 857.99713
332.90900 758.35852
248.68143 707.96442
300.03284 768.15552
241.20236 732.69843
339.14008 712.82184
453.09088 579.05890
444.01038 664.89630
425.54062 663.22937
457.00906 650.94879
438.77908 469.50516
398.86279 457.06482
364.21677 454.37537
335.26773 457.84802
315.66602 466.28119
304.04565 496.88831
227.72852 558.31030
328.17358 527.33801
354.42981 534.99817
387.14838 534.97131
416.12454 529.74872
437.44391 523.54163
452.20612 518.03210
229.27310 556.00793
424.79181 666.35938
467.58325 592.33893
462.53339 671.77698
475.82657 683.69879
462.30887 674.48206
431.01654 672.19104
481.58228 687.42346
484.02219 690.04266
447.27463 500.17502
463.39697 507.54282
473.25998 514.21710
338.33752 488.69354
320.82443 480.70847
531.30194 583.82263
688.60828 500.16724
537.90900 686.92023
811.24170 399.50183
619.43591 517.03198
643.75208 518.90997
668.08087 519.06598
700.72870 508.69189
599.09711 512.14636
654.84955 463.90497
627.35028 465.08691
680.32294 467.75891
697.01733 475.47903
724.82574 524.09735
607.86975 895.05493
698.08179 496.00568
817.06592 516.34985
756.45776 510.81473
648.01337 632.52509
563.04700 732.13147
557.13696 754.65088
601.68219 735.57593
625.39880 739.16815
588.61346 752.00293
611.81958 749.67896
647.76471 782.81244
529.05646 679.30603
532.01575 652.15381
735.50586 461.82120
590.08124 568.01910
601.62885 655.66846
602.45612 638.92950
726.80402 624.12744
531.55078 615.81122
670.80286 439.27399
707.85559 447.14752
782.70764 356.77057
559.91724 456.61389
603.74622 472.29114
674.36536 756.67023
795.37738 773.61627
583.07751 672.18433
560.22998 680.86011
654.84839 744.18866
647.65515 745.50104
723.14673 433.85437
605.60901 662.55444
622.01038 440.53088
626.83514 423.47751
670.76282 300.59256
756.76123 393.88470
648.60504 360.69290
753.29669 452.44757
786.74164 426.76758
561.13287 744.17297
595.41284 744.31561
619.00977 744.41547
577.57837 675.56256
651.16797 744.84863
634.42828 754.72876
643.73474 746.26270
564.22211 672.41656
605.73218 753.56482
582.01801 757.38141
552.54773 761.07062
545.62512 836.36285
553.64606 798.00513
553.89203 784.30603
552.98755 771.63239
551.38971 761.57513
604.82990 754.04919
609.58618 758.75385
614.83002 765.27081
618.40991 772.89270
639.93835 723.74915
821.10742 634.96954
622.72083 750.39465
628.49695 752.23615
549.66895 690.80005
598.09851 675.14294
554.85083 686.06561
616.88684 580.37231
660.83624 595.82532
609.21631 647.48975
737.29694 322.72342
711.62964 371.04733
680.50110 422.78589
619.83331 805.75305
567.78345 428.68518
586.61511 356.90884
601.00397 289.53296
688.66028 515.87744
753.57617 540.04126
585.91400 507.28198
725.21814 485.20435
571.63702 553.79736
580.40149 653.44373
789.08472 564.46332
734.14642 555.37878
699.98224 563.43427
650.90259 559.15948
615.67749 549.35846
589.67456 539.36005
537.19537 524.59540
787.22729 617.41632
748.05396 483.93491
521.19733 690.90820
590.70209 595.79608
829.17126 509.18390
569.85223 528.29114
612.45996 645.56244
709.80499 497.02271
581.45825 632.64667
812.34607 703.50128
587.15521 500.07208
556.07123 622.48083
736.86804 834.49744
733.06195 871.35413
814.39478 630.51904
772.02728 798.43835
803.11890 465.89160
612.80408 928.92908
519.37756 693.63898
615.52563 612.09998
781.22241 514.59070
664.21259 504.89197
643.63483 505.74359
639.21021 757.89648
788.22461 673.93329
560.15009 966.19836
647.40131 932.97668
687.49805 908.15991
623.87860 504.50439
605.22290 501.99060
593.14197 501.01782
769.19806 479.29648
608.58588 488.79510
629.09778 485.12531
649.66919 485.04675
670.07513 487.71289
683.11725 491.22882
825.10449 446.72369
678.34833 502.73370
609.16949 712.55042
581.39532 670.64423
551.85297 711.27069
694.73157 871.51202
655.43854 901.57812
561.44611 945.09723
767.41736 829.33179
594.12366 495.33441
553.01416 566.94031
606.25232 953.48010
808.31531 691.99402
580.62787 758.09412
584.54510 765.83319
587.62140 775.93274
589.03571 788.31921
586.38477 824.59399
630.94031 747.28278
637.21271 744.53735
642.66669 741.72668
664.56836 737.87506
755.59589 685.58423
553.64185 537.97247
565.99146 486.04626
582.71088 487.56732
623.72638 750.08472
763.25208 753.95056
542.27661 487.75348
597.43384 859.10571
534.29840 554.94550
572.80145 607.41290
551.29413 872.89948
666.98871 802.85449
634.94189 665.77228
634.22424 835.22913
694.92035 662.69983
661.92706 692.27637
722.66821 704.89777
558.13464 912.77271
591.84613 617.41180
687.14044 832.48193
647.77216 866.42285
694.33997 767.77716
785.27991 722.31653
727.33411 779.90955
796.61359 748.43268
688.78522 721.25873
570.99377 581.40625
572.10040 667.60101
593.47998 666.59088
557.24817 653.09595
583.84796 468.27240
624.20587 456.30389
660.47717 454.63916
690.97607 459.60138
712.80493 469.47345
730.34021 504.21265
818.12976 572.83215
709.54736 532.92267
683.18121 538.77869
648.80975 537.65710
617.25519 532.04437
593.26685 525.17792
576.59583 518.60010
825.60699 570.92139
594.91040 669.73431
552.10193 593.96655
550.63202 673.87067
538.06018 685.46893
552.25476 676.77069
589.05786 675.27344
531.17206 688.78534
529.98547 691.17316
577.46851 500.90036
563.27820 507.22131
554.47900 512.18445
691.38196 493.94681
708.80444 484.87094
381.67276 489.80496
405.71310 489.83160
381.33960 470.83057
357.44287 489.82220
381.85349 508.93829
647.42102 491.47256
673.89874 491.69537
646.96014 472.82147
621.12518 491.03430
648.12329 509.88519
