520.13623 719.54834
525.17242 649.92682
521.89819 668.68622
501.61346 566.70197
525.38037 625.09473
524.12976 591.48602
520.12402 509.96555
343.30554 493.43109
519.01050 455.90039
519.11713 425.39716
517.79907 291.16650
520.33960 728.06580
520.16003 736.35040
519.91205 741.75128
520.22314 741.21570
520.69354 750.98663
520.92181 762.60931
520.92078 775.41125
520.81824 804.05945
524.32880 661.33417
497.93533 658.86456
255.28412 392.85828
411.25952 516.09546
388.11517 517.85986
365.00751 516.84399
333.74265 500.49713
430.65353 512.18781
374.86606 450.32831
402.84662 454.67126
349.55609 453.08569
333.45963 461.30435
314.03229 515.29254
425.96637 850.62817
334.23828 485.03815
237.43887 501.25885
286.59100 497.02060
392.03458 616.49329
488.28336 715.65723
490.88235 735.74902
457.59894 723.01935
436.39758 729.70209
465.69391 736.18945
445.30963 737.15338
400.00620 762.38202
504.24820 649.16022
501.17752 625.04413
302.72842 443.87619
444.59097 556.97253
440.46414 635.43634
438.05554 621.38855
315.60107 610.96515
501.33908 593.76099
359.60294 427.72714
326.07953 430.86676
281.74890 352.50775
463.61099 456.48105
426.41245 466.12604
378.35239 739.31305
250.06915 730.18811
458.94977 649.79541
479.49850 657.13184
409.10815 738.82715
414.65051 739.04462
314.41833 416.07956
437.61035 644.00665
404.28854 435.26617
400.88895 417.91232
379.68533 301.68170
299.95309 382.97205
396.00366 355.00262
288.51910 432.40894
271.77481 413.86841
489.16507 726.78162
461.60049 730.02765
440.75473 733.48053
464.26038 653.54114
411.93921 738.93274
424.90839 744.37762
417.86536 739.21490
473.61133 645.74786
448.68948 740.00757
468.95572 740.38257
492.70096 741.13086
487.25409 803.12823
488.51651 774.21436
489.51932 761.20264
490.96420 749.77808
493.12878 740.65887
448.89450 740.08771
444.57175 744.13696
439.99780 749.90155
436.38586 757.00934
409.17944 702.10205
226.41934 605.19922
523.18549 665.29358
433.94589 739.88190
429.58844 741.81647
488.08643 666.16394
445.13806 656.85840
483.98557 661.82703
418.15488 569.18707
376.86154 584.18439
432.61227 630.54254
321.26721 321.50632
339.71356 362.32031
352.17413 410.16583
423.54483 779.44244
457.00287 428.97046
453.42194 353.79489
443.00046 292.56116
344.84439 511.05429
288.60388 530.64789
443.39636 508.26010
311.41083 470.51694
462.64484 543.01917
457.81824 629.88843
256.17798 549.02887
305.18024 549.03070
336.70837 559.76978
383.36148 556.69092
416.54544 547.70984
440.59280 538.88318
496.53488 515.27875
256.77496 600.05017
292.65436 467.45496
511.23019 660.37280
445.92584 582.03687
228.81967 494.69397
459.36377 529.48694
429.24918 630.40704
324.24847 485.43399
455.67819 612.69702
233.64169 666.42682
442.45120 500.61633
478.43274 600.89844
309.62665 793.57129
311.31726 820.98730
231.46402 604.95148
274.77484 759.12048
253.87256 453.34409
421.47284 877.07532
512.68353 664.33759
422.67380 598.09637
265.84921 498.93103
367.38501 503.83923
387.84692 505.56702
420.89777 747.76544
257.99857 650.07617
468.86761 909.51123
390.66870 877.80481
354.75085 855.04657
518.80151 354.61523
520.07983 913.10193
406.95398 504.04553
425.05774 501.68872
436.97150 501.34100
274.92642 460.93985
420.70709 479.95862
399.92892 470.45508
378.80273 468.18509
358.35654 471.20044
346.22345 476.73724
238.89603 437.94690
353.22211 499.22287
521.68207 684.92511
435.42706 690.10681
459.80292 646.96741
485.92160 685.08972
519.03906 481.00885
348.27090 826.62006
383.21796 852.75958
467.69983 892.91956
277.46368 781.86316
435.61011 492.94269
480.94238 553.07056
520.85669 896.61707
427.58163 896.92078
236.74518 659.98492
469.21008 740.12610
464.91803 747.16815
461.90442 756.16248
459.81186 767.55371
452.33362 793.86737
429.04004 737.93835
424.47119 736.31323
420.75287 734.51849
388.28793 718.65576
291.05884 664.21967
480.07776 527.57166
461.58707 486.92310
445.85831 486.68176
433.84790 739.62891
286.53583 723.51489
484.42279 489.41165
437.40112 822.20728
522.69305 563.46484
498.91000 542.15082
521.41510 537.55072
462.37817 590.24347
521.10242 870.49426
520.86676 836.07074
478.59662 834.53522
377.71222 775.71362
408.15131 648.57336
405.33102 802.94507
349.56250 644.40710
384.10291 672.11554
325.72079 682.88593
470.93466 867.31152
445.63104 601.75360
356.85352 797.15723
390.78729 826.24219
354.92099 744.72766
263.14288 692.82043
321.84961 750.44293
248.84048 711.48859
362.29877 701.53870
463.88364 567.21069
466.19885 641.66101
448.64987 644.25781
478.46866 627.19012
442.96674 466.25980
404.21753 448.87372
369.21191 443.16583
340.55429 445.42538
320.98718 454.28772
308.46701 491.13571
231.03522 552.42987
327.26437 526.32397
352.46411 535.02167
384.76196 535.26093
414.24945 530.34265
436.56195 524.55634
452.30673 519.33789
226.03473 548.92175
447.78445 649.10266
481.57642 576.37799
485.33670 645.09998
497.13126 655.94629
484.28232 648.17786
453.72708 655.22058
502.76376 658.55115
504.08209 662.49652
451.21759 502.39758
464.81754 508.98599
473.75092 514.42676
339.46429 481.20895
323.97601 471.41000
543.00623 566.46838
690.26562 492.42078
547.43994 658.06683
755.35901 395.07611
619.87671 516.59583
643.85895 517.26788
667.38794 516.14966
698.84003 500.35754
600.05426 513.71375
660.16101 448.91492
630.20465 453.40540
686.37604 452.09387
702.32275 461.00842
716.35083 515.72302
610.63483 848.63739
699.59827 484.65494
771.23193 501.42477
740.38049 498.04559
641.74854 615.78210
551.66901 713.96893
548.86572 734.45557
582.21997 719.37408
602.50964 725.29797
573.42285 733.51300
592.93781 733.46710
633.03125 760.07556
545.38202 648.81866
548.32574 624.67041
731.24805 443.08121
590.08081 556.52130
600.56396 634.05145
601.41357 620.12585
712.10107 610.12317
546.05884 593.42072
677.99670 425.04333
710.71094 429.05258
736.32214 355.11963
570.76154 454.78485
605.10358 465.79785
653.12622 736.86237
752.66711 727.14368
582.56927 648.47180
562.91864 656.33142
627.99640 734.07812
622.41400 734.30115
721.08661 412.92999
601.57233 642.64093
632.48590 432.34369
636.28082 412.97375
650.53070 303.34451
724.45667 383.80499
637.52393 355.56271
741.79993 430.87106
746.39441 414.90411
550.92908 725.35358
577.94476 727.06128
597.89642 729.45459
576.78845 652.31921
625.14062 734.19885
612.84631 740.26569
619.20789 734.54108
571.29651 644.75464
588.90283 736.31482
569.44983 737.77783
546.58398 739.86017
553.23260 802.53314
552.26825 773.00110
551.05646 759.93835
549.28900 748.52234
546.55109 739.48059
588.80579 736.69897
593.70508 740.86957
598.48065 746.59521
602.25684 753.71802
626.34943 700.48218
770.67639 604.40839
603.16223 735.87219
608.05255 737.77631
554.80981 665.76050
593.16016 655.69513
558.75909 661.30835
614.94061 568.75763
655.01434 583.73053
605.44873 629.36023
703.56146 323.83563
689.78015 363.08667
684.84552 405.60538
611.81494 777.45471
578.70142 423.71289
582.49744 354.07785
590.59845 293.40549
687.48999 510.57932
739.34583 531.35577
587.35791 510.20615
721.72119 470.87366
573.45667 542.57208
586.04413 628.86853
760.97339 548.56067
725.96075 549.64264
697.51953 560.55865
651.84906 559.01154
617.37640 551.10132
592.62695 542.71179
542.76868 515.13678
761.37170 599.05994
737.36359 467.87817
537.06580 660.08832
590.26117 581.42175
770.58240 495.49493
574.28839 532.87866
606.90631 629.29968
708.50281 485.82993
586.33698 611.73071
765.06305 664.49707
587.96075 501.88708
566.53015 600.31451
711.32831 789.84735
705.63428 816.77197
776.18970 603.56396
740.00000 755.41620
758.98962 454.14343
614.39001 874.77844
533.51605 664.07336
611.97687 597.44983
757.13605 500.11401
665.62518 501.67545
644.59167 503.63184
617.00293 743.67926
759.26245 648.41992
569.36084 908.00745
639.12567 874.30054
669.80493 851.09515
624.50513 503.03766
605.33228 501.98932
593.21179 502.44482
750.29163 460.87540
610.32770 480.05301
631.98645 469.36371
654.76740 466.29865
676.50854 469.43729
688.91895 475.82635
765.47418 439.55896
680.21606 497.55829
602.67932 688.82477
582.60840 645.71588
556.68256 684.66516
678.03113 823.21179
647.52478 849.72626
572.20996 891.61121
731.97864 777.93079
595.06750 493.77905
559.38275 552.73920
607.08563 894.23383
770.54694 657.74774
569.53235 737.76038
574.27167 744.73871
577.61304 753.73956
580.15173 765.18634
585.64978 792.31573
608.56055 733.51642
613.17822 731.73334
617.20630 729.75995
644.93689 716.66571
732.40973 662.55701
557.56769 527.39417
570.37000 487.02484
584.91205 487.35367
603.37732 735.31738
733.88531 720.64423
549.79517 489.79590
599.27283 820.39429
543.06329 541.88580
577.63281 589.73132
561.49890 833.62970
653.09869 773.18518
626.72845 647.45404
628.13989 800.59247
681.79523 643.27008
649.59186 670.91504
702.82440 681.21954
569.47131 866.30902
592.01086 600.93915
672.16351 794.16095
641.60199 823.56958
674.56897 742.22308
753.57568 690.34320
703.66345 747.44421
760.38947 708.48132
669.29175 699.85980
574.28101 566.80310
578.70636 640.50085
593.21338 642.93433
568.49091 626.37372
589.67694 465.42853
630.62537 447.03394
667.51624 441.49133
696.56323 444.46872
714.93829 453.99643
721.62354 492.02902
776.86584 551.88654
704.47534 526.81555
679.92688 535.56866
647.60950 536.43799
617.35858 532.43329
594.72742 527.27405
579.19299 521.88135
771.18304 548.97791
592.61639 647.69147
561.18726 576.01044
562.31665 644.29004
549.44781 655.30914
562.12555 647.36804
586.00177 653.91833
544.79541 658.04199
541.55933 661.90527
579.52197 504.13095
567.05310 510.80646
560.08307 516.78625
695.33618 480.78391
710.47113 471.68530
385.08054 486.62732
409.60205 486.94214
385.83899 465.68292
360.15845 486.37793
384.17346 507.63730
642.80334 484.71277
670.14075 484.04907
641.90442 462.16229
615.23712 485.26935
643.83795 507.31100
