499.47668 750.78339
487.38617 640.99933
492.90570 668.49500
472.68268 554.56647
486.84601 613.77649
489.04285 578.96045
497.35071 496.19165
348.56644 491.70538
499.42838 442.81689
499.11935 410.74396
503.92041 281.35977
499.72284 759.20361
500.29175 766.53406
501.37317 771.26453
501.89429 771.62268
501.58295 783.37341
501.29633 797.88562
501.64285 813.75348
500.75824 840.20380
489.31741 655.25323
469.07419 655.09204
287.18665 405.64862
409.83484 506.91855
388.67593 510.91260
367.77710 512.42639
340.61954 501.96387
427.49884 500.50745
372.58136 447.34338
398.34955 447.38657
349.94592 453.48343
336.38867 463.44855
324.18677 518.82568
414.80536 884.47900
340.67938 486.61740
270.36838 514.71344
300.83337 503.59772
388.35538 622.24689
472.38177 743.73138
476.73178 765.03198
448.91473 751.88727
432.95441 761.38898
457.56573 766.35205
442.20538 769.33405
398.08472 791.70978
467.88470 640.25781
464.12518 614.44006
307.29575 450.31519
435.84772 554.95795
420.42981 633.96606
420.62756 620.03369
325.14886 621.38129
467.86627 582.05682
354.56903 423.97952
325.44830 433.53528
304.29169 359.84445
451.92438 435.81097
420.83673 454.71234
380.25031 766.79944
292.25122 762.17737
438.25244 649.03223
456.32401 657.13086
414.06384 777.17786
419.29065 776.52112
314.98755 419.37173
421.16327 645.77374
396.00287 422.64005
391.06192 403.55792
380.49725 298.54080
311.56708 385.28455
389.08334 347.57721
296.24103 439.57446
292.93588 421.27579
473.97885 756.27820
453.13489 760.06067
437.30679 765.70312
443.96603 653.88416
416.73450 776.88385
425.85687 780.63348
422.20145 776.12061
446.46014 640.21686
446.35211 771.79370
461.39679 770.02209
479.71362 770.03687
470.60803 837.85254
473.49005 812.16992
474.48575 795.97351
476.76855 781.68335
479.89462 770.48035
446.13330 772.05109
441.34125 777.58099
436.37204 785.04468
432.42484 793.94751
403.17059 718.88507
275.14468 631.67450
491.11932 661.74677
434.83441 773.82733
430.33585 776.96729
463.58984 667.56091
430.99808 661.85547
460.01880 662.50769
412.74792 570.88647
376.26205 589.49976
418.29077 632.02869
333.10019 323.41257
341.90436 359.89777
346.95175 405.65515
416.88916 809.37415
443.06870 404.56177
440.42188 343.18320
435.50333 285.64120
350.52692 509.65317
303.32141 537.05579
438.93579 494.40167
317.88562 475.11026
450.97043 537.51208
432.00699 624.14771
277.94485 559.77386
316.71069 554.51385
343.21365 563.13391
384.16959 556.48395
414.09180 543.78369
435.63467 531.33691
476.66858 502.85297
278.75803 614.15021
302.26459 473.61890
477.35159 654.27612
434.47980 580.58911
274.16296 516.06543
451.72180 518.00653
419.05438 634.09558
331.53625 489.05975
433.23178 607.23669
279.85504 695.14148
438.64032 485.59070
449.77203 591.77069
323.49774 822.94281
329.64502 855.44891
265.66287 623.64240
300.23340 786.52209
281.69226 463.91919
409.33453 915.08295
481.38351 660.76117
415.14478 600.63702
285.58716 507.49591
369.13513 496.70190
387.43228 496.10324
421.80591 785.21228
282.98459 667.61902
454.12912 956.37280
386.02136 917.46545
359.03381 891.71960
501.00177 342.50116
506.25281 963.36987
405.32642 492.88162
422.15631 488.79138
433.37680 487.10626
289.72446 468.18079
418.76993 470.36102
399.43518 465.37927
380.04462 465.99713
361.55597 471.33444
350.72607 477.92371
277.78757 454.90625
356.93494 494.68512
494.23822 691.18317
423.08521 702.21466
437.33423 644.49298
462.92249 692.53461
499.85846 468.69330
350.82098 858.71790
378.19812 887.50885
450.76376 934.32861
309.50073 815.70367
432.18982 479.15717
460.53983 543.73657
503.27121 941.10144
416.16187 940.00989
271.57227 681.96039
461.27716 770.45380
456.37576 779.34369
452.51031 790.70050
449.91455 804.84479
440.27448 825.68488
430.18585 772.79797
425.52722 771.37756
421.69781 769.49158
387.74228 741.11847
308.56958 680.04742
464.35168 518.20697
453.98444 469.22565
440.51196 471.32269
435.17743 773.91113
307.15198 746.04968
471.52277 469.52957
427.15579 854.27997
492.00629 550.31653
474.15524 529.61987
494.67041 523.74939
443.71429 585.09985
501.48615 909.66919
501.04050 872.67151
462.51974 869.07843
375.74011 804.02277
401.52618 656.44379
399.27130 832.96912
353.42883 654.40350
382.04462 684.44159
335.46347 698.75623
453.83234 903.96539
431.73300 600.42389
356.94360 826.16528
385.10614 857.58923
357.52515 770.37964
289.16489 713.76813
331.52155 775.21912
281.72559 736.53101
365.25519 720.94458
448.21167 561.65332
438.86124 635.69934
427.24255 642.58185
446.37152 618.08307
435.45480 450.50153
397.72955 439.61600
365.01941 439.70972
339.46509 446.12524
323.38373 457.74252
318.23602 496.45145
264.56729 568.24744
335.27911 528.73407
357.03561 534.49554
385.84711 531.79370
412.60828 523.75641
432.94742 515.00238
447.04230 506.99356
274.98990 573.59912
428.92319 649.78320
457.05820 567.10132
452.68088 636.78009
466.59467 650.24896
454.55264 641.50940
436.33081 657.81396
470.26813 652.55823
474.10312 658.95538
446.08960 486.88196
457.81210 493.48343
463.76611 498.75885
344.93582 482.74548
329.01740 474.69070
513.31567 554.46558
677.36737 489.57791
515.82471 655.16290
781.53882 399.19763
609.32709 506.53986
632.49548 509.48730
655.88898 510.83533
689.02869 499.21704
589.20142 501.63867
646.36469 444.39490
618.58112 445.21075
672.00586 449.96411
688.80273 460.00720
711.47656 516.75848
599.47919 890.12054
687.93817 484.33429
796.36652 513.35706
741.65100 500.81451
624.20380 623.08197
528.26465 742.62811
526.37427 763.91614
556.65253 749.79065
577.33588 758.24841
549.82916 764.09595
569.42004 766.06982
617.50940 795.28510
508.43723 640.50116
511.02493 614.46033
720.01270 445.24500
575.87073 554.44659
573.87653 635.17944
576.98108 621.11975
700.41223 622.48938
511.92319 581.96460
657.77551 418.16626
693.70239 428.04648
750.66339 352.06369
549.47815 431.87250
594.63623 453.92572
636.26776 770.08856
788.67401 767.57965
555.79382 649.96387
535.22272 657.92181
605.38446 771.88885
600.04242 771.52423
707.47821 412.69308
576.60651 647.57965
610.78040 417.20459
614.45624 397.83868
642.24774 291.81647
727.77991 379.29871
623.06226 342.17551
736.57819 433.55359
759.33374 416.99377
527.48090 755.10101
553.03491 757.85333
573.34015 762.33411
550.03827 655.00854
602.57269 771.75500
590.28979 776.55762
596.98267 771.32245
540.48895 640.30878
566.51788 768.54688
547.24701 767.81824
525.30304 769.01111
533.99060 839.26306
531.20117 811.80261
529.52856 795.43951
527.87885 780.94586
525.74341 769.57788
566.72491 768.81927
571.22882 774.57935
575.76392 782.33075
579.77942 791.56830
603.01660 720.79272
813.08893 632.96143
581.54181 769.93188
585.67255 772.93268
526.75012 668.44543
568.57916 663.96130
530.80048 663.36719
601.89758 570.65961
641.51111 589.70935
582.56250 633.70026
706.10608 315.16635
684.04193 353.47882
666.07306 399.25977
595.26044 812.73010
556.28027 399.22415
564.44849 340.15909
577.25464 281.77200
676.42737 507.48950
741.32587 535.55273
575.83942 496.73181
712.92249 471.69266
557.54938 536.81323
555.81464 624.59692
770.20245 559.89832
721.69623 553.58289
687.41711 562.89667
638.19397 556.85333
603.63660 544.86206
578.20203 533.44946
521.26111 502.29956
766.42542 615.84692
733.36298 469.91901
502.12537 654.44623
572.45337 580.49353
811.33569 513.18469
558.30151 520.59955
586.50696 635.87128
699.51691 485.74606
558.74341 607.67969
806.49835 698.71039
576.84546 488.15753
535.34674 591.92566
720.70172 830.98328
726.63708 864.24854
799.93073 625.90747
753.56677 793.13879
778.88263 460.86169
608.51178 922.02313
501.27808 660.72583
595.09467 601.19080
765.35785 504.88696
652.45361 494.82996
632.72565 494.60303
594.63458 781.14661
763.87488 670.61450
561.90857 960.68652
647.47174 926.25720
684.86475 901.28210
613.72626 492.18500
595.09406 489.54285
582.64117 489.15427
753.25458 463.37509
600.18219 472.49155
621.35675 466.49469
641.88763 466.55927
661.88330 470.89047
674.46539 476.62451
800.10815 449.92206
666.53748 492.67761
577.72162 703.81873
554.82660 645.18030
528.97906 693.28217
685.08771 867.67749
648.96344 896.09796
559.53735 938.29041
759.99725 822.53766
584.17542 482.15912
536.47974 543.38068
607.12927 947.10309
793.64362 685.94684
547.56500 768.35602
551.81879 777.42792
555.21320 789.13635
558.07513 803.69690
567.82745 828.16260
586.05035 768.51001
589.95886 766.92487
593.42657 765.04834
623.81531 743.54956
724.18866 682.56323
538.96136 517.60583
556.01080 469.83081
573.36584 472.64868
581.72375 769.95728
734.05286 750.52252
530.39532 470.13678
584.61066 858.42847
517.51459 529.30859
553.89240 585.30902
543.17273 871.37665
644.55151 809.13043
607.24310 658.31494
617.67267 838.07324
663.80939 655.89868
630.10034 686.39209
688.10162 701.44275
552.94617 907.27136
571.30621 600.76959
670.90735 833.12634
636.11395 864.37994
663.62439 774.71277
759.75262 717.73517
699.50916 780.53137
781.12445 741.76117
651.45062 723.47375
554.16400 561.45789
547.68335 635.91339
565.65564 643.65063
534.49799 618.32648
574.79852 449.25024
614.35504 436.64221
650.00073 435.71979
679.98840 442.05035
701.21106 453.68842
717.40509 493.39844
801.83368 568.64484
696.34796 527.13483
669.70319 533.66687
636.34088 531.26514
605.94250 524.11401
582.60248 516.51050
566.05933 509.11456
813.86597 572.51849
566.41089 651.21655
533.94525 566.98059
527.74036 637.14600
516.19531 650.68121
529.30072 641.89752
560.04816 659.41174
510.45020 652.83380
509.71005 659.03412
567.65741 489.31921
552.84283 495.49304
542.82953 501.19620
682.05530 480.91071
699.41309 471.24487
384.84198 478.67334
409.50085 477.10022
383.13007 457.08453
360.37296 480.15970
386.43613 500.18878
639.73993 478.12659
664.19244 479.72064
641.20526 457.72711
615.43628 476.33960
638.48651 498.53403
