523.91937 723.72839
522.56897 640.04089
521.49365 663.31598
499.27142 554.09192
522.57288 613.89972
521.96729 579.17126
519.93170 496.76968
338.51367 488.85608
518.66351 448.35199
518.37585 417.52448
518.40717 288.53110
524.10681 731.62372
523.87445 739.51831
523.53131 744.71417
523.76355 744.82788
524.29480 751.97937
524.61102 760.59662
524.70337 770.83582
523.80273 807.72705
522.34277 652.89203
495.78128 651.23712
231.85068 398.32220
411.49615 506.64526
386.68103 509.49658
361.56006 510.23767
328.29431 497.89801
431.58511 501.55707
365.73346 446.93982
395.01282 447.66095
339.78082 452.41321
323.98172 461.88403
306.22406 514.94641
425.28439 857.33606
328.24985 483.23703
224.34164 507.95050
274.52777 499.29141
393.58215 618.16241
494.01807 718.84888
497.32117 738.71295
465.30908 726.89819
445.92450 735.18298
473.91187 739.75940
454.86078 742.10925
409.21011 778.60773
500.20358 639.31464
497.04056 614.13434
285.67975 445.72406
443.85858 552.74731
438.77112 630.87085
437.37762 617.05310
318.27179 616.94568
498.29819 581.95947
343.42093 420.26932
308.53687 429.29462
258.43732 354.33093
461.37988 435.48083
420.98907 455.67627
388.83826 758.71143
249.11267 751.55054
458.01788 645.12439
478.49747 652.29327
421.30655 747.70520
426.48712 747.21619
293.39386 414.19049
437.48050 641.90033
393.18292 419.95557
386.86908 400.77521
368.79810 299.00293
279.65466 381.36905
385.43103 348.53467
269.54071 433.75806
252.02454 416.05609
495.25742 729.86597
469.66528 733.90125
450.32315 738.78912
463.95679 649.45374
423.97012 747.45935
436.80469 749.94653
429.51227 746.97089
471.24350 637.60632
458.43066 744.46161
477.35815 743.54077
499.32571 744.01642
491.73401 807.75574
496.89362 769.84607
497.39777 759.36560
498.21057 751.04944
499.54407 744.09979
458.50806 744.47565
455.33087 747.80353
451.81879 752.53516
449.02472 758.60846
416.24152 712.26971
224.08829 624.03015
521.87280 657.85724
444.25766 745.64838
440.71173 747.51764
487.70535 662.16052
447.32867 656.94714
483.19586 657.31970
417.45837 568.22192
376.75494 586.24530
432.84695 628.56415
302.66699 320.19962
322.61691 357.56564
332.77283 401.44763
430.83917 790.40894
450.77798 404.23370
448.32446 347.29654
438.23529 289.70197
340.60876 506.39691
278.35516 533.33234
443.91440 496.50070
299.86676 472.07336
461.82852 535.88751
455.39215 622.09589
249.99368 555.14331
297.89252 550.66394
332.10516 560.03625
381.78293 554.76874
417.30029 543.35681
442.86417 532.22363
495.34045 502.86127
256.35831 609.33112
278.11108 469.31766
508.44543 651.92743
446.10083 577.91071
215.51880 507.06332
462.31409 520.16315
431.13144 630.28406
317.05920 484.97937
454.58453 605.43628
232.45544 687.21924
441.60010 488.28534
475.91299 591.02466
305.53125 807.97473
304.92352 838.35193
229.43610 617.94049
273.94171 774.30768
237.25201 457.44882
416.88074 884.94366
510.82401 656.81689
423.34259 597.32538
252.28488 503.25223
363.86304 495.09167
385.31760 495.40475
433.30804 753.25262
260.94916 661.75531
466.23492 919.05115
382.09827 890.61584
345.45715 869.99103
518.39539 348.80579
523.81537 922.69495
405.72153 493.19312
424.47809 490.14587
436.27197 489.15970
258.69424 463.20258
417.52481 471.47375
394.97708 465.09863
372.70590 464.81262
351.88138 469.19110
339.75806 475.15094
219.07404 446.18970
349.14734 492.47668
521.79773 684.42383
439.78577 695.70947
458.25262 641.02661
487.25903 685.75732
519.09613 471.53101
340.89584 839.90070
377.13843 863.42657
465.46045 899.59753
274.43323 801.67255
433.60059 481.58240
479.36829 542.46515
523.97211 902.45435
421.24750 907.52734
237.30322 675.22174
477.53217 743.60925
474.58963 749.11102
472.56897 756.07489
471.15543 765.37476
458.22015 800.50946
439.49710 744.61859
435.13174 743.43726
431.50012 741.84723
398.30017 734.31976
297.13376 673.65424
479.11905 517.40900
462.09439 471.19583
444.44794 473.55859
444.19928 745.63623
289.42609 736.52856
486.10333 472.15540
440.91815 829.33289
521.33643 550.19147
496.92300 528.92749
520.65247 523.45715
462.08392 583.23480
523.96075 873.67419
523.75714 838.95752
481.80475 838.59259
378.86478 791.04199
410.34888 651.79529
407.43378 814.22638
353.64749 649.12506
387.77136 678.94403
330.72406 692.37372
471.01587 871.89441
446.36520 597.64484
352.68869 810.49573
388.65701 836.15344
357.99408 761.74524
265.71356 706.07874
322.25604 764.34015
248.90698 727.32971
367.85547 715.00775
463.24835 559.76282
463.40714 633.32880
446.83881 639.25305
474.66617 617.09857
439.85400 451.20355
395.53812 438.82422
357.82336 438.19202
327.54150 444.09604
308.16956 455.31152
298.98480 492.17554
223.51154 562.26611
321.82458 525.06946
348.69983 531.91211
383.40988 530.16315
415.06970 523.30688
438.73199 515.75641
455.16583 508.80072
219.31345 565.33136
447.11227 645.83362
479.74988 566.08521
481.36066 635.36627
494.52924 647.63959
481.38791 639.42725
454.64514 653.15216
499.84842 650.11670
502.00421 655.05078
451.56036 489.62012
467.49631 495.99765
476.54929 501.78091
333.08563 479.72968
314.83386 472.02649
542.71124 554.29211
693.76135 503.45877
547.29785 651.17645
796.09351 403.58643
622.59912 517.48450
647.84589 520.59619
672.34332 521.27527
704.99109 512.13812
601.18762 511.16373
662.98651 460.11646
634.83844 460.76904
688.89172 464.70880
705.35437 473.82919
726.92340 527.18793
618.25067 858.01025
703.78198 499.16656
802.64734 512.82135
756.84229 512.29688
642.71344 619.05096
553.35266 717.76245
549.62445 737.85822
580.84979 724.50610
598.15106 732.35046
571.52203 737.82538
588.51581 739.41046
633.38629 778.42413
544.58746 639.38495
547.27533 614.23456
743.83661 452.54977
592.22882 553.52393
601.32141 631.26050
601.90674 617.33557
714.68219 618.59009
545.14734 582.00458
684.79095 426.78403
719.88446 435.45215
770.85181 359.67075
570.67877 444.72467
609.47705 467.94110
652.29846 758.33606
777.32544 754.22925
582.55670 645.43683
563.05157 652.54370
617.66101 744.67969
612.53711 743.99048
734.16516 420.18430
601.84015 642.19147
636.26910 428.10760
641.50818 409.00391
664.94159 302.37973
750.83447 387.61505
648.32153 352.12448
758.97510 442.19220
777.14771 422.61450
552.19934 728.96497
576.24774 731.93756
593.47839 736.09479
576.45972 649.72028
615.01868 744.34619
604.34821 746.98413
609.61420 743.70239
571.00897 637.94647
584.08502 741.57520
567.16687 741.53650
546.84137 743.07428
554.77789 807.86438
551.39764 769.12598
550.46283 758.54999
549.05481 750.16516
546.88824 743.20886
583.90491 741.75708
587.82953 745.29626
591.58441 750.09814
594.64764 756.32635
624.47705 712.15485
800.48126 627.92548
596.24335 742.52216
600.28491 744.46484
554.62006 662.55817
591.84351 657.19360
558.73260 657.70300
617.66180 569.23889
657.90656 587.66028
605.88141 628.84808
728.97699 324.91522
709.32336 363.17587
694.38995 408.10468
613.12964 790.40442
579.81219 414.69531
587.06018 348.88135
597.46625 291.40863
692.77197 518.97729
754.46417 544.34253
587.54260 505.11597
730.99463 483.17697
575.05823 536.52930
585.96539 622.46442
778.46393 558.85559
736.74890 559.17950
704.16760 565.93372
655.50818 560.44403
619.41626 549.49292
592.53735 537.98059
543.65558 503.12988
772.58203 612.20612
751.99976 480.16748
535.98370 651.94092
591.09625 578.39899
809.85974 511.25592
572.57239 525.29382
606.85291 630.51202
715.31372 499.83932
585.84503 605.63947
792.80322 690.69745
588.85413 497.73193
566.08594 591.19348
728.39844 809.37079
726.65930 840.04980
797.19141 621.53070
756.73260 776.13794
791.04034 462.95874
626.41791 885.90259
532.92462 656.80096
613.07361 597.93750
778.39648 517.67786
668.90479 507.31036
647.76941 507.18237
607.94934 750.44910
768.43939 664.08246
579.43848 919.45685
657.10535 891.65533
690.36987 871.34015
627.01086 504.71149
607.19904 500.89996
594.66394 499.11386
770.01093 475.57199
613.26727 487.29498
635.66077 484.63385
656.64722 485.22726
676.99298 488.76624
689.99219 493.26282
807.63031 450.99341
683.26257 505.69080
601.40381 695.72198
582.74365 641.49860
556.16791 685.95789
696.03815 841.19000
662.83716 864.67047
580.35510 900.03577
754.04761 803.63293
596.82654 493.03912
560.04755 542.88660
621.47559 908.30011
789.46350 678.24408
567.15411 741.71106
570.77985 747.26038
573.36646 754.31848
575.41504 763.81897
587.10388 800.49591
601.56390 741.40613
606.08746 740.27899
610.08459 738.71375
642.65063 733.92871
735.07239 675.09637
558.78735 517.99371
570.19385 480.32385
585.86127 483.86005
596.35699 742.33173
742.77582 737.70471
547.80615 479.54370
602.86755 829.68372
543.61255 529.14197
577.18756 583.68726
564.07379 838.79590
660.91150 791.32959
627.40497 652.04004
634.33752 814.52228
681.96759 650.13788
650.37256 679.35852
704.65448 693.36731
574.75458 872.29095
591.99963 597.90637
685.60590 811.27972
652.27820 836.90906
680.45874 762.05066
764.29321 707.97852
713.33032 765.05817
779.03894 729.76733
670.68152 715.24463
574.86792 560.32239
578.69452 633.69696
593.73834 639.69891
568.35980 617.28583
591.54346 460.98499
634.40442 448.42645
671.20276 447.07562
701.29541 452.73648
721.61584 464.42291
733.13232 505.72241
802.87280 566.50391
712.75745 536.07361
686.91797 540.83319
652.72485 538.98090
620.42676 532.21991
595.35388 523.89435
578.28845 516.01172
805.26642 569.20898
592.80872 646.12543
561.03632 566.41272
562.34021 635.47864
549.00098 647.72375
561.79028 639.73206
585.18903 653.32611
544.21204 650.15710
541.34717 654.99994
579.26050 497.98517
565.40161 503.21552
557.64716 507.24396
697.83691 496.71542
716.05902 484.95755
384.09424 479.55078
409.65286 479.51413
382.77109 460.43396
357.99362 479.63489
385.02734 498.58966
643.67834 491.41876
670.53204 491.81442
644.05383 470.18146
617.12195 491.05975
643.66724 512.38910
