494.95514 755.28851
481.29633 650.19818
489.19186 676.04163
466.46249 560.31635
480.53830 621.81146
483.07870 585.59436
492.72751 499.53091
337.48682 485.71613
495.74750 442.53317
495.58185 408.35974
499.06085 274.83972
494.78540 763.67688
495.13333 771.06171
496.14212 775.52954
496.09164 775.34265
495.24918 784.40808
494.47464 795.47986
494.43640 807.88989
494.65146 840.03601
483.79019 664.75610
462.70746 664.16510
261.91071 410.34399
405.56982 504.27829
381.11206 506.69272
357.38739 507.91370
329.14825 497.79645
425.96036 499.31824
368.17804 445.46402
395.99377 445.82272
343.23624 450.96967
327.94434 460.48178
308.58554 518.25598
406.01550 888.94598
329.07330 482.49753
252.12222 524.19580
283.76202 505.69415
374.51923 628.11621
463.02008 749.22327
466.10828 769.09839
434.34290 754.86322
413.84656 760.64124
442.28119 768.41132
422.78873 768.60162
381.67752 790.45166
460.60971 649.81421
457.10666 622.57587
292.49857 446.69403
427.72186 561.23474
410.09891 641.63397
410.31830 626.95227
306.57239 625.75006
461.14752 588.99603
347.71136 419.58325
314.49722 428.91388
279.80618 361.65915
452.50055 432.10681
419.96097 452.98633
361.08182 764.07794
282.08557 778.82623
428.73026 657.11945
447.89227 664.76874
386.93414 769.10522
392.99408 769.57349
303.17200 414.83917
409.59335 652.53528
393.12198 417.79404
388.04727 398.50000
365.66498 294.36252
291.52185 387.80743
377.13821 344.74298
280.28125 437.01419
271.43951 426.56628
463.72131 760.64343
438.06647 762.23145
418.02051 764.79706
434.42404 661.55084
389.99066 769.33038
402.46100 775.33777
396.36356 769.92139
438.64850 649.96295
426.97150 771.33594
446.20636 772.23224
469.01770 773.82733
461.41443 838.59290
462.08112 805.80066
462.91052 793.10443
465.35669 782.31549
469.08856 773.81427
426.97217 771.89368
421.92749 775.56519
416.63211 781.14093
412.73822 788.28595
385.68176 721.28693
263.10785 647.05731
486.41177 670.66962
412.80780 771.28827
407.57202 772.96252
455.53403 674.62244
419.24881 667.54700
451.76825 669.83722
402.36121 576.78076
362.44666 594.24597
406.82031 638.54919
312.54587 322.06320
325.12561 359.60779
340.01355 400.87656
402.57285 809.91943
443.76263 400.44702
432.23288 339.33987
425.35373 280.03775
338.96692 504.76312
283.65857 539.23444
438.73688 493.60474
305.20984 473.53949
444.09088 543.57434
423.50421 632.55750
261.86642 568.17072
297.58142 554.89355
326.00443 562.61646
371.22180 556.31097
405.15381 544.23615
429.44250 531.89917
470.93414 506.89160
261.51178 621.83643
287.22162 473.68378
471.02817 663.88635
425.62073 586.92712
255.34628 525.45056
447.29376 518.32874
406.89896 639.93170
320.52582 485.62366
424.88678 614.68097
269.39096 712.26935
438.21194 485.05719
442.57452 599.07458
312.94000 832.00293
323.47168 866.76868
251.35468 636.49213
286.73224 798.74451
261.19571 471.26794
402.22052 918.72009
475.83847 669.79224
403.84741 606.59491
265.35538 512.70074
359.80090 489.41641
380.87415 490.18573
398.24606 778.75409
264.21420 677.14587
446.68121 956.25287
381.59607 923.25146
354.68381 900.08447
496.65506 338.05493
497.59863 961.61414
401.50171 489.06854
420.76459 486.83279
432.69910 485.89798
272.62466 470.05286
417.94980 470.65985
397.04788 465.99127
375.26697 466.04065
354.23712 470.19653
341.51428 475.57028
254.50275 461.68799
346.58887 487.70236
490.66412 697.54602
409.04102 706.42157
428.28607 653.29865
454.64673 698.52777
495.66306 470.98346
343.30542 866.12952
372.01721 892.90454
443.16995 936.01001
300.82898 830.06567
431.62683 479.05243
454.20630 549.47437
495.28232 940.47614
410.35410 942.75232
257.64273 696.35291
446.09698 772.53888
440.68524 778.91821
436.85236 787.53302
434.45731 798.75214
428.16730 826.86218
407.19788 768.93848
402.22394 767.03180
398.45923 764.94958
367.89404 740.60132
287.85968 687.18127
458.23630 523.38171
454.63535 467.88760
440.94867 470.31610
412.82214 770.71710
288.26007 755.33801
470.85544 468.64099
417.30878 857.59210
486.52319 555.71277
468.46863 534.51422
489.62381 528.20099
435.99985 591.88947
494.06573 910.30969
494.37393 873.34784
453.95407 871.45807
363.45630 806.08130
387.94537 662.08667
388.80621 836.02905
335.15222 660.02155
365.52924 689.44330
315.17725 704.41113
445.50067 907.06116
422.47427 606.93042
346.70795 831.19092
376.77197 861.98688
341.69742 771.64392
270.39484 724.68463
315.61774 780.71509
267.90640 751.19324
346.00970 722.79639
440.98141 568.09070
430.69711 645.18549
417.37512 650.87958
438.75073 626.58636
435.91357 447.10547
395.52423 436.05603
359.88617 435.86566
331.10541 442.08234
312.83905 454.41693
304.45972 495.40530
248.87799 579.72565
320.23276 527.00037
343.27927 533.02637
375.51501 530.44012
406.26746 523.06982
429.47711 514.87866
444.97098 507.21362
260.08432 585.97791
418.28510 657.19220
450.22690 573.54498
444.95255 646.54089
459.91769 659.92914
447.12396 651.48340
425.55414 664.48749
463.70996 662.25403
468.09305 668.03552
446.61191 486.15674
457.00308 493.34070
460.98270 498.70020
334.33319 479.63004
318.77570 472.00348
509.18607 559.54895
674.08429 482.26599
513.71069 663.57623
806.26434 396.44275
607.85193 503.99902
630.93890 505.71582
655.06409 506.17059
688.69250 492.43591
588.18073 499.07007
639.88269 441.55798
612.89197 443.34747
665.42322 445.51572
682.92371 454.01117
715.86279 512.49365
598.98511 891.44604
684.68823 476.22662
819.95544 514.41138
751.06384 496.28992
633.70807 625.33649
529.76483 749.90356
528.33838 769.80420
564.68237 756.74097
590.16620 763.02332
557.52124 770.06641
581.83875 770.77667
630.32739 790.68982
504.10718 649.45099
506.53845 621.98938
719.22321 440.43451
577.30756 558.46008
578.26093 639.92297
581.37665 624.95972
717.74597 621.36786
507.41452 588.21021
648.64508 415.95007
687.35742 424.20087
770.99438 347.26956
542.57361 435.71039
590.60016 452.01208
654.02179 763.81494
807.42346 777.77551
559.17285 655.97052
536.74609 664.01929
626.75214 771.49677
620.53302 771.94629
703.29333 409.32843
582.91174 651.19080
601.46112 417.61182
604.53558 398.86215
650.11340 284.41080
745.06311 374.79388
629.79999 336.14224
740.46191 429.48419
780.38489 414.17749
529.30536 761.26367
561.04150 763.99231
586.09540 766.98059
553.66626 660.68677
623.51251 771.73633
606.25458 777.32953
617.01038 772.26190
539.90918 648.58392
578.59448 773.26367
554.56213 773.61719
527.22375 774.42395
532.68146 839.34131
530.14862 806.44397
529.30035 793.69733
528.43713 782.92889
526.77722 774.40662
578.13220 773.63293
582.58014 777.18701
587.05518 782.66333
590.52576 789.64764
617.60712 720.59424
836.97473 641.11127
596.65808 773.33142
601.36560 774.98730
527.64856 674.34833
575.59070 666.95575
531.95544 669.34625
606.42657 573.50665
650.87762 590.46210
588.74597 636.85809
720.74622 308.69745
696.52240 347.84793
657.78406 397.74640
604.03851 810.56506
547.93457 404.75815
565.96619 334.78192
578.92596 274.46118
676.09662 501.75995
747.60022 532.36145
574.85828 493.79813
713.24847 465.98474
557.23810 541.19342
556.63165 630.88995
789.55804 560.76184
724.91046 551.24194
687.59607 561.20593
637.01733 555.11737
602.43402 543.10779
576.68909 531.85095
518.40277 505.73279
787.24329 616.34058
738.72675 465.01733
497.83765 663.77448
574.91193 584.58960
838.46448 515.01270
556.16907 519.51007
593.60284 638.38043
697.87024 477.89032
559.56366 612.88043
828.07910 708.98779
576.83630 485.24295
533.03363 597.82916
731.70135 833.44922
734.51709 869.73492
822.42529 630.72113
770.77771 798.26337
801.52679 459.88739
605.28442 922.22632
497.53555 669.50909
600.93951 604.09216
779.91052 500.71976
649.18506 489.12177
629.70599 490.48297
610.61133 780.68756
786.49762 673.19574
553.79688 958.92322
644.22864 927.30359
685.81836 904.07043
611.73193 489.44434
594.33167 486.98608
582.58600 486.20239
764.13318 459.47345
597.21100 469.57812
617.23865 463.42032
637.29285 462.52655
657.27179 465.36810
669.98889 469.76721
827.05914 449.06927
663.15405 486.02795
587.44501 705.75189
557.16260 651.98743
530.56293 698.36993
689.21887 869.06610
648.96423 896.62305
553.55402 938.38843
774.07520 830.79602
583.09497 479.08966
534.38995 547.91998
601.08051 946.48407
815.81775 692.63745
554.21057 773.73590
558.25775 779.98578
560.92810 788.46729
562.81488 799.52972
571.79688 827.49432
602.53101 771.17352
606.94568 769.33191
610.66455 767.34344
641.94836 740.00494
746.53186 683.81232
537.10242 521.66388
553.56012 469.85120
571.30829 470.57452
597.58203 772.92938
754.73285 753.50537
526.79504 472.27802
586.56226 859.24207
513.84167 533.57086
553.86548 590.26959
540.68408 872.68463
654.29993 806.92505
616.83258 660.40497
622.93134 837.46759
679.83057 657.05341
643.82318 687.78583
707.76685 702.14752
548.99670 908.87415
573.98370 604.80469
677.82507 832.79663
638.65369 864.43207
678.82477 771.59521
782.11444 721.84509
715.34521 780.52124
801.66321 748.93799
669.66193 721.51263
553.90802 566.18622
547.57404 643.64160
569.24609 649.46729
532.33722 625.53345
569.93597 448.59695
607.50806 434.88794
642.07434 432.25238
673.07245 437.09421
697.00195 448.01733
721.14209 487.63864
824.66382 571.77277
698.92230 522.98615
671.17529 530.54779
636.07074 528.62988
605.22833 522.00330
581.99591 514.60571
565.08075 507.59900
839.34247 577.53937
571.34894 655.99622
531.45276 572.20331
525.39868 645.81848
513.47974 659.74872
527.48120 650.76062
565.57947 663.69824
507.07608 662.03436
506.88129 667.67932
566.42877 486.64783
551.34033 494.70599
540.04199 501.03629
677.88055 473.33282
695.69897 464.48004
390.41241 477.68512
419.38141 476.21442
388.88763 455.19879
361.53876 479.32764
391.79831 500.12610
636.75146 475.16357
660.14447 475.51306
635.06927 454.96548
613.63501 474.74298
638.56091 495.04401
