531.48340 654.67651
533.10516 593.12952
528.61340 618.78778
510.60550 533.71613
533.91779 573.00513
532.54950 549.29498
526.85382 492.96399
346.85907 494.42963
525.80090 437.52844
526.64880 407.29565
525.87323 305.62714
531.48450 665.81940
530.90411 678.95514
530.21692 688.65057
530.03387 691.54248
530.66241 702.00867
530.95123 715.10889
530.75635 730.03040
525.05768 752.48547
531.32336 604.98047
511.15363 606.92499
236.97192 406.73792
413.46338 517.72998
388.13818 519.33728
364.69199 515.87964
335.51678 500.95010
435.40808 510.70236
382.67047 440.67621
411.28665 443.91846
355.67007 445.72400
337.69946 456.38177
312.76831 512.96002
436.83914 781.80615
339.19269 486.59052
232.34314 501.36554
283.53156 495.42609
406.13394 591.95905
507.65707 650.52698
509.71439 679.56445
481.23425 663.91254
464.45227 678.22882
490.28479 683.78119
475.03519 689.81293
429.63141 724.93506
514.76355 592.81323
512.23865 573.89978
302.61847 434.64316
450.55661 541.06262
460.35889 596.01831
456.98087 587.11194
328.31592 593.88873
511.51831 551.80585
365.95825 408.45035
329.59415 416.92029
264.95673 365.51495
474.32169 430.86386
435.36288 456.06653
414.08105 707.57245
257.41656 699.15668
478.59888 606.76062
496.91010 612.42938
447.66071 701.71777
452.64511 700.92737
315.03613 402.09723
459.73431 607.16290
413.16367 411.14142
410.03485 393.04034
376.62051 312.47961
289.11316 383.19232
394.77444 351.65387
285.78351 424.16479
260.71844 416.57507
508.20047 665.37457
485.79706 674.30664
469.65228 684.04138
484.24466 611.02423
450.23016 701.35199
459.77295 703.42664
455.29004 700.45166
488.75772 595.74249
478.70242 693.53479
493.61957 690.04944
511.15536 688.46875
496.72830 751.50861
506.96814 728.00275
508.08960 713.27496
509.37314 700.42877
510.89798 691.13245
478.32007 694.88861
475.16574 699.50769
471.20938 705.90247
467.81183 713.91016
438.81720 664.79767
226.05786 597.41931
529.79706 611.31390
466.93817 697.63116
463.67719 700.20544
503.15161 620.27802
467.41919 620.42993
500.28232 616.46912
424.03235 554.02826
384.63379 568.36621
453.13235 597.81207
309.63245 333.04227
331.58731 360.17664
357.51337 390.90228
446.14053 735.04828
468.55731 400.16718
457.50558 352.92072
446.41016 304.78687
345.80536 510.29056
284.72449 527.50116
450.58539 503.89307
312.07959 467.40106
468.62204 526.57880
473.91348 584.96411
258.61044 541.83063
302.33679 543.14862
335.12543 551.34491
382.88715 549.63196
418.25958 541.79639
445.48456 531.23993
503.61032 497.82056
265.40274 587.57764
291.20297 462.93500
520.92902 604.36707
456.53159 559.20209
217.61880 502.12820
466.31873 518.89600
449.37241 601.11334
326.47311 486.42990
471.21201 574.39740
236.69385 647.48083
452.35483 495.82224
490.83188 560.51843
326.51254 744.50946
320.30206 766.15222
236.39249 592.70850
292.24353 718.69446
245.11165 456.39713
429.68753 800.47571
521.98773 610.62872
435.11020 575.53369
259.74304 499.06604
368.38080 505.35620
388.90796 508.67929
455.89090 707.64264
272.59274 629.51782
469.24506 826.59344
394.55817 803.43616
360.80072 788.74811
526.70404 356.29434
517.78345 830.33844
410.25485 507.20227
430.56946 502.50494
444.69073 499.11371
271.04309 457.50165
430.41272 474.00659
409.04785 465.11447
387.45868 463.70660
366.26660 468.27826
353.05103 475.34210
222.63138 450.01379
355.22784 499.96442
528.80054 635.28442
459.73843 649.69501
478.22202 601.97498
501.35977 637.69214
525.07819 467.10553
361.01315 767.62933
394.21088 783.94983
472.09149 813.01245
286.66455 738.96210
445.71347 487.14148
489.21356 528.14227
522.01343 816.44354
430.08179 816.47845
245.81468 638.95667
493.33850 692.19165
490.32181 699.53558
487.57718 709.39954
485.59250 722.12714
468.62900 744.49994
462.66486 695.62341
457.64938 693.44214
453.16949 690.64178
423.41388 684.91351
311.73331 639.18726
486.38577 510.32080
470.24707 474.38791
455.30078 478.04996
467.31894 697.07037
309.17654 689.25159
493.93216 471.42419
450.87866 763.42902
530.64966 530.47937
507.03058 516.88794
528.81622 512.59296
473.86636 559.56946
523.80762 797.19781
524.45837 773.94830
486.95941 772.32965
399.58469 732.60681
429.19962 618.46600
422.43787 750.69757
369.23282 617.59137
407.57812 640.08765
350.43307 652.92548
477.67929 794.41864
459.78024 573.28168
373.41910 746.52838
404.90567 765.25659
382.28876 709.17725
280.92871 664.61548
345.20020 711.34302
261.51581 680.96082
391.75522 670.44470
472.97174 543.20880
481.82712 592.40442
468.24512 601.36560
492.08380 577.87177
452.02463 450.24927
412.28491 432.58160
376.39865 429.24396
346.07196 435.18591
324.03729 447.52228
307.86520 490.91626
230.98898 546.83734
326.42883 523.00793
351.52945 530.38086
384.33728 532.65387
415.98889 528.55951
441.25085 520.31055
458.90118 512.06171
220.78308 550.12500
468.94183 608.62787
491.35492 544.05634
498.90076 591.08795
510.05759 602.20361
498.34235 595.53326
475.17853 615.65338
514.20105 603.39386
515.60529 609.71857
460.71179 495.63770
472.91241 498.99109
481.86993 501.11493
345.56314 480.99765
326.62976 469.49188
549.25085 534.46240
685.14478 505.24442
545.94635 607.59290
763.49005 423.29944
622.82538 525.05994
645.26056 527.33563
666.43622 525.11224
693.15454 511.64114
604.31976 517.94672
657.92932 454.20697
631.59778 455.92877
681.66022 459.79639
696.08240 470.43976
710.04187 524.16089
602.61212 782.29285
692.36865 497.82990
766.30957 515.91199
733.47717 508.55475
633.77478 596.03546
554.06708 651.91376
550.46198 680.84735
577.26624 666.23438
590.50879 681.69940
566.88086 685.97021
579.06189 692.80170
614.63531 726.45740
550.04980 593.51306
554.14862 574.66235
726.95020 451.40967
590.28638 544.02319
591.07953 597.90826
592.42657 588.92456
701.16400 601.35315
552.13574 552.50397
677.57678 425.09235
707.70856 434.09308
748.23267 381.95593
577.64624 440.48581
608.65326 466.22845
629.74457 709.73792
726.05621 708.12634
572.46069 608.19379
555.79272 613.10077
601.08685 707.01337
596.17615 705.63275
719.72711 420.06866
588.71466 608.61786
635.90723 425.28122
640.06042 407.07324
663.33466 323.56992
735.23706 398.88788
650.77869 361.91248
739.33282 441.53476
752.54846 432.66467
553.18201 666.78217
572.36694 676.77496
585.13702 687.33954
566.39197 612.01660
598.57715 706.40063
591.35602 707.58582
593.61115 704.83203
567.59705 597.59741
574.13031 696.01715
562.32263 692.02856
547.56238 689.60706
551.77039 751.91193
553.02545 729.38190
552.05511 714.49731
550.11536 701.54681
547.46039 692.06091
574.15393 697.09875
578.30603 702.33636
582.81909 709.26611
586.44977 717.62103
609.78931 666.62732
751.93848 609.91010
582.94910 700.53711
587.10681 703.79834
551.25452 620.77100
579.58472 621.36029
553.20850 617.05463
613.88635 557.94196
651.56226 573.87408
593.92169 599.47333
717.31567 347.92514
703.58911 374.50363
685.79803 407.51205
599.47485 735.99927
585.77203 410.40158
593.61316 358.16815
601.65656 310.72668
683.51648 520.62433
731.47858 538.65210
592.15149 511.14334
715.48816 481.44296
575.22858 528.92914
582.07434 587.02386
753.01941 553.81030
718.39307 553.34637
691.86969 560.21844
649.94183 557.00763
617.99469 548.13904
594.19977 537.23981
548.00195 498.97620
747.33966 598.26642
731.69434 478.14075
541.13422 604.71478
586.86566 561.63239
765.02930 516.72784
576.99152 524.76324
594.08685 602.82916
701.88794 498.39160
582.23303 576.23059
742.26819 658.42194
591.26282 503.14124
568.44006 561.86719
689.56604 749.36761
684.05768 770.86011
759.18164 604.77081
714.57184 725.93396
760.15387 471.84875
605.47107 800.62250
537.10101 610.86395
605.56567 578.48218
750.89600 511.94653
664.83325 514.94806
645.93494 517.04065
595.19238 712.17236
738.90265 639.21619
563.54651 826.53931
626.22119 803.88794
653.36279 790.74890
627.02356 514.91156
609.34119 510.01221
597.66754 506.54269
746.04895 473.31012
610.82697 482.64145
630.12427 474.75800
650.36212 474.05829
669.95203 479.18359
681.46289 486.60867
768.19550 466.03473
677.08136 510.46051
590.92590 651.05359
574.30261 603.74939
555.24646 638.45966
661.63110 770.24219
634.48260 784.95148
568.73682 813.13422
706.36835 745.88525
597.44763 494.83813
562.83649 529.68677
597.64435 816.22839
749.37274 649.72235
562.31256 693.79395
566.28461 701.53699
569.71210 711.77222
572.17456 724.75824
578.49677 744.94287
588.39093 699.27606
593.74481 697.58221
598.50293 694.99988
623.16602 687.06091
711.85352 646.82373
561.32031 512.18060
576.17767 481.62091
589.34503 486.24011
582.88702 700.14484
708.72144 696.12811
555.87573 477.84070
591.98792 763.92975
548.89191 517.76111
576.43921 561.53058
559.73743 772.60754
638.35858 734.80811
612.83234 620.67859
617.43970 751.83014
667.89960 622.87598
634.69348 643.19855
682.35706 658.41974
567.10547 794.73273
586.03198 575.30530
657.15814 749.17957
630.27191 766.51147
655.20654 712.52795
729.79785 673.45288
682.45618 716.15448
736.42236 690.29718
649.24994 673.80280
574.42590 545.26740
574.92859 594.35895
583.94678 603.20880
569.30597 579.27905
594.91742 459.74249
632.85181 445.11292
666.03107 443.78809
692.39252 450.23822
709.16821 462.68011
715.49445 503.60980
765.56372 560.24432
698.99463 533.47650
677.26715 539.51733
648.06610 540.46075
619.76758 535.35406
598.06604 526.82141
583.26819 518.30450
757.96362 563.58911
581.09009 610.05328
564.43018 545.44934
562.65826 592.43408
549.16992 602.99426
560.56396 597.06134
573.84894 616.53845
546.75366 604.00494
542.29181 610.11737
583.90765 502.84247
571.86084 505.20929
564.41351 507.04443
687.65710 492.43192
703.92828 482.81573
392.24399 486.06009
421.40900 485.74240
391.67294 458.85779
362.50195 486.11667
392.62408 512.76154
635.67004 491.68137
665.08875 493.34967
636.71570 465.29517
606.35394 490.05634
634.86401 517.82422
