520.22253 725.54645
512.28894 638.28900
512.30621 662.41595
490.14569 556.95355
511.86191 612.43481
511.39633 579.64423
509.97510 501.99905
344.33630 495.63995
509.00769 435.70197
508.61374 402.05865
507.38397 298.47534
519.84143 731.24805
518.89142 736.36304
517.92749 739.59814
518.17395 771.69031
518.37769 779.22394
517.96570 788.93665
517.13116 799.66913
513.32501 829.45947
512.60968 651.64545
489.00821 650.87701
256.01242 415.57782
406.73245 512.92798
384.96240 513.75116
363.24146 513.94324
332.53571 506.68088
425.13470 510.08337
373.98468 447.90735
399.46838 451.07300
349.29230 452.41187
332.71948 463.29794
312.01727 523.20422
420.35849 859.27759
335.22339 493.02939
244.17523 517.42468
285.30432 510.28729
383.73706 616.13525
485.62653 721.63531
486.05005 734.68726
451.84296 727.11554
427.81488 731.71619
457.98926 735.24591
436.01480 737.00220
389.54694 764.63483
491.54416 637.84503
487.97073 612.87952
298.82053 442.52939
436.77383 557.11469
430.48868 629.42450
428.27542 616.31702
310.98068 612.15686
488.96964 582.46448
355.08957 409.61795
321.90308 421.04639
276.89087 370.89777
457.96548 431.39355
421.05209 461.74622
369.78540 735.00861
273.66333 745.27100
449.28540 643.60309
470.34494 651.37219
397.45847 740.16589
403.80698 741.26337
308.99219 406.52374
428.58127 639.41443
399.48160 411.05060
395.32263 390.51791
371.12219 311.21548
291.17194 387.80112
383.62750 349.51944
284.64224 433.75232
269.41327 425.08319
485.33667 728.93970
454.75311 731.34985
431.78741 734.36829
455.01932 647.92181
400.70215 740.70056
414.86151 753.66406
406.78461 741.90332
463.28326 637.04199
439.84991 738.70306
461.38013 737.66754
487.36484 737.96100
474.66599 826.89905
481.72348 796.12732
483.35876 785.54840
485.58395 776.08405
488.08035 769.14282
441.20587 758.69812
436.83310 760.80035
431.47693 765.09436
427.30490 770.61548
398.56787 697.95355
246.94464 625.88348
512.56952 657.24768
425.21719 752.42871
420.10107 752.48865
478.00449 660.84497
436.79471 653.00092
474.46918 656.31726
409.82617 570.40527
368.83221 585.05255
423.37842 626.85229
313.34003 334.85291
327.13391 361.15192
346.81247 390.67981
410.76697 789.18945
450.27664 397.19147
441.94446 348.99884
433.90549 300.79477
344.13919 511.89728
287.02884 541.46338
437.26364 505.70316
308.81036 476.53403
454.61679 541.48145
447.13049 621.04126
259.80759 558.29626
302.76471 554.48761
333.14401 560.22284
378.99228 555.98633
412.43576 547.00507
437.29398 536.11560
487.00412 508.26199
260.77255 606.58362
290.39725 474.95566
499.97971 650.77228
437.24323 580.17114
240.11526 518.20337
455.51904 522.53937
420.57178 628.00568
322.81775 494.53177
445.55957 605.06067
256.34024 684.29010
436.44379 498.43234
467.21329 591.22931
320.96609 797.91986
327.25720 828.02509
244.27090 618.14429
290.52594 766.55090
256.70187 468.52573
418.52451 884.11017
502.76199 656.45166
413.84549 597.36017
265.83551 517.37817
366.33212 497.18695
384.47678 497.88123
410.35260 755.70410
264.30225 656.00006
463.93076 918.54468
392.73083 883.01685
362.75281 859.91016
507.64969 350.62845
514.80896 923.46021
402.21783 498.26935
418.79593 498.47250
430.18549 499.10840
273.59198 472.63367
416.47540 484.20685
397.97565 477.83582
379.92911 475.74747
361.05096 478.77805
348.64221 484.37549
244.87729 462.07556
353.69666 496.50259
512.41394 680.60272
424.98431 686.28741
449.88785 640.02405
474.78674 681.15851
509.41934 470.36652
354.23590 830.46619
385.57410 856.88623
461.63605 903.11469
298.77094 793.38232
429.93530 492.71442
471.09964 547.03131
514.57166 907.81482
424.90964 903.82263
252.22473 672.08215
462.43134 764.46429
458.13708 769.05750
454.26279 776.45087
451.55911 785.67151
437.96127 811.31122
418.21466 739.04456
413.64853 737.32428
409.94815 735.56366
378.49811 713.66333
292.29565 666.44257
471.41956 523.22760
455.77454 476.60602
440.34793 481.65186
422.40598 740.32172
293.73895 727.66614
478.31604 472.78052
428.62225 833.68359
510.93707 553.11273
488.39966 533.93347
510.41791 528.69879
452.76495 584.63550
514.13257 883.72131
513.59918 854.48047
468.98880 851.33337
373.37946 776.89288
400.52109 647.23517
398.54785 808.69061
343.75012 644.11938
376.73975 670.43170
324.12976 682.55017
462.94342 879.66217
436.53732 598.17456
357.60068 799.65918
389.06512 830.48492
352.03690 742.26459
271.92456 698.70001
324.81049 751.71228
266.13986 722.31592
356.80634 697.74054
455.02319 563.52948
455.51685 632.64624
438.71765 637.75977
466.60901 616.14685
437.43536 452.90256
399.83960 435.59338
366.24460 432.41537
337.60797 439.17883
317.82288 453.83557
306.48169 502.04660
240.99326 567.34552
325.19080 530.90710
349.95721 535.09802
381.22589 534.01971
410.16074 529.48584
432.51703 523.17743
447.95602 515.50714
242.11691 571.41980
438.42807 643.57593
471.05536 568.44604
473.77209 634.52246
487.59842 646.97333
473.87744 638.74414
444.80829 650.49390
492.29767 649.24103
494.80920 654.69482
445.52686 498.31583
459.78088 501.74365
468.70648 503.35663
341.15985 489.04846
322.11902 477.03400
531.47113 556.50452
678.31097 492.71436
535.74902 650.20795
755.50488 412.24265
618.13342 514.61902
640.07361 515.58215
661.16199 514.22028
688.21875 502.36957
599.29901 509.96091
647.51666 442.48755
622.00671 446.19098
671.93872 446.58148
687.75623 457.13525
707.82928 518.31213
605.89410 857.27838
685.81793 487.24500
771.95135 514.26202
731.85138 501.75226
637.09009 613.79480
553.78430 722.20251
549.99384 735.30945
583.16760 727.90515
602.33221 732.91742
574.47125 736.35638
592.70361 738.39423
636.39502 762.18695
532.90869 637.26978
535.33356 612.27631
718.86511 432.69141
582.95190 555.51575
592.02863 627.79608
593.58887 614.58716
708.88599 608.49017
533.64783 581.96130
665.34424 401.86426
697.20508 412.00427
733.03351 368.68063
562.98956 427.27151
600.36316 458.19586
655.85632 732.04846
749.79663 740.08447
574.00757 642.33301
553.77368 650.79822
625.70599 742.63898
619.58728 743.57983
708.73328 395.98380
594.28101 637.85541
621.92572 404.83353
624.88647 383.79077
642.15002 310.58472
719.83612 386.60489
630.29114 350.09744
730.97394 422.96918
743.01428 422.57239
552.55371 729.56403
579.13525 732.42242
598.00067 735.66290
568.49353 646.89429
622.59412 743.11548
610.43402 755.68103
616.80792 744.08563
560.52167 635.75964
587.64429 740.04626
569.76251 738.74744
546.97192 738.49176
551.07800 826.65173
551.42999 796.64606
551.15222 785.96735
549.54309 776.57837
546.71674 769.72107
586.63947 760.10217
591.62738 762.28064
596.90430 766.38379
600.55511 771.80103
625.40790 695.92743
773.36511 622.10858
599.64001 754.18109
605.41669 754.45978
546.49396 660.51465
587.08917 651.82355
549.89709 655.87238
609.87140 568.35669
650.91199 582.39941
598.74237 625.18713
697.96191 333.63025
684.54755 361.38843
672.57361 381.88925
614.66541 787.64880
568.91229 392.59674
573.18518 349.20337
580.80078 300.36292
678.52557 510.27847
731.40308 535.20148
586.54480 504.47702
709.47809 468.93698
565.05621 540.19934
575.63013 619.59882
757.63348 554.47015
718.01361 550.72528
690.23230 558.20117
646.69873 555.31274
613.63806 546.53027
588.36566 535.65192
532.63965 507.91101
758.75348 602.40881
726.46783 465.73639
524.80328 650.42780
583.18799 578.63763
776.19714 514.89154
569.44897 522.36548
601.56934 626.36108
696.29761 488.20074
576.50183 603.64722
765.79895 679.80591
586.01709 496.08850
554.94897 590.31348
703.33521 793.02551
697.37280 822.71698
775.91296 614.07294
733.04211 761.30798
757.74927 465.45074
608.37219 881.83557
522.37024 656.15173
606.72968 595.53802
750.91370 506.93610
658.56116 499.20709
640.55658 501.29053
614.48187 757.69739
757.10846 651.59009
564.54840 917.26868
633.57196 879.27087
662.78955 855.19226
622.33270 500.94464
604.81006 499.09326
592.73218 498.07587
741.41669 461.94998
605.99811 479.50519
624.72156 472.53387
643.52191 470.73941
662.25781 473.78952
673.92157 479.13611
768.95496 458.46155
670.36243 496.04645
599.27704 684.81818
573.39771 638.66132
549.69879 680.57764
670.76196 826.28772
640.37555 853.61523
566.09277 901.99365
725.36694 787.82483
592.43726 489.27551
549.39111 546.15393
602.39313 901.22192
769.67450 667.55042
569.15247 765.50110
573.92719 770.07227
577.54388 777.27252
579.71399 786.43951
587.26984 810.40991
607.50452 740.72858
612.31726 739.16846
616.27496 737.42517
645.99573 711.18115
729.32605 662.44812
548.24658 522.50757
566.66791 474.40726
581.89905 479.22357
602.63373 741.90649
729.05627 722.97327
543.68335 471.55420
596.90289 832.12360
532.24475 533.47882
568.24170 583.52893
557.09991 850.67468
651.62067 773.79858
621.84119 645.09888
626.85052 806.21387
677.34430 641.01715
645.57849 667.86237
697.97980 679.00891
563.87299 878.78796
584.50195 596.58624
667.20770 795.81134
636.64856 827.53876
672.41840 738.86871
750.34595 693.99817
698.87830 747.40027
756.85059 717.21204
666.61646 694.89154
565.37653 562.40863
567.95483 631.14954
584.22180 636.25739
556.52533 615.08630
584.23669 449.46613
621.39581 430.89801
654.52759 427.09662
682.00085 433.07593
700.82788 446.52017
711.53662 494.65897
776.75006 563.69519
696.51941 527.72211
673.97864 533.81818
644.05341 534.20837
615.24152 529.68237
592.53491 522.52332
576.56189 514.39709
776.06622 567.91998
584.53027 642.15234
550.27252 567.57617
550.17029 633.47205
536.97461 646.28900
550.26093 637.71985
578.74573 649.29285
532.40015 648.68353
530.07098 654.15460
577.64081 496.37033
563.79010 500.49933
554.96448 503.10107
680.67108 483.44354
697.20325 470.49158
390.32980 487.38141
415.39142 486.99545
388.93146 465.56738
364.90973 487.76715
391.36990 508.73895
633.36426 485.56250
658.18536 485.40234
633.15845 464.23697
608.74951 485.60516
633.77185 506.73938
