503.79504 713.46997
500.19077 637.33887
504.42285 662.99579
482.08759 552.39337
499.73959 609.68964
500.79111 575.49823
505.01468 494.28754
340.28662 491.41156
506.20236 425.71454
506.20398 388.50623
509.28915 262.66721
504.14130 722.50507
505.03842 731.26410
506.19785 736.15503
506.03644 786.57025
505.57129 796.36829
505.44177 809.02380
505.98322 823.69110
507.06345 840.29462
501.53131 651.83160
481.75259 651.12592
248.09290 399.38934
404.40070 518.85248
378.68784 519.78088
355.49573 515.81299
329.03180 500.41437
427.26929 511.82571
372.06631 435.25226
400.87415 438.91144
345.73718 440.18854
328.85931 451.54578
305.54205 515.35156
416.47336 867.69940
333.57782 484.40707
235.83466 512.87500
280.02283 496.56589
378.73242 616.60132
466.09900 710.16638
469.40396 730.55518
430.86798 717.54016
406.91977 725.95642
440.61002 732.25330
418.46423 735.78699
387.70074 769.88672
480.35968 636.72845
476.87967 610.15753
292.68564 425.57303
434.29886 555.18555
425.88187 629.28607
424.50256 615.63867
301.76923 612.30762
479.24579 578.57446
348.21014 394.82617
315.10904 404.65265
269.67398 348.53848
455.66852 421.99152
425.90631 451.80127
367.60028 738.00494
270.23901 761.26007
445.19012 644.63837
465.27612 652.17267
380.83215 744.25745
387.48718 745.49646
302.78754 387.74582
424.28647 639.84644
393.89038 398.22894
389.86957 376.49173
365.66251 278.82178
284.45102 369.52222
378.67371 325.26019
279.35291 414.30984
261.48892 411.19788
466.80560 721.21234
435.37244 725.35468
412.28748 731.01855
450.55951 648.94153
384.09851 744.83783
397.71497 766.17285
390.81818 746.27411
456.71738 637.14465
424.10995 738.58124
445.79633 736.27124
472.95154 735.44177
468.71103 837.76160
466.98468 820.82593
467.77029 806.25110
470.14758 793.60242
473.71182 785.15973
425.70447 774.23535
420.48810 777.08228
413.98209 783.07672
409.92062 790.83740
393.87463 700.43286
241.68723 633.45032
502.91061 657.69525
410.02042 764.41278
403.59659 764.47131
472.04376 661.53851
432.41943 653.84802
468.92621 656.94879
405.93530 569.21344
362.64404 583.92474
419.78616 626.78107
306.54083 307.04343
321.11987 339.35764
340.31424 373.78314
407.48663 796.16541
448.18799 385.82385
438.60440 323.26144
431.01556 265.66599
338.02246 509.89359
277.53983 533.00244
442.73660 504.43256
304.58054 463.25055
452.29150 538.10919
440.53473 619.96747
251.43631 556.21606
291.25189 550.43567
320.82227 560.01233
368.29660 558.58740
404.82520 549.84875
432.73669 537.70807
482.57159 501.33112
250.90210 608.31592
285.17007 458.71033
489.74380 650.78973
434.33301 578.77228
233.63239 514.84906
453.15613 523.01477
417.75647 628.29480
320.83893 484.63947
440.17953 603.37866
251.07785 696.42200
445.44009 495.19867
459.45270 588.27539
320.26199 808.69128
328.55145 842.06451
235.51715 622.96448
286.44598 779.27081
248.08466 458.97833
415.99664 891.31805
493.72220 656.82904
410.48468 596.79315
260.66013 501.67487
359.73773 501.92068
379.63898 505.99323
393.36005 768.91150
254.36948 661.84662
459.32190 925.57581
393.78497 892.88019
365.13409 871.35876
507.39139 324.79330
507.41995 930.87537
401.55664 505.43686
422.90997 501.38498
437.42407 498.37628
269.26474 454.01306
423.33386 474.96463
401.28510 467.43634
379.55103 465.99316
358.77301 469.83386
346.21283 475.65909
237.03470 451.72681
347.66418 496.50620
505.49380 681.89020
420.05627 688.23993
445.45120 640.85205
468.66614 682.36511
506.24896 461.35217
355.20654 839.96216
385.69717 864.91547
456.19412 910.07446
297.76349 809.87482
438.68826 486.66635
466.15594 542.64563
506.33099 914.12659
423.38202 911.95789
243.56894 681.57782
447.28708 781.22742
441.73877 787.24329
437.16815 797.14954
434.87836 809.94360
433.11459 820.42798
400.38922 739.95306
394.66522 737.28772
390.24396 734.46735
374.50583 716.20978
282.56561 671.25024
468.16797 517.85565
459.67325 470.87219
447.23755 475.37766
406.13885 741.62189
287.66455 736.57483
477.59097 467.76724
424.39789 842.58508
502.22751 548.20221
482.17963 528.42676
503.56421 522.70667
448.08658 582.55511
505.95981 891.60181
506.52328 863.99280
462.63004 861.24939
372.49371 782.94989
397.57874 648.67468
396.71445 816.03833
336.61014 645.89471
372.69067 673.03107
317.48093 686.47125
456.54321 888.43372
433.48273 597.20862
357.57526 806.89319
387.88156 837.84338
350.10144 747.16785
263.62738 707.60443
322.15964 758.75409
259.20187 734.84851
352.65521 700.82129
451.40836 560.71436
448.68402 632.31323
433.91357 638.24847
457.81238 614.07208
439.63699 443.35522
398.06818 423.47968
361.75156 419.73184
332.40305 426.23251
313.03940 440.32416
302.85428 490.32065
232.72461 567.44537
317.34424 526.46783
340.44351 534.48584
373.02985 537.16907
405.50937 533.06964
431.76013 524.20593
449.45361 514.83478
237.14581 574.03046
434.01361 644.31323
464.37802 564.88306
464.71896 633.46265
479.17169 646.71454
466.03265 638.25958
440.08734 651.32123
482.79401 649.09424
486.68274 655.07440
452.96100 495.07172
463.06229 499.52881
468.11725 502.05939
339.26755 480.12527
319.14087 465.49146
523.35919 552.36011
686.90894 495.53632
525.88593 651.04004
799.76202 400.25339
620.77197 519.44446
645.62610 521.06219
669.28674 518.11560
699.38245 503.82172
599.04944 512.40680
649.97852 438.38818
621.74841 441.12756
677.09326 443.76544
695.32404 455.25232
724.07770 517.73199
602.56226 869.53491
695.23279 488.53110
813.02271 515.84314
753.42621 499.06601
642.36060 617.01099
544.23230 709.77710
544.68500 730.36444
587.29486 717.11987
617.76624 725.03540
579.29468 731.86328
607.39587 734.84387
639.57245 769.99670
521.02747 636.81647
523.33844 610.08862
731.05988 432.01938
585.07849 555.16901
586.84991 629.03760
589.51086 615.22235
726.28540 613.69550
523.32172 578.45459
664.95490 401.09756
702.69373 411.42511
770.13141 348.65387
555.51971 423.73724
598.10199 453.39243
661.32300 738.09540
789.52893 765.52142
567.78662 644.34503
546.32825 651.90527
656.13165 741.79883
649.03113 743.15265
717.11060 394.56442
590.72595 639.55212
616.82202 402.71671
619.47131 380.98047
659.72137 278.10513
747.16266 371.93414
640.66815 326.64062
748.08051 420.42194
777.45264 414.08453
544.98102 720.83258
583.33557 724.98737
612.76849 730.00568
562.43384 648.66064
652.59302 742.40912
634.17072 764.37750
645.82214 743.97607
551.55688 637.00696
602.91791 737.59784
575.58417 735.80542
543.71765 735.26355
547.31903 838.40222
548.24866 820.94659
546.37823 806.32861
544.56848 793.66467
542.20227 785.19873
600.97211 773.47174
605.74158 776.25146
612.01263 782.07068
616.36499 789.64746
627.78833 700.39148
821.70215 637.44623
621.87701 763.06256
628.13708 762.91949
539.17194 661.41168
583.99658 653.61926
542.38055 656.80908
615.05664 569.35803
660.22766 584.56342
596.42963 626.54700
725.91406 306.54105
703.82031 341.66873
673.23633 380.03156
616.05914 796.72253
560.40088 387.72070
577.75989 323.73886
590.21954 265.03745
688.61865 513.19073
753.92914 534.34973
584.12366 505.38708
722.50220 467.58307
565.24615 538.07043
567.67767 619.90570
788.36047 558.91559
736.39142 551.33496
703.01892 559.77350
653.60437 557.69238
617.01038 548.71436
589.09900 536.88727
529.09338 501.38672
788.36121 611.10828
744.22827 463.40396
513.79510 650.86823
583.15161 578.59753
826.04358 517.30737
567.72510 522.76709
601.06714 628.07666
708.25671 488.44775
569.92310 603.13910
811.83301 701.09308
582.87311 496.60260
546.13971 588.20660
718.71979 812.09631
716.89331 845.78113
814.96289 626.89600
758.21802 782.78540
796.37885 461.60022
603.42993 893.48853
512.40851 656.71918
609.19067 596.80890
778.19769 503.84064
664.75909 505.14807
644.44171 507.99942
638.99585 766.99817
786.70642 665.02698
557.00500 926.66638
634.67706 894.93799
671.40076 874.30945
623.89124 506.56653
604.02454 502.29361
590.42023 499.64371
764.68231 457.46976
603.91260 475.13318
624.57556 466.96609
645.31860 466.11371
666.48279 470.82968
679.97437 477.83704
817.09814 453.28528
677.91022 500.42920
598.29071 687.96893
566.29236 640.64655
544.15131 682.36688
677.57013 843.22015
640.83588 867.67578
558.16193 911.43591
755.34253 813.54626
589.19751 487.92908
545.22089 542.63330
597.79889 913.46387
807.38824 685.72003
573.50952 780.93994
578.11224 786.92102
582.28760 796.65540
585.28491 809.27863
586.25098 820.96429
631.96478 738.22449
637.02039 735.58801
641.29211 732.73706
651.14594 716.20300
751.03162 673.58643
546.39020 517.96759
562.79895 471.96399
578.53699 476.88733
626.99176 740.05042
750.84644 739.35437
538.36035 468.81750
595.40131 843.69946
526.21429 528.37628
564.21149 582.52051
552.41907 862.02130
655.73572 784.27319
623.14117 648.58215
627.85718 817.26196
687.77338 647.07013
650.32568 673.51550
711.45215 688.31366
557.26611 889.68365
582.48828 596.79144
672.65002 809.36530
637.28882 839.92621
679.56183 748.53137
778.88635 710.85315
711.37183 761.22443
790.55591 738.63776
674.48132 701.67163
563.15070 560.67303
559.26172 632.19464
578.17731 638.02142
546.00409 614.08582
579.71277 445.82178
619.17078 427.54123
655.48468 424.53445
686.75989 431.10571
709.65588 445.27777
727.61932 493.13794
816.99072 570.91113
709.96680 528.58484
684.37274 535.64252
650.68896 537.49829
618.55225 532.74011
593.13483 524.04095
575.25104 514.80200
825.56042 577.08844
579.64825 644.02496
543.92499 564.83527
539.25415 633.62964
526.82269 647.02942
540.36328 638.54175
574.33905 651.00464
521.76471 649.22302
520.18097 654.98682
573.99689 496.27383
560.81549 499.77972
551.33679 502.27405
688.14362 483.33484
707.44513 469.65344
389.38879 483.36273
416.95245 483.80548
390.63586 457.79932
361.36087 483.00122
387.93549 508.88611
639.19196 484.72092
666.28674 483.79358
638.19727 460.67468
612.44574 485.38306
640.22070 508.81091
