516.52155 757.90979
527.78601 685.64307
523.30585 700.99329
504.66690 587.98828
528.43481 658.37439
527.57001 618.97003
523.67133 520.82080
344.74463 489.55688
522.39380 461.41177
522.61273 428.31741
521.56061 282.75943
516.40057 767.30536
516.02551 776.61395
515.86066 782.70660
515.83350 796.13885
515.78864 809.66083
515.27545 825.02075
514.61456 840.20923
517.63116 867.62830
526.43762 696.94324
496.78342 691.07239
237.06323 380.85938
415.75693 509.83539
390.21265 511.93393
364.97324 511.80917
333.16992 498.47961
437.50912 505.55563
376.32840 448.73062
406.03403 450.46722
350.15182 453.41443
333.47455 462.23022
308.60254 513.94946
416.00916 906.39392
334.82025 483.75098
220.57590 498.02411
279.64969 496.81131
387.79114 631.90808
482.29028 751.13611
484.81326 773.75269
451.09662 755.24011
430.70700 757.84961
459.47412 770.54810
440.55472 767.73743
385.78943 789.22418
505.71988 684.06927
503.59396 657.25287
299.16711 447.41632
445.23450 566.79346
437.66205 658.03546
436.25870 641.07111
308.32849 620.86353
504.27948 620.48077
360.64935 425.63757
324.58286 432.71313
267.74670 340.47629
473.72171 446.40295
431.93912 459.21558
364.03925 757.69739
227.95267 751.85840
455.08914 674.95178
476.50336 684.95056
403.47723 759.71216
410.36703 761.99109
311.72705 416.94901
433.62054 664.83215
410.08633 427.94971
406.11163 408.45435
376.88336 291.10336
290.42181 377.34247
394.76459 349.43384
284.38974 434.41571
259.28186 408.78271
482.89471 763.52808
455.05780 763.18750
435.28848 762.76685
459.97272 678.76538
407.04254 760.88721
419.66605 774.11011
413.68936 763.12653
472.70779 675.47156
444.92108 771.47748
463.58417 775.65320
487.30072 779.93591
478.28378 863.94507
478.62140 835.15833
480.69363 820.19958
483.81583 805.11450
487.11758 792.74463
445.01462 777.85840
439.48309 782.40631
433.36493 788.89325
428.41647 796.31885
399.04419 724.95374
206.63623 608.81110
524.99023 699.98578
431.44012 770.94336
425.47830 772.20471
486.13391 695.69861
439.65463 677.91931
481.53479 690.62915
418.33218 578.44556
374.53979 593.64294
429.62698 649.31866
312.29907 309.50861
333.82471 356.29779
352.80713 406.24493
409.29724 819.72327
466.71558 414.79660
455.30920 349.19531
444.11658 283.07831
344.51675 507.26764
279.26428 530.19769
451.48862 500.94135
308.90472 472.06195
464.08197 553.33698
457.46875 656.16699
245.91542 551.45361
295.28833 548.80975
327.17694 559.81982
377.34186 557.37781
414.55685 548.04327
441.30746 538.29626
499.66354 525.88928
245.03233 606.54810
287.82147 468.63043
512.29572 695.68414
445.10956 595.91327
208.24680 486.41534
462.14120 527.36676
425.51193 646.98730
323.87903 485.14624
456.01642 635.17249
211.71149 678.10901
451.04739 492.22729
480.44452 625.98651
292.31699 829.32477
289.74097 862.12158
213.78537 612.04279
256.97302 788.21594
238.93533 448.20300
409.58575 938.95215
513.46722 698.53998
420.32788 611.64423
258.47446 498.80646
369.92575 496.35815
391.65469 497.21826
414.56882 776.61377
243.23367 662.54608
458.28867 981.93347
372.47891 936.01001
334.20407 905.25024
522.36591 351.26791
515.20276 987.48706
412.74075 495.55817
432.93555 493.24710
445.62375 492.86737
269.66510 461.03809
426.85291 474.32373
403.67453 467.28619
381.29926 466.45657
360.03757 470.34769
347.15570 476.10406
218.44382 426.62189
355.30554 493.38535
522.40619 717.80878
428.66531 715.17859
456.67343 673.22424
482.83200 715.95984
522.40240 487.86395
332.11047 870.13416
369.03882 905.09814
459.16461 961.16370
255.96346 813.96637
443.27258 485.19366
483.06348 569.05695
516.45154 967.66650
412.59055 963.49426
217.51346 673.90472
463.56778 785.85205
458.18448 794.51385
453.28345 805.68982
449.72989 818.92737
439.26779 846.19556
425.46240 764.86688
420.19977 761.84406
415.83475 758.85083
375.46869 738.24146
279.09750 679.71521
482.49448 538.16931
470.76276 477.79251
454.27893 478.05844
430.61343 767.82788
270.50052 746.63770
491.38159 481.47894
426.99765 873.87518
526.19049 585.22473
502.00369 558.38239
524.90662 554.02795
463.15860 608.93927
517.29767 936.55322
517.49103 899.04663
471.55353 894.49719
364.58282 805.45825
402.84631 666.61426
392.79559 843.34412
341.94171 661.60260
376.57953 692.13806
315.37662 701.96283
463.88144 930.30701
444.69537 618.52985
342.70801 833.50684
378.48889 872.15222
342.00336 766.68872
246.39241 710.90149
306.90283 777.36200
230.09872 732.78070
351.43961 719.92316
464.65979 582.24316
465.28305 670.58411
445.34335 669.06250
479.65366 656.99951
451.55896 457.74887
408.51703 443.98804
370.99823 441.64960
340.20166 446.17810
319.51007 456.27991
304.92755 491.19382
214.33719 554.10284
322.59686 524.81610
348.27539 532.79980
383.25272 532.68445
416.04446 527.26538
441.08112 520.84961
458.40573 514.81598
206.80154 546.04736
443.73270 672.31232
483.81442 596.86725
485.69287 677.83423
496.87085 689.36053
483.85544 680.00824
448.87558 678.38971
503.23779 693.21436
503.90179 695.83545
460.03537 494.41772
472.30719 502.70709
478.64075 509.71194
339.86371 480.42325
323.37616 472.26862
546.52344 588.10931
682.10657 489.63165
551.84015 690.67853
767.37518 386.39166
614.95422 509.47198
638.34045 511.62961
661.55615 511.94574
692.21844 498.72345
595.21503 504.89291
655.41705 451.95731
627.94861 453.30469
679.62677 455.97729
694.45227 463.95667
713.09155 515.04919
612.10553 904.23724
691.48755 484.28021
783.57336 501.35706
741.08441 498.10995
646.81000 632.62335
550.52081 749.81641
546.78986 772.69666
580.87537 752.51135
600.01892 754.50122
571.71826 768.50806
589.99500 765.10535
640.12695 787.60541
548.98584 683.92969
552.07806 657.17578
729.16278 449.03421
591.91150 567.39142
606.25427 658.21130
606.23450 641.41382
718.86530 621.90112
549.67468 620.47357
675.12628 428.54132
707.71594 435.28467
745.80615 345.84760
568.65881 449.96613
603.36792 461.40945
661.66467 756.36157
765.46191 751.70331
588.61694 674.86353
568.16028 684.98236
626.05066 756.33093
619.23987 758.80737
720.77710 419.02075
607.52625 665.08252
629.25293 431.44824
634.78027 411.94687
657.28058 294.61935
731.35107 381.46973
642.91278 352.28378
742.65033 436.16351
754.64270 413.30154
549.34625 762.34772
576.52948 760.84003
595.40210 759.65009
583.11066 678.67572
622.52466 757.61536
609.97607 771.56641
615.87897 760.02551
575.85510 675.30115
585.44696 769.06836
567.11469 773.89679
543.91034 779.02777
555.29614 863.54559
549.70758 834.53900
548.89172 819.45532
546.74011 804.36194
543.82629 792.07422
584.93304 776.02863
590.41907 780.50916
596.16180 786.99756
600.51624 794.44739
634.15741 724.50098
782.79114 611.54413
598.49860 768.73999
604.33514 769.84155
558.91791 695.89496
599.91736 678.02655
563.45880 690.77179
616.43896 579.32977
658.25006 594.76178
610.47485 649.74573
711.65161 314.25696
695.67035 360.11987
684.07452 408.92401
618.95093 818.28656
577.88055 418.76682
587.34814 350.75571
596.45746 285.11465
680.75323 507.46875
739.44403 531.79059
582.72662 500.43100
717.34985 472.69427
575.51227 553.67511
590.65460 656.39264
768.84015 553.69031
722.87512 550.94751
692.08704 562.23083
646.19238 559.15002
612.83759 548.96130
589.07568 538.97955
545.93347 526.05200
771.21881 608.19458
736.89569 470.08264
539.99261 695.40259
593.74182 596.44214
784.74902 490.73193
571.26306 527.90552
611.92249 647.37976
702.17151 485.49002
590.26965 635.40039
778.73889 679.43506
583.30060 491.51501
570.09363 626.08179
721.02423 826.68256
715.82715 858.63586
790.06238 613.77856
751.91675 786.74713
769.50110 452.28406
616.58014 936.12061
536.31244 698.41248
615.69702 612.33124
760.18829 500.29938
658.54541 495.97937
638.55884 496.73990
614.92621 773.98724
771.60040 663.55469
569.46393 980.05237
645.09265 931.59265
678.09247 900.64905
619.01282 494.81122
600.37433 492.35010
588.51904 492.11469
752.96289 462.62173
606.39478 476.43073
627.96899 471.13220
648.79419 470.93253
668.10510 474.32507
679.58319 478.71130
779.98425 431.50821
672.22614 493.10599
608.98987 715.07336
588.34998 673.20911
560.83643 715.97302
684.74725 866.88269
652.01697 901.63843
571.15051 959.71667
743.35382 811.97565
590.73511 485.41299
562.48181 569.26959
610.83362 959.96533
785.90649 674.90204
566.70575 784.48578
571.84076 793.17877
576.16345 804.39868
578.94159 817.70325
591.69983 845.03589
604.94324 761.83600
610.03705 758.49835
614.49164 755.35742
653.60974 737.37659
742.83636 680.27979
560.14246 538.56604
567.18915 478.49033
581.38824 478.72699
599.87372 765.05731
745.63220 745.97137
548.49683 483.29581
602.16150 872.14081
546.51324 558.38171
580.75055 609.40521
561.20129 893.63794
659.16766 803.74170
631.82159 666.82794
632.96521 841.24536
689.10901 662.11847
655.69305 692.22583
710.94415 701.99780
568.18561 929.31104
595.63599 618.96393
678.29669 831.01904
645.70959 869.46729
681.93384 765.68884
766.65363 711.06274
713.18591 775.85205
774.65417 732.72113
676.81384 719.63446
577.31403 582.68884
583.59009 670.47559
599.17773 669.16858
572.71155 656.91766
586.73047 459.63452
627.53967 446.54181
662.97272 444.44958
691.23285 448.79306
709.27527 457.91113
719.03320 492.09143
789.11127 556.70898
699.43439 526.17383
674.96619 534.07898
642.92444 533.48267
613.13995 527.56531
590.69934 520.88025
575.43341 514.68921
783.13049 549.62842
598.65045 672.32733
564.31635 597.09363
566.48608 677.43207
553.34650 688.96356
566.27679 679.76868
592.68787 678.29846
548.24188 692.85352
545.15027 695.46460
575.24329 493.99936
563.66724 502.68036
557.62994 510.44962
686.41766 481.97589
703.51556 472.94360
382.50656 479.72516
407.84897 480.10257
382.91595 458.27448
356.69797 479.51801
381.99985 501.37881
638.02673 479.31265
663.76257 479.44919
638.39093 458.31390
612.26685 478.89450
637.98151 500.36011
