514.54688 712.26166
519.58087 645.24261
516.64618 670.28619
497.57364 556.20990
520.03546 617.59979
519.53613 581.74670
517.28632 496.75348
336.85638 495.96866
516.88116 443.17291
517.11688 410.10065
516.83539 278.95248
514.13916 722.94836
513.77954 735.21497
513.69727 744.14246
513.41858 745.66077
513.53162 757.90570
513.25562 773.53497
512.96704 790.27850
514.22009 820.40417
518.63062 659.11237
492.93774 657.92572
225.43439 402.33752
410.02319 514.44971
384.29077 518.45264
359.23364 518.22473
325.95554 504.78473
432.17706 507.34818
367.73572 444.87704
398.11832 445.34717
340.76007 452.11673
323.88715 463.48932
303.27869 520.19482
417.92728 873.99860
326.87573 489.07227
214.56680 516.30634
270.40692 503.33795
388.58981 622.36554
482.91660 707.34277
485.66428 734.77570
449.44189 719.37427
428.40192 732.26752
460.92969 737.80975
441.98572 742.78253
397.48413 781.69885
498.03650 644.61731
495.55029 617.91730
286.91888 449.18539
441.32550 556.32434
436.52448 636.37506
435.17453 621.83643
309.89008 620.20514
496.68558 584.71619
350.74521 421.95160
313.43921 431.73633
255.19394 353.81503
464.65363 438.24829
424.64197 454.96860
376.88422 758.54968
238.13220 772.24646
454.93320 651.52008
475.05963 658.79352
409.41010 752.04480
415.30130 751.24902
298.17303 416.50165
434.07309 647.47852
400.60776 422.13818
395.55261 402.63644
368.57678 290.75134
278.19806 380.87277
386.17392 341.17447
268.85248 436.64618
247.91296 419.54108
483.24533 721.62280
454.92715 729.30212
434.93152 737.74969
460.39508 655.93048
412.42276 751.68195
424.06012 755.19690
418.53650 750.85986
469.16367 643.94281
447.87454 746.10516
466.33078 743.50189
488.60474 743.00928
481.30466 820.12036
482.34695 787.90961
483.78616 771.17615
486.04111 755.74725
488.44547 744.50732
447.39166 746.44720
443.13626 751.96985
437.88016 759.64240
433.56213 768.76520
406.70605 715.32306
208.07159 640.11633
517.65405 664.72437
433.71930 748.44159
429.16730 751.43872
483.31876 668.74133
442.40054 662.61737
479.34000 663.86902
413.94501 571.97815
371.73788 589.24194
429.73108 633.45978
301.23157 315.25656
322.55148 353.42484
341.13593 402.95111
419.39630 797.37103
455.72693 405.90549
448.40915 338.85397
437.75031 280.11682
338.09216 513.98499
275.07343 537.62085
446.78833 501.12512
298.56604 476.02753
459.79343 538.72400
453.84457 627.09406
241.91339 561.25385
295.25708 555.74249
330.19775 565.06134
379.60724 560.32660
415.45319 548.97748
441.60007 536.98590
493.42023 503.33496
246.69397 615.97852
276.25726 472.99030
505.45126 658.12390
443.27362 581.81250
201.43262 518.14563
461.50046 524.11761
426.97971 635.10364
315.36801 490.89459
453.02765 609.59167
218.52386 705.77032
446.49164 492.30695
474.72955 594.32971
299.65686 823.47186
299.71375 859.27704
217.35776 629.77393
266.28333 790.38721
230.08191 463.51044
410.51569 904.28455
507.22711 663.69421
419.54074 601.49170
246.36716 506.05197
362.12390 504.05963
384.04602 504.60492
419.43082 759.84827
250.49792 670.70203
458.96603 940.06079
377.19904 912.61414
341.13162 891.36267
517.01819 340.59277
513.90741 942.87732
405.60638 501.06732
426.53177 496.11212
440.25284 494.07413
254.96277 465.56128
420.36951 472.16644
396.82248 464.63800
374.16531 464.92389
352.39911 470.96051
339.56625 478.67535
208.98444 453.76147
347.31195 500.48871
516.26001 690.71143
432.77008 700.28357
455.64539 647.52197
481.27548 691.55255
516.63617 469.71033
336.04745 856.67578
371.86389 881.62628
458.23532 918.61945
266.73782 822.97217
438.15686 484.42401
477.70770 544.73584
514.37195 920.51202
415.35092 929.35657
226.04663 689.41345
466.06946 744.58545
461.92310 753.53784
457.98947 765.44476
455.23596 780.01965
447.13510 810.76697
427.42889 747.27051
421.01559 745.50671
415.30823 743.03589
386.24857 735.16791
286.60620 680.35413
477.24692 518.98309
463.46802 473.72974
447.82629 475.58527
433.83887 748.57751
280.26764 747.29236
485.68753 474.47565
432.07800 842.45099
518.75250 552.06525
495.22675 530.47076
518.00714 524.67023
460.05896 586.85339
514.68799 889.99426
514.46558 853.18494
472.70337 853.09155
371.32385 797.44128
405.33765 656.74066
399.45117 824.33087
346.01761 653.41504
380.48431 683.21228
321.45148 697.51410
463.14832 888.99103
443.57156 601.89185
347.05072 821.94330
382.55884 850.23914
349.91898 765.27551
255.93034 717.22968
315.10480 772.98010
239.64380 743.37927
358.20789 717.21967
461.23859 562.97931
461.62326 639.34180
444.38614 645.36078
473.46661 621.53833
442.92300 452.46585
399.72375 438.71469
361.74823 438.16119
330.60611 445.51321
309.25543 457.90350
296.00476 497.46790
212.03482 572.30017
319.05606 530.99280
346.22873 538.09454
380.93610 537.20001
412.98975 529.95447
437.87305 520.95282
454.93539 513.00385
203.15427 578.98718
443.87274 651.89227
478.24768 568.86804
479.71078 640.98425
492.02313 654.00256
479.33383 645.59143
450.37051 659.28467
497.26303 656.37744
498.87338 661.86279
455.26123 493.27258
467.71417 499.35855
475.96985 504.85178
332.45380 484.29138
313.86127 475.84119
539.30701 556.23535
688.03693 494.15256
541.12494 657.82025
783.74451 405.68408
617.68353 515.49030
643.10596 517.96057
667.12421 517.07410
697.30872 503.08298
595.84595 509.10931
657.08282 442.08997
626.47681 443.88419
683.81055 448.22809
699.85199 459.48572
717.79504 519.33759
607.46674 872.78235
696.42242 486.85419
793.53809 517.91718
744.90088 502.24136
637.91168 623.10260
545.38470 708.34918
541.06671 735.68701
576.49957 721.36658
595.07788 734.70178
564.27344 739.54718
581.49731 745.06897
626.26501 781.54895
540.43152 644.63220
543.79187 617.96094
733.35754 443.35779
586.82031 556.63391
594.70844 636.68909
595.37500 622.13843
712.09637 621.18225
541.72357 584.73157
677.14520 415.77393
710.87781 425.19891
759.65277 357.88428
566.89246 434.63147
600.01880 455.02002
646.74341 758.62219
762.15674 770.48767
575.81982 651.81274
556.43011 659.13855
611.98914 754.99414
606.03528 754.13562
723.23315 410.69275
595.34949 647.76184
630.46234 416.73572
635.04547 397.88742
659.22852 294.17349
741.97186 383.68680
643.92694 343.80008
746.87946 432.82953
767.17969 421.99286
544.10364 722.62903
570.53680 731.17487
588.61157 740.02490
569.96967 656.15472
608.89209 754.60358
597.75830 757.78662
602.62170 753.70496
564.72937 644.18317
575.47198 748.38525
558.71503 745.14221
537.81567 743.87286
546.15045 820.18042
542.93390 788.92047
541.79175 772.02551
540.01520 756.44324
537.63544 745.16071
575.53632 748.27661
580.14349 753.95398
585.35956 761.88892
589.63782 771.23730
620.01331 715.68158
789.32507 640.73956
587.78552 750.76697
592.63373 753.88806
548.57501 669.12567
586.05481 662.91675
552.32886 664.29443
612.54034 572.48773
653.76398 590.16486
599.37506 633.79700
720.16772 319.40491
702.52094 356.53931
685.49548 397.52774
605.45197 797.05121
575.77570 403.00336
584.40002 340.32660
594.03485 282.09509
686.60608 512.58240
742.93268 536.99445
581.20935 502.88638
722.11334 472.15967
570.13483 538.88837
580.28424 627.42932
772.45398 562.56757
727.84741 554.64502
697.23712 563.50024
649.73279 558.92542
614.20148 548.28595
587.94336 536.76105
540.19763 503.42273
768.17896 616.89209
741.13336 469.91635
531.33398 658.10913
585.47198 582.15527
799.29169 520.02063
568.38281 523.77704
600.43622 635.48486
706.59399 488.40320
580.13165 609.90973
779.37476 705.13531
580.29602 493.93091
561.49933 594.49512
715.32928 821.41235
711.14117 856.13470
789.38098 630.08325
744.69336 788.69299
781.07123 465.65399
613.93951 902.58386
527.83411 663.66443
607.53809 602.01678
764.37469 506.35916
664.89203 503.05310
643.70728 504.60214
602.40619 762.51270
763.46716 671.01569
567.40735 938.98767
642.99756 909.66547
675.29144 888.04907
622.22156 502.50958
601.26270 498.47610
587.23291 496.39905
757.20905 464.82880
604.34344 473.20624
627.37964 464.69110
650.68311 463.87473
672.43628 469.08185
684.84961 476.53931
795.67902 456.38501
678.72705 499.00555
595.80206 700.70874
575.99750 647.87976
550.45770 691.89514
682.01508 854.43274
649.24963 879.40131
568.99023 917.72546
738.39893 820.25293
587.76288 485.81265
555.76410 544.86212
608.42383 927.24683
780.17029 688.94232
558.67603 745.81555
562.79590 754.94299
566.57446 767.07294
569.44501 781.85144
578.97766 810.49097
594.59674 749.82416
600.86591 748.05334
606.63586 745.68359
638.77142 735.41058
732.22168 680.79059
554.52325 519.21826
564.20312 474.16821
578.11102 476.67224
587.83832 751.23242
735.31543 746.61420
544.36011 473.72501
593.49548 841.67120
540.02966 530.49695
571.84155 587.28137
554.93549 852.75299
650.97119 796.73981
620.83746 657.08405
624.25488 823.39185
678.58435 654.06213
645.00891 683.63214
700.55286 697.86005
564.72229 888.47266
585.76276 602.29816
673.42523 820.52014
640.36713 848.72198
672.24091 765.09302
757.21313 716.99908
704.02527 772.06653
767.74902 742.26733
665.85974 717.55957
569.70721 563.28485
572.58875 639.54614
587.05042 645.72162
563.48792 621.66040
584.57916 450.80109
627.52094 435.00211
665.20001 433.44794
694.81494 440.22809
713.95105 452.90356
722.96234 495.16766
795.04120 573.28540
705.09882 529.86603
680.27673 536.92377
646.98682 536.52368
615.08356 530.28430
590.37402 521.96094
573.49316 513.83917
795.13629 580.30359
586.17902 652.14374
556.63446 569.00201
556.98077 640.94611
543.21069 653.90240
555.86450 645.64838
579.12994 659.44263
538.91150 656.30151
535.52588 661.72931
571.89081 494.66663
560.37872 500.15002
553.72223 504.63849
691.44745 482.07620
708.75305 472.33121
378.04517 482.43054
405.55307 481.23694
377.61349 458.21472
350.13525 483.63770
378.37241 506.82062
640.98877 482.75037
669.59784 483.02249
641.25830 458.71912
612.44037 482.23566
640.89319 506.99237
