514.18970 706.03668
519.05353 628.67316
517.10095 651.58728
498.01382 555.98260
519.40491 605.88995
518.96497 576.50055
516.88861 504.35574
342.52411 498.01495
515.59137 448.46280
515.34882 417.16153
514.31049 292.19949
514.12830 712.57745
513.70154 718.76819
513.32019 722.56757
513.53564 737.91528
513.75031 747.85284
513.79150 760.40747
513.77167 773.47278
514.01294 790.47430
518.52686 640.11188
498.30527 640.26221
243.97656 403.95367
411.77005 520.88354
387.36307 523.71393
363.46875 522.02460
332.43091 505.49554
431.47006 513.72540
372.03964 451.29910
401.27734 453.29889
346.55762 456.67816
330.78583 466.36307
311.53931 520.82019
428.97150 824.35889
333.42783 489.39197
235.76865 506.35339
280.85559 504.21082
396.83475 614.81476
486.81921 700.97748
489.83575 717.41394
460.40927 707.63385
442.79651 716.04724
469.10730 718.75647
452.89661 722.24945
413.24222 758.06140
500.37128 628.28680
497.04245 606.75891
295.43994 454.21844
443.92517 556.00403
447.98962 626.07471
445.06750 614.36426
322.70819 614.00140
497.53662 579.37036
355.34476 432.26050
320.11890 439.36621
269.24365 362.32892
463.59509 452.42206
426.30304 463.40375
396.26532 737.62878
273.38791 719.95386
466.45746 638.33350
484.16809 643.87006
422.40399 731.95752
428.47266 731.27728
305.41483 425.33926
447.30377 636.60376
402.67963 434.99304
397.44754 417.16150
370.81122 305.71317
289.56067 388.35565
388.30124 354.94629
279.08905 442.86713
262.65930 420.81259
487.90378 710.29352
464.77896 713.97174
447.65140 719.48328
471.81702 642.35626
425.50717 731.66156
434.90982 737.43744
431.62268 730.92413
476.40509 629.05023
456.84607 723.78076
472.69150 721.38342
491.79642 721.34991
484.85751 790.24548
485.37997 771.57947
487.07190 758.22913
489.34857 745.58264
491.76477 736.30432
456.95291 732.51935
452.22107 737.27429
446.55905 744.14148
441.75677 751.97058
421.94452 696.65253
237.96841 606.41724
517.89923 645.16699
445.23196 731.64429
440.30563 734.14459
490.20636 652.14819
455.10837 649.97052
487.41821 648.04102
418.19888 569.91229
378.17361 586.22955
441.20099 624.87109
309.89758 328.77698
329.85876 365.30750
345.73834 414.60822
431.99606 770.88995
455.12698 423.04971
447.51324 352.41727
436.65533 294.59045
343.65253 516.28851
284.95599 537.26941
444.16953 507.16104
306.65131 477.98840
460.94638 540.55878
461.01126 616.23248
258.91144 553.05939
303.48322 555.25287
336.16711 565.16565
383.21381 561.42126
417.02762 551.21875
441.50439 540.13971
493.48502 510.00818
266.18677 603.20544
285.61847 475.71417
507.44867 639.47540
448.09204 578.74121
226.12436 502.69312
459.92767 528.43610
438.31482 626.59473
322.16760 490.89859
458.87790 602.22119
252.13165 662.40680
443.83759 498.43103
477.28870 588.04999
330.84863 775.26160
332.19220 797.09406
243.52563 605.44763
299.47156 745.32935
247.65686 460.05109
425.19119 843.35107
509.49084 644.43872
426.58649 596.26666
258.83765 506.90350
366.36072 509.44376
387.22128 511.49329
429.98627 741.39484
274.95630 649.42163
466.16708 870.52545
399.02100 842.83722
369.07037 824.48328
514.64227 352.83197
512.64960 874.00647
407.48807 508.85892
426.14981 503.75082
438.13144 500.83926
266.47906 469.45132
422.75967 476.30347
401.28799 467.63849
379.19995 466.71664
358.13928 471.73389
345.74835 478.91833
230.64252 448.34290
352.25299 504.20126
516.47308 670.64893
444.67578 682.58997
466.28601 634.14215
487.06815 672.92340
516.00708 475.91779
362.87943 802.92670
393.22372 822.99719
465.00482 858.26025
301.33942 765.07257
437.23895 489.66498
478.70569 546.36707
513.61548 861.07098
430.27527 858.96521
255.47682 656.30243
472.86301 734.02466
468.44907 741.48193
464.17392 751.69843
460.86465 763.78772
455.74231 782.24567
439.74976 726.62781
434.51044 725.55493
430.11124 723.84619
405.02832 715.80292
307.93515 662.91510
477.47290 523.45215
461.85291 483.06061
446.62515 483.40240
444.44553 727.14447
309.39697 715.89380
483.25534 484.81180
440.87427 803.67334
518.31995 552.23785
495.64886 534.29175
517.62286 529.26471
463.28937 582.79895
513.94696 841.52100
513.99164 815.27246
476.02875 814.32166
389.54147 766.54175
417.35217 645.20068
413.00967 788.33093
359.40683 642.77942
394.61627 668.45386
341.66510 680.06372
467.89664 839.47009
449.96454 596.54089
369.48633 781.32513
399.26584 803.91595
370.93787 739.73602
284.70917 687.65643
341.09912 741.26550
271.63617 702.79065
377.66705 699.34381
463.68097 562.10834
469.20493 625.62708
455.96738 633.00146
477.78992 610.14514
443.22012 462.86450
402.39487 448.03918
365.93427 445.55576
336.43530 450.82916
316.54388 461.63879
304.63336 497.72513
235.70535 555.40607
325.94879 531.62122
351.19727 539.85095
384.13275 540.39600
414.70334 534.44653
437.47849 525.91888
453.14166 518.41321
230.18967 553.92346
456.48895 639.52411
479.57382 566.82513
484.71155 625.59692
496.56140 636.23804
484.98013 629.40344
462.68338 646.22339
500.58948 638.08679
502.85846 643.33740
452.25992 499.73627
465.26819 506.25708
473.41150 511.21725
338.98282 484.42340
321.28357 477.40292
537.87372 555.61932
685.09851 492.97604
536.97864 640.05634
766.22040 401.15149
615.94843 516.91608
639.81488 518.63531
663.23907 517.25409
693.83130 500.75153
596.36713 511.74673
654.51056 448.73499
625.53589 451.44702
679.68201 453.08829
695.12500 462.02286
712.24750 516.16895
597.54773 821.90491
693.71606 484.87622
776.13123 504.18237
738.18805 499.53262
630.80859 613.32867
541.47156 700.81244
537.32306 717.37274
566.87024 707.05096
582.86511 715.38196
557.09265 718.49731
572.09082 721.84344
612.28857 756.32904
537.26556 628.11932
540.88550 606.41803
725.81879 447.79572
584.91687 554.98120
585.14148 624.84985
587.20905 613.03363
701.01923 611.80029
539.76147 578.94135
671.46539 428.64050
704.19531 434.06201
744.77795 360.01459
566.86774 451.82288
600.88580 462.34601
629.24414 735.96655
740.32086 716.26758
566.69476 637.49609
549.62653 643.43903
600.73492 731.67511
594.85132 730.90814
716.14661 419.02930
584.78143 635.43121
626.33954 432.59790
631.06616 413.69131
652.36145 305.09567
728.84338 385.18018
637.15161 353.69821
738.30347 435.75739
752.44226 417.52582
540.02295 710.21948
562.03241 713.64185
577.80786 718.92627
561.06287 641.58112
597.70959 731.36633
588.68683 736.91101
591.68433 730.50171
558.61285 628.63074
567.32526 723.32971
552.77930 721.10071
534.70020 721.26788
542.86243 789.60986
541.62708 771.15015
539.93079 757.84888
537.67969 745.28931
534.97150 736.10504
567.43964 731.93488
572.42883 736.62476
578.01550 743.36719
582.76660 751.09680
606.36053 695.42865
770.07593 604.15723
578.24591 731.08179
583.35242 733.62164
543.63873 651.96021
576.24304 649.06287
546.44586 647.81805
609.24731 568.70679
648.05554 584.75439
590.25214 623.62250
708.91290 327.25836
692.15857 362.93805
679.66980 409.94388
594.35797 769.07678
575.18365 421.53876
580.14600 351.95267
589.75488 294.39014
682.70087 511.40680
736.55463 532.67975
583.84210 506.64258
716.15894 472.86905
569.12830 539.69141
573.56378 615.45386
758.72797 550.69556
721.20227 550.76984
691.56958 561.08459
645.81531 558.54272
612.08398 549.35742
588.11798 539.74646
539.38708 509.72214
752.70532 600.69061
733.42834 470.19928
529.26520 639.38293
581.62592 577.67139
780.16321 500.33710
570.31995 528.75067
591.91058 625.39819
703.16150 486.32077
574.75104 601.22937
758.53729 659.39380
584.25043 497.95242
558.26080 587.32190
691.12012 771.43488
688.00983 792.71625
770.36523 602.61566
720.14502 741.54309
765.49408 457.43378
600.44580 840.52917
526.23669 644.35657
601.92346 595.07245
756.82019 501.47723
661.72485 503.56934
640.93268 505.50333
593.58838 740.83472
744.50684 646.51233
558.72693 868.81854
624.20557 838.73022
653.30426 820.08319
621.00299 504.10873
601.88129 501.13254
589.89337 499.84030
747.98694 463.44385
604.92871 476.03772
625.76080 466.76050
648.31299 465.07721
669.40460 468.99939
681.92145 475.34973
776.99609 445.67749
675.66998 498.66629
585.70966 681.66541
567.38617 633.35309
545.59363 672.71729
660.46991 799.19305
631.17017 819.50079
561.94299 856.73065
715.94397 760.84241
590.78613 489.45944
554.18829 545.70709
593.85254 855.73798
759.60913 653.07019
552.87122 733.52423
557.36182 740.84656
561.73792 750.93127
565.22192 762.90369
571.28320 780.69263
584.31067 726.04956
589.59546 724.99683
594.18109 723.25806
621.49213 714.36853
714.35016 660.14874
553.94733 522.95233
567.16980 482.51031
581.19995 482.94702
579.10474 726.57587
712.16711 712.49658
546.96692 485.29752
586.00958 801.61084
538.80603 533.93018
568.96930 581.97784
551.75500 813.27051
635.71301 764.16150
611.47052 643.71045
612.93494 785.86420
666.58844 640.66766
633.02856 666.79865
682.93317 677.48218
559.81085 838.21619
580.87323 595.41711
654.98425 778.05322
626.16534 800.88300
654.14404 737.49451
735.14966 684.42773
682.45343 738.08960
745.17725 699.25635
648.51343 697.49744
567.50104 561.24854
565.86725 624.98621
577.49200 631.95984
558.53424 609.53644
585.68781 461.29834
625.54572 445.68756
661.22107 442.43454
689.40515 446.70276
707.73187 456.49692
718.05731 493.48889
776.80927 553.02234
699.66125 527.14813
675.39880 535.88953
643.28937 536.71497
613.05133 531.50391
590.81384 524.66327
575.61914 518.10663
776.19006 551.89545
576.12512 638.48920
554.74255 566.12531
551.77063 625.25269
539.25385 636.08179
550.75946 629.19806
569.51849 645.26996
535.74127 637.93219
532.52905 643.14349
575.93707 499.61899
563.81158 506.15997
556.82245 511.89877
688.73914 480.45496
703.87311 472.69672
390.69876 485.93253
421.35196 484.65112
389.70850 457.54755
359.52173 487.17535
391.43481 514.26410
635.03113 482.90533
667.59570 482.85861
634.76941 455.29227
601.96332 482.78992
635.32031 510.48792
