508.74750 740.28113
503.12952 651.79199
505.29102 675.33551
484.18182 560.03290
502.93250 623.74597
503.64627 586.61560
507.01868 497.07843
348.34314 494.07806
508.58151 430.46899
508.98264 394.56830
512.73236 262.20898
509.03162 748.72064
509.48578 756.84332
510.06949 762.06177
510.15964 761.74438
510.23880 772.57336
510.26465 785.63226
510.58856 799.30023
507.87564 827.06677
503.87991 665.29083
480.29001 663.50177
268.02966 389.45593
409.71228 509.92795
387.48529 512.23138
365.87082 512.58270
337.57492 504.02921
428.71561 504.79697
375.31607 443.48663
401.08746 444.46985
351.62500 449.82788
336.30634 461.37009
316.95978 519.07562
420.34012 869.03430
339.92029 490.57574
255.72220 504.62128
291.32675 502.66727
385.71210 621.76544
475.55453 734.34839
479.83548 754.91534
445.64337 739.86078
425.64304 746.05353
455.29990 754.06543
436.08279 754.51575
393.79816 778.41565
482.42184 650.96576
478.95200 623.88269
303.82288 437.91138
437.23343 556.09814
425.96341 639.64166
425.26663 624.59979
316.47482 616.76489
481.23688 589.52856
356.09711 404.68207
324.95941 417.19464
287.10980 342.16336
457.80334 418.89465
423.54401 453.66150
373.35123 753.34802
284.57819 749.07050
444.18893 655.20752
463.84317 663.24487
400.54962 756.40051
406.67432 756.65771
312.93451 400.73920
424.73608 650.13226
399.20502 402.15778
395.14761 380.76816
375.75922 278.35999
299.13562 368.81720
387.03961 329.86459
290.90826 425.87476
278.34262 406.44928
477.04730 745.87677
450.41486 747.55731
430.64362 750.43390
449.70193 659.68219
403.64343 756.54724
415.83026 762.63043
410.04761 756.84973
456.04034 648.71130
440.44635 757.51831
459.56122 758.40845
482.77441 760.29028
474.99799 825.82568
477.08563 796.97961
478.02820 783.17859
480.10663 770.23602
483.14783 760.16748
440.62924 757.90222
435.47473 762.61597
430.05164 769.07922
425.83728 776.67065
399.88757 714.48785
260.04123 620.11597
504.59338 670.52966
426.34732 757.50537
421.11530 759.78851
471.82281 673.20428
433.48914 664.62903
467.99167 668.34113
411.56647 570.87109
372.09619 587.49835
421.12537 635.56964
320.85535 304.26190
333.50067 342.29892
348.13000 384.32428
415.62903 797.05957
450.41095 382.91931
444.24731 327.07959
437.56296 265.65408
348.08783 510.14874
291.65887 536.83240
441.20728 498.94736
314.16431 472.42841
454.08539 539.07135
440.72495 631.30762
268.27313 553.35364
306.22589 552.67621
334.68121 560.69403
379.08978 556.67871
412.26880 546.50073
436.84348 534.77179
484.21426 503.87640
269.66406 607.41907
296.18237 467.92001
491.16907 664.23193
437.21500 582.64294
254.44299 501.77499
455.15024 520.72650
419.90106 636.11554
328.39487 491.44836
440.68982 612.99731
268.97614 683.63696
441.07062 490.37939
460.55649 598.46136
325.04242 808.83075
333.29108 838.09210
256.29596 615.41315
297.06540 774.69763
266.49097 451.60284
417.59662 894.60620
494.20392 669.55670
414.94946 601.47858
272.25943 507.73743
369.26697 496.78986
387.42065 496.90012
411.38727 766.18915
273.56192 660.63861
461.68384 928.52301
395.58646 895.17505
367.22220 871.86761
510.65970 327.22552
509.69180 933.39111
405.75061 495.33151
423.37613 492.85266
435.13861 491.80890
280.35034 462.16574
419.86859 475.80890
400.18042 470.59076
381.33398 470.44299
362.99280 475.21497
351.42773 481.72818
258.05496 439.69373
357.05237 495.63953
505.82886 695.78925
423.98062 701.76508
444.34277 651.51654
470.44653 696.23450
508.23743 463.56226
356.59064 842.75208
386.28369 868.95587
458.13245 912.25964
306.91782 800.37286
434.16193 484.28876
467.92365 547.07983
507.92181 916.24963
425.60864 914.99170
264.03525 673.48218
459.86963 758.61230
454.82880 766.49109
450.92560 776.56604
448.39923 788.80530
441.88074 813.86768
420.77917 755.35114
415.39114 753.41046
411.10455 751.23523
381.28668 731.94952
298.58154 674.11523
469.65186 519.66119
458.18872 467.93533
443.76508 473.12946
426.31128 757.16382
299.72406 737.21716
478.67538 465.19742
430.50012 841.17212
504.80783 555.94812
483.91522 533.28223
505.88443 527.59186
449.89218 589.18304
507.44702 890.50134
507.65939 857.41803
467.63916 855.62091
375.75821 791.35394
400.25739 656.45453
401.43713 819.98743
346.77783 651.78320
377.85486 681.71442
326.93756 693.21436
460.09454 887.50977
435.42700 603.52838
359.67972 812.72766
390.30679 842.37708
353.95300 758.55371
280.62427 705.74194
328.14117 764.21564
275.79684 726.88885
358.49298 713.03876
453.31628 564.62170
448.38791 644.08521
433.49982 649.00293
458.52008 626.74054
439.03720 443.47180
400.65247 429.15710
367.56000 429.00308
340.36639 436.89099
322.21570 451.25998
312.27499 496.75812
252.82730 559.63159
329.13251 528.59821
352.15070 533.86517
382.74109 532.84338
411.67984 527.02942
434.23080 519.14844
449.72009 510.74826
256.35541 560.40100
433.75854 655.09442
466.18393 572.03180
465.11996 646.73303
478.59024 659.57880
465.62915 650.79376
440.48071 662.23657
483.27454 662.33899
486.11948 667.60034
449.35382 490.70950
461.72946 495.86639
468.84680 499.89453
344.76886 486.66656
327.07928 474.51453
526.42444 559.57092
685.31824 488.63428
529.96417 663.01367
784.28168 383.55042
618.64948 509.33600
642.69208 510.32507
666.15100 509.49982
696.85742 498.47827
597.67755 505.69733
655.72839 438.89471
627.68774 441.32730
681.58569 444.05615
697.63702 455.02213
718.60590 513.48425
600.51575 870.66772
694.44672 483.85669
791.84241 499.47070
745.82233 495.76691
637.02295 620.31836
543.06940 734.12183
540.82361 754.93439
576.70026 739.75690
599.75293 745.93066
568.04138 754.18201
589.93488 754.57446
629.63593 778.10034
524.55170 650.72546
527.37604 623.52399
732.61298 431.33984
584.79553 554.69141
588.64233 638.46692
590.76117 623.33856
711.94385 614.41699
526.86609 589.00092
675.32544 400.91235
709.59607 411.61517
760.16071 336.27936
563.18024 421.66132
603.06329 452.71152
650.79871 752.34247
761.00037 747.04761
570.22723 654.14197
549.30988 662.53577
630.43591 756.37994
624.09821 756.64197
722.90131 393.85461
591.08215 648.98132
627.82245 401.24225
631.94659 378.62350
657.71027 274.14337
741.89410 362.98984
641.03668 325.59805
746.62006 418.29178
767.37018 401.10870
542.49237 745.77380
572.38721 747.59369
594.99512 750.34271
564.49060 658.73407
627.19574 756.54401
613.24548 762.86725
620.56915 756.81738
555.35657 647.81494
586.01514 757.48120
564.36945 758.43866
539.07184 760.33984
542.56818 826.26318
545.42603 797.41705
543.58728 783.44092
541.44104 770.41394
538.70825 760.29620
585.66339 758.08838
591.19580 762.91498
596.88965 769.54883
601.51660 777.29254
619.99310 713.42419
791.48511 616.39130
602.15796 757.58875
607.66510 759.95123
540.99835 672.79700
582.93286 663.78729
544.95685 667.83893
611.77509 569.27771
653.11194 585.68933
596.15723 634.43274
719.91040 298.62881
701.54761 336.65967
683.88989 379.10168
606.09100 797.23755
570.86426 384.05972
579.58173 324.90152
590.88367 263.29803
685.58356 506.02246
745.77789 529.99158
583.91077 501.24451
721.28088 466.04370
566.54932 537.79590
571.12524 630.32166
770.48651 549.46002
729.96069 547.23218
699.55353 556.71368
651.63525 554.80713
615.57507 546.09735
588.45612 535.67108
531.46039 503.18878
766.54260 604.20020
740.68372 461.18158
517.04266 664.08301
582.93945 581.35919
800.42651 496.24261
568.16968 522.53375
599.29944 635.04956
706.17493 485.01544
572.85815 611.96582
779.69629 680.86060
583.80328 492.70844
549.87195 597.71497
707.78613 808.86615
703.87793 838.74225
787.17847 611.70770
738.87744 773.12939
780.44897 446.37891
604.07147 896.87793
515.10632 669.33612
606.54138 600.10718
766.45209 499.59467
662.67969 493.56140
642.96997 494.73871
618.28131 766.46838
761.75580 657.88940
559.28546 930.02734
633.23083 897.54993
665.80585 873.82660
622.88434 494.21039
603.33740 493.24878
590.31500 493.66669
757.18567 454.12427
608.26758 475.04626
629.75085 467.39215
650.39087 465.69852
670.27515 469.31183
682.47296 475.41498
796.12024 433.94275
675.85022 491.30630
593.42798 700.90338
569.33075 650.52124
543.27435 695.97656
672.98029 844.21051
639.67468 871.23340
559.82080 913.64349
734.50800 799.36890
591.77393 485.78384
547.66278 546.26074
598.80389 917.26819
777.23022 670.40228
564.02759 758.80194
569.10468 766.77014
573.28046 777.04065
576.58844 789.45099
577.69135 814.14917
608.07788 755.23755
613.15442 753.28082
617.51245 751.04279
640.98584 730.76599
731.52081 671.80420
548.47137 518.75897
564.94788 469.69580
581.07300 474.74469
602.70563 757.08417
732.50916 735.15173
541.19910 467.93158
589.97473 842.15729
529.02686 532.75012
566.02454 588.36157
549.72034 856.32690
649.08490 791.45508
620.50739 655.29437
621.64447 820.75006
677.95612 650.06433
644.66040 680.61151
699.90149 691.65424
556.97827 888.62085
582.96033 602.31744
667.52368 813.36890
633.94019 843.88788
671.64288 757.79022
754.61908 703.16705
700.64001 763.32666
763.45087 724.29016
665.97760 711.87946
564.72345 563.63788
562.86060 643.07135
580.50000 647.94757
550.30853 626.05292
585.57019 444.43451
627.14172 427.23108
663.48553 424.96133
692.86108 431.69498
712.49738 445.19354
723.33154 490.54785
792.92712 555.13397
705.26917 524.00568
680.36206 530.53149
647.46307 531.05353
616.11218 526.54419
591.43591 520.11786
574.40955 512.54572
797.66821 555.64368
581.03528 653.97595
546.65808 571.29407
543.57147 646.15448
530.93903 659.29437
544.47894 650.25189
574.63196 661.23541
525.45068 662.04333
523.65625 667.19312
575.14441 493.39108
561.20465 498.04825
552.71698 502.15118
689.41669 480.17560
707.39709 468.02728
387.16959 483.87415
410.35641 483.02020
386.57166 463.49335
363.84583 484.74200
387.63922 504.13354
642.69177 480.81009
665.95886 480.83997
642.57690 459.51636
619.57104 480.57220
642.91553 501.83252
