514.76550 734.75653
512.94592 647.87164
511.70697 670.83728
494.03183 559.48175
513.60071 620.91351
514.33868 585.32629
515.99835 500.11026
340.02521 492.44098
517.37231 436.31024
518.10840 402.48871
521.21002 278.26355
514.87457 744.05585
514.93604 753.03467
515.08588 759.00409
515.09412 759.04205
515.35162 769.99658
515.35547 783.29321
515.35516 797.06256
509.72360 837.06067
512.51208 660.88116
487.45511 658.73804
265.54907 393.67801
407.73691 512.42615
384.28192 515.55054
361.63065 514.98248
330.76218 500.29501
428.34631 506.37415
375.58115 440.56564
402.99121 444.15955
349.89905 444.63037
332.70828 454.86935
313.27667 515.56146
417.89236 870.31415
331.43768 484.39337
247.90195 502.53003
288.23868 497.69214
390.30249 617.40344
484.11899 728.80347
487.71841 750.97870
455.35068 734.59991
436.61508 741.23578
464.64740 750.07397
446.93048 750.44714
397.42923 778.68201
492.03922 646.66968
489.71451 620.57526
306.02594 435.74048
441.80023 554.41663
434.03113 634.40198
432.92645 620.16150
318.65469 612.65375
491.75378 587.61292
362.61761 410.47900
329.40881 418.31329
288.81787 348.96222
465.71207 430.79843
426.25580 455.69678
379.27414 752.37360
264.06497 742.80798
451.53629 649.71277
471.28995 658.09552
414.33154 752.71973
420.20078 752.78387
318.94357 403.69189
432.37994 644.68561
406.58063 412.54803
404.07910 393.83710
382.40671 290.29962
303.06390 374.42706
394.99469 339.45721
293.45300 425.20685
278.87744 409.63568
485.31100 741.10742
459.93289 742.93506
441.57880 745.98444
457.12057 654.14935
417.31403 752.77954
428.78656 758.58063
423.26743 752.83069
463.71161 643.80225
451.18283 753.59924
468.68784 754.72314
490.22092 756.90881
476.12811 833.86627
484.89798 793.65747
486.01727 780.03088
487.94098 767.15192
490.43124 757.06110
451.64471 753.86877
447.07452 758.65839
442.09390 765.03479
438.00452 772.57922
406.88904 710.56757
242.72543 613.68481
512.08685 665.99188
438.37671 753.26898
433.69846 755.67407
479.11795 668.10107
440.32166 659.36804
475.31134 663.28375
415.67142 568.23566
375.74683 584.22437
428.37177 630.87878
325.17303 313.59558
339.60168 349.96814
356.20874 392.64984
417.34976 799.79858
459.94159 399.27167
453.11447 338.10251
445.63794 279.69113
341.88763 510.24072
288.68182 532.42609
442.23129 500.41245
311.30139 466.76215
459.65833 538.39532
449.35437 626.88757
263.33069 549.79803
303.83234 549.85504
334.11591 559.08014
379.47076 554.83600
412.97876 544.51160
438.51440 533.42395
492.82578 505.91797
264.36829 602.74030
295.05698 463.87714
499.43359 659.65759
442.60602 580.13348
243.13727 500.81210
458.39899 520.84686
426.17221 631.74432
321.96237 484.88220
448.91962 609.38019
248.86093 676.13568
442.46381 491.98499
470.00690 595.80011
312.08151 806.87274
312.33517 837.62073
243.26376 609.47351
283.80695 770.43658
262.88458 452.27951
411.48624 898.51678
501.65112 664.81799
419.87921 597.91400
268.30997 501.97614
363.50671 501.47577
383.91846 502.33307
424.35117 762.16327
267.07675 654.69214
456.18909 938.18964
380.17612 899.13104
348.18121 873.70996
519.46124 339.71750
509.34381 944.71863
403.73926 499.69659
422.85080 495.76926
435.87442 493.92163
278.91559 459.08295
420.21402 474.74301
399.21411 467.19327
378.63306 465.33899
357.86865 468.57947
344.62445 474.69440
251.06436 441.64709
349.61719 497.54239
511.46368 690.49811
430.27820 696.80481
451.68463 646.05548
476.78625 690.56207
516.71277 467.69836
344.36847 842.08624
376.24554 870.52356
455.95975 918.36267
286.49359 797.09515
435.58112 485.20471
475.79059 546.69073
509.16272 924.88208
414.97369 921.83411
248.94919 666.65814
469.07037 754.96497
464.77811 762.75519
461.22437 772.69635
458.80072 784.81689
442.80975 819.58270
433.08884 751.29572
427.79254 749.27002
423.40170 746.90369
388.70319 729.39587
298.23590 668.43719
476.70490 520.33136
462.30301 473.18085
446.21689 476.18665
438.22189 753.11401
294.33936 731.91168
486.02548 471.66754
429.66568 843.29413
514.88477 556.08228
493.10016 534.03107
515.40778 529.12378
457.01562 586.63300
509.29483 896.73370
509.52850 864.44647
468.73630 860.25079
374.56433 789.58685
405.87689 651.54803
399.15897 819.68750
351.38629 647.01898
383.75183 676.95544
330.48779 687.99158
460.45789 890.89062
441.61563 600.25275
353.31055 811.01770
384.72699 842.39203
355.46237 755.78064
272.59790 699.49268
324.33887 761.02289
260.77826 720.52374
364.60016 709.14282
459.70819 563.06134
456.49246 639.20276
441.30740 643.47235
468.11523 623.06512
443.43860 449.97714
404.78204 433.25885
370.50278 429.49438
341.77173 434.44476
321.36511 446.59375
307.80231 490.92697
242.30490 555.21796
325.12518 526.19702
349.67511 533.65613
381.06763 533.14972
410.85516 527.05933
434.54059 519.13593
451.36743 511.55573
242.04373 556.66241
441.38989 649.47821
474.82092 570.54150
473.92825 642.34949
486.07672 654.96466
473.37598 646.10516
447.79224 656.69537
491.19836 657.70428
493.26068 662.77979
451.29456 492.68597
464.89780 498.34229
473.80426 502.26456
337.10080 479.75555
322.24060 467.71313
535.64246 560.04590
686.92267 494.25128
536.66272 659.22925
769.87433 399.83490
618.44940 513.54077
642.57373 516.34491
665.65735 516.08466
695.74597 503.79892
597.94482 507.28613
659.06763 440.25934
629.85132 442.80475
685.33459 445.62146
701.02222 457.09460
714.32782 519.98499
600.82825 874.08398
695.55829 487.64624
782.51880 510.31665
740.72443 501.87057
636.60211 621.57996
545.17773 729.67572
541.79675 752.06677
574.19470 736.40308
593.07843 744.00574
564.86597 752.10919
582.81531 753.40649
622.55084 782.27570
533.72827 647.31525
537.38538 621.23645
735.24768 434.78882
587.24109 556.54321
591.54395 637.00745
593.38940 622.83582
708.26312 619.13806
536.64764 588.15735
682.98486 404.08643
715.21375 414.43256
750.02063 354.46216
572.66437 426.03271
604.28210 454.13477
641.64594 756.37524
756.71692 751.39410
573.02014 651.63794
552.96198 659.36816
616.44983 757.98645
610.38593 757.78436
727.97198 398.17596
592.31384 647.37915
636.87482 406.03110
642.02728 385.17526
659.84607 293.53461
734.91705 378.71692
644.34491 341.43927
748.24701 424.16028
756.81335 415.35016
544.07336 742.09607
569.57343 744.91193
588.14752 748.79895
567.02393 655.85126
613.36554 757.94641
601.84479 763.47351
607.08118 757.66492
561.33020 645.35120
578.45087 756.54492
560.76306 756.83905
539.47565 758.05035
543.34650 835.15271
545.45544 795.63391
544.11945 781.65607
541.98267 768.50848
539.30865 758.23102
578.02197 756.95044
583.13458 762.33008
588.48944 769.42322
592.91022 777.47131
615.69983 714.00165
781.31860 622.36877
591.46954 757.16907
596.58362 760.10803
544.98682 669.31653
583.60193 661.80383
548.84973 664.53870
612.57166 571.46143
652.41907 588.88196
597.39270 633.83124
716.11890 318.11923
699.60406 353.13419
691.89941 384.09705
602.51575 802.96283
582.40112 391.98065
586.08734 339.31546
596.81567 281.57751
684.71985 512.48938
738.24554 538.04413
584.29193 501.09613
721.91321 469.28461
570.42596 539.83582
576.68616 628.96368
765.27716 557.54858
722.85138 555.48871
692.83466 563.81470
646.83301 558.95911
612.96710 547.87494
587.72156 535.66162
539.02557 506.39340
762.05017 610.93799
739.54547 465.92358
525.56274 659.99219
585.40131 582.29559
786.00854 508.38171
569.13214 521.86328
599.28345 634.81360
705.98962 488.76562
577.91992 611.38403
773.49658 684.87299
583.77808 492.05017
557.75647 597.05518
708.56195 814.59070
707.01294 845.47192
782.40674 618.18781
737.45166 778.82855
770.04651 458.99969
606.87305 902.76202
522.45728 665.02979
607.23633 601.07489
759.11896 507.12012
664.52625 501.25262
644.19391 502.08749
606.66937 767.33527
757.55377 663.09412
562.19604 940.47504
638.11127 904.54187
670.88763 880.44580
623.70966 499.79163
604.09424 495.97052
590.69263 494.23187
754.42786 461.10379
607.82745 474.67810
629.73914 467.70868
651.59546 466.70538
672.36859 471.06891
684.37366 477.79071
781.05518 448.40417
677.89844 498.12234
593.06470 699.60217
573.05890 648.05579
546.96655 691.87079
675.18652 848.91882
642.65753 876.33301
562.16876 920.55853
733.45331 805.22272
591.53809 485.01752
554.20819 547.74707
603.13507 925.76721
774.57800 675.63873
560.48010 757.15729
565.11932 765.43304
569.02826 776.03644
572.00452 788.71875
576.78931 821.80994
597.22870 755.22015
602.40808 753.24640
606.92578 750.88470
633.03180 733.17505
726.26648 675.75055
554.28278 521.40558
567.96729 470.80127
582.07147 474.95245
591.78632 756.95782
728.12299 739.46680
547.39117 468.95642
589.42981 846.45728
537.54333 534.53040
570.82562 588.50946
550.21088 861.89709
645.26318 794.37872
618.90540 655.18665
620.11780 823.84692
674.60046 652.44690
640.66718 681.31909
693.64758 694.17963
557.87689 892.91266
585.46313 602.54773
666.65308 816.89337
634.62415 847.51459
665.61792 761.00104
750.71826 707.75311
697.15662 767.59515
761.38110 729.40509
658.45862 714.01562
569.18927 564.67352
568.85419 640.95990
583.70935 645.82953
558.35303 624.41254
589.57281 446.60052
632.10229 429.74609
668.75049 427.33542
697.51172 434.11566
715.64368 447.71695
721.05597 495.27591
785.53406 563.56061
701.58105 530.57611
677.17609 536.84619
645.18109 535.83246
614.88770 529.22668
591.32129 520.68121
575.04565 512.11438
784.24176 564.83807
583.01794 651.75647
554.01471 571.65656
551.52441 643.49506
538.55994 655.66595
551.57141 647.40479
576.26056 658.70441
533.62158 658.23987
530.67059 663.10095
575.53845 492.74365
562.84930 497.76746
555.44049 501.74866
690.81146 483.05627
709.17621 470.76495
380.57947 482.78821
405.39099 482.65839
380.76898 460.97986
355.46295 482.99695
380.35529 504.63571
643.46289 484.85889
668.85468 485.73004
644.30377 463.42935
618.07330 483.95685
642.77216 506.23578
