529.34320 737.03644
521.21484 659.92133
519.00012 681.64124
499.93478 566.50983
521.89447 631.77075
521.83258 594.23206
520.87933 503.64514
344.77698 493.19312
520.95557 441.64172
521.62976 407.13928
523.02307 278.31793
528.82556 746.88855
527.28772 757.29004
525.52295 764.19849
525.33551 769.07123
525.65662 779.46478
525.14471 791.88422
523.55621 805.14941
513.37024 844.93762
520.38269 673.35370
493.37369 670.27148
239.34326 394.78659
413.66241 514.84985
388.66501 516.11188
364.18005 514.57153
331.78528 502.25153
435.16064 510.10846
375.90442 450.02847
404.21353 452.57892
349.51813 453.70551
332.30307 462.37964
308.05334 517.19379
415.06281 882.99152
335.33850 488.63739
225.72488 507.65851
277.75284 501.48334
386.96283 623.42896
492.87711 732.49286
493.62436 756.35040
454.17557 739.12531
428.27454 745.80420
463.45490 755.99658
439.84274 756.43451
387.50671 781.60712
499.09314 658.72632
496.75668 631.21985
293.46640 442.25323
443.39938 559.99377
434.12909 643.69019
432.98193 628.14410
309.37695 615.30426
498.42319 596.50916
355.89713 416.88007
319.11224 425.10028
267.70145 348.45731
468.23770 439.25900
429.05560 462.09280
366.72574 752.13586
247.76965 757.10992
452.36340 660.06415
473.39401 668.29309
397.83313 757.56757
404.78802 758.13336
304.68402 408.73340
430.64490 653.20190
405.06076 419.48932
400.23679 398.55804
376.11240 288.35995
288.56711 376.18683
392.32892 339.35583
277.64426 430.56696
259.71283 412.99670
492.80878 745.17462
458.88260 747.86548
434.05383 751.12628
457.58929 664.20575
401.47968 757.87769
415.84039 766.07330
408.36682 758.47717
468.53366 655.68475
444.06653 760.17517
467.06442 761.39111
494.73825 762.95465
475.78442 842.32983
486.09940 802.86865
489.02179 789.62787
492.03842 777.26532
494.84332 767.79126
444.57745 763.58771
439.31964 767.98419
432.84772 774.16724
427.33624 781.38495
398.68927 714.42267
218.63919 625.20209
519.61920 677.90253
427.25323 761.44519
421.76746 763.47504
482.10315 678.22974
438.12305 667.20972
477.93408 673.39801
415.25104 573.53320
372.24689 588.21204
426.62579 638.45496
311.27478 311.57471
330.87305 350.39246
346.67477 396.59705
410.31796 805.36279
459.92792 404.96124
453.74146 338.27939
444.07614 278.57803
343.76599 510.10297
279.13068 533.88373
449.16599 504.72528
305.20050 472.35013
462.36993 543.82996
452.79871 637.01599
249.04495 554.03394
297.04449 550.41650
330.18097 559.93640
379.94855 558.26709
416.75354 549.71942
444.02271 539.13855
496.86874 509.78104
250.61804 606.98016
283.82196 469.37073
506.72421 672.05396
443.60535 586.40234
214.25510 505.86768
464.14514 526.25690
423.44513 638.41016
321.70380 488.97241
452.08051 617.99426
228.41281 689.92096
448.88708 496.49841
475.37958 604.64166
306.23804 815.86823
308.04761 849.90051
225.31921 618.18085
273.62720 780.50629
241.64160 456.14404
409.69815 911.54346
508.56555 676.68469
418.53033 603.96484
255.85043 505.81128
368.36349 499.18195
389.01071 501.08835
410.28326 769.19324
252.72357 660.97644
455.73428 949.89032
379.30997 912.66174
346.66528 886.42590
522.35431 341.05475
509.18024 954.88940
409.58670 500.41766
429.37067 498.34363
442.35947 497.55927
264.89160 463.75836
425.78027 482.92969
403.94629 478.00415
383.34320 476.93481
362.84494 479.35864
349.66370 483.18372
222.66385 444.05835
354.59351 496.21063
518.56744 699.65845
426.64252 702.90320
453.59320 657.05786
479.26376 699.00073
520.46899 472.21704
341.00946 852.79932
374.33099 882.52698
455.58313 930.94238
276.23767 810.48096
441.59143 490.76196
479.93015 552.60583
510.49191 935.63397
414.26807 934.97058
233.04752 677.30713
467.47479 765.64868
462.43494 772.93011
457.53012 782.68719
453.52515 794.40472
438.74298 826.99976
421.04886 756.91071
415.12021 754.30811
410.04999 751.53455
376.65552 730.46045
285.67413 673.51074
480.30307 525.07196
466.97064 477.68024
451.49341 480.82477
426.63260 759.26953
282.15134 739.03400
488.95566 477.24310
426.89297 853.43573
521.48492 563.04224
498.19391 539.32007
521.19830 534.20551
460.31021 594.03290
511.72437 907.61609
512.63019 873.84326
468.32153 870.92499
368.21307 794.67834
401.78662 658.29004
395.11945 827.85162
343.71143 652.04919
376.73474 682.71295
319.64987 692.82263
459.69604 903.73944
442.64291 607.28448
348.48489 818.77777
381.94885 852.47174
346.49997 758.41101
258.74313 707.25848
315.75464 766.27698
247.27185 731.89246
353.77039 711.69238
462.62244 569.40546
460.78922 650.69208
442.04425 653.75647
473.65240 633.58832
446.82199 455.96643
404.75296 440.11365
367.68176 436.81784
336.71313 441.79883
315.42572 453.28519
302.47980 495.08310
222.05203 562.16736
322.62476 527.33740
348.95404 534.60394
383.37964 535.62079
415.68826 531.18433
440.94666 524.10492
457.99060 516.52722
214.79428 564.92688
440.82422 658.99121
479.77420 577.90100
479.90524 654.24634
492.59753 667.04596
479.21732 658.22015
446.67264 665.73383
498.14713 669.98071
499.66843 674.53125
457.87427 497.23856
470.87494 502.93463
478.75787 507.16620
341.75342 486.17993
320.95032 473.50409
542.46191 567.04944
685.38995 490.94156
545.27600 670.73676
785.34656 405.70374
622.42023 511.40567
644.48047 511.89795
667.10193 511.94348
697.93024 501.12408
603.72516 508.62201
655.38611 448.89651
629.26910 451.51849
680.34692 452.59912
696.45667 461.65836
720.61841 518.50006
606.07886 884.00085
694.76892 486.89337
796.14905 517.89270
748.48846 502.90594
646.30042 626.95917
563.64874 732.68988
557.74561 756.33716
594.18982 738.59650
612.36627 745.05127
581.78009 755.68353
599.07672 755.86133
638.61566 783.73291
542.87054 659.28259
546.37134 631.88110
730.17157 442.49048
592.06238 561.91785
603.28748 645.85693
604.06348 630.29272
720.26892 621.10602
544.59619 597.07855
671.46442 416.34283
705.45239 424.85257
762.31152 358.72351
567.64783 436.39233
607.19812 461.20526
660.50153 755.05457
755.75763 761.62384
584.33777 661.58655
563.61560 669.44257
630.25244 756.58191
623.73553 757.10657
718.29163 408.87384
605.08154 655.36627
626.56146 417.94745
630.10718 397.43677
665.84509 294.94553
746.06750 384.79099
650.44946 344.45569
745.21582 431.26129
770.30859 422.67569
561.69403 745.30969
588.34039 747.60974
606.08093 750.46704
578.62494 665.53357
626.93915 756.86005
616.09033 764.96271
620.50604 757.53156
570.50256 656.90527
593.02264 759.68317
575.72375 761.26044
553.44922 762.98486
550.60144 843.30518
558.25775 802.27417
558.14508 789.07935
556.17419 776.84430
552.92053 767.53766
592.03436 762.70526
597.75177 767.10229
603.38251 772.92450
607.49396 779.96826
633.33459 717.36438
788.71411 633.74945
604.94781 760.58319
610.73090 762.55042
555.15466 679.22736
596.48547 669.13562
559.18323 674.54169
618.70679 576.25977
660.77448 592.34729
609.04242 640.77332
725.05829 320.55673
708.11035 357.67401
679.40411 396.40189
615.64050 807.00409
574.25055 402.87943
590.73853 341.09946
601.00879 282.21048
686.39008 508.47842
747.38031 536.50922
591.31903 504.57755
721.52008 472.49365
574.78094 545.18518
586.66217 638.79529
776.26648 562.47272
730.64185 553.34167
699.56525 562.21729
652.74609 558.29974
618.81512 548.61780
593.75934 538.44781
543.95270 510.42786
773.19397 614.63635
741.48840 470.15790
533.79041 672.33472
592.14221 588.30835
800.70532 516.48737
574.78735 526.04883
610.74866 640.80884
707.26062 488.02789
586.83441 619.76154
776.34119 696.67877
591.91278 496.34064
565.82532 605.84766
708.21820 818.19275
699.83002 850.10236
791.00201 626.55908
738.66473 784.20886
784.25525 466.36414
608.35358 912.23230
530.47723 676.87823
615.64038 606.58356
770.26196 507.40689
662.78064 495.17120
644.13074 496.45221
620.59296 768.03766
767.92279 667.78101
561.39520 949.91150
633.66925 911.79529
664.20074 885.69843
626.41302 496.63593
609.34064 496.38657
597.86047 496.91229
759.70618 464.65530
611.23096 480.84436
630.58563 474.57037
650.05542 473.29318
669.41455 475.88989
681.74048 480.37918
797.36304 455.14023
675.62616 493.21997
607.46698 705.19806
583.83411 658.63794
557.56342 700.19446
674.43512 854.31250
642.04065 883.22162
564.36267 931.55737
728.72351 812.42029
597.98236 490.25757
560.01849 553.63171
601.02698 934.48639
779.82257 684.30939
575.02435 765.06940
580.41272 772.14380
584.47345 781.57660
586.74426 793.22229
587.24377 828.23645
612.24664 756.11499
618.45490 753.54657
623.79877 750.71411
653.09851 733.67572
739.23163 679.31805
558.64319 526.14038
572.26355 477.21979
587.88843 480.71771
605.88794 758.52441
736.74585 743.63580
548.89825 476.55539
596.62482 854.34851
543.49286 539.88605
577.78271 595.71759
556.24670 871.58685
655.48138 797.01453
630.90930 661.14716
628.02393 829.18231
687.23218 656.63110
654.65210 686.28546
707.76794 697.67358
562.93634 904.58875
593.49500 609.17792
671.63556 820.92828
638.35486 853.63611
678.66577 761.80389
759.03607 713.09747
705.48145 769.75287
763.88898 737.37848
675.44818 715.76917
575.03430 570.91815
578.57483 652.06281
595.30823 655.69897
567.68384 634.81494
589.86316 454.49280
627.38904 439.46222
661.55579 436.43652
690.51349 441.36887
710.82343 453.17603
725.09412 495.37769
797.13904 571.70996
706.97498 528.13367
682.02844 534.58344
649.69696 533.76263
620.10876 528.90216
597.57562 522.97589
581.83258 516.10187
795.95691 574.67999
595.28931 660.83423
560.77942 578.95465
560.93634 655.19666
546.96753 667.65021
560.59979 659.24341
588.73767 667.33051
541.99274 670.41687
538.95245 674.79517
583.14270 497.53406
569.31427 502.89304
560.19214 507.23102
689.15271 484.01721
707.23785 473.00217
386.66367 485.11719
411.34546 485.39890
387.15601 464.10742
361.59268 484.63464
385.92419 505.86255
636.16028 481.94659
659.55920 481.44482
635.58740 461.79276
613.39764 482.26556
636.86395 502.15338
