497.46765 722.11761
484.97031 621.74384
490.62842 654.42047
469.11835 538.68024
484.56229 593.56104
486.69824 559.99115
493.76431 483.08990
338.36676 499.38043
495.66971 424.30859
495.48877 390.16998
499.30322 283.07410
497.62518 731.61389
498.07977 740.85754
499.02701 746.94141
499.00101 747.11768
498.69345 758.01044
498.43863 771.54034
498.78482 786.61414
495.72318 818.58667
486.92801 637.99585
466.56049 640.20294
258.12213 428.50385
404.35089 514.21887
379.20850 518.53644
356.21469 518.84729
329.08057 509.94806
426.55771 505.29181
365.96759 443.96094
394.38165 442.96136
341.03528 452.43213
325.97583 465.38538
308.29700 527.73083
402.71066 869.61591
331.11774 494.83160
246.40292 534.79547
284.40036 515.12482
375.24396 616.46179
465.44659 716.60681
470.26361 740.30078
435.58466 726.07166
416.20453 737.06067
447.02222 742.23859
428.50006 745.86322
383.74200 777.61053
464.27173 622.11975
460.85889 595.25629
293.69595 450.55298
426.89221 550.31848
412.63593 622.10468
412.47815 609.12030
305.86230 619.55463
464.75549 564.22479
343.77734 411.69159
313.01996 427.17160
276.43057 377.05099
448.52982 417.62006
420.27496 450.79736
364.71005 752.76196
280.96130 786.00500
431.77966 636.77844
451.70068 644.25934
395.30792 755.50311
401.48499 754.50787
301.99619 414.22864
413.01767 634.92279
387.54996 405.94339
382.27948 386.12784
366.12280 304.15598
286.96729 392.02103
375.50183 342.00052
281.71155 442.23865
267.41541 434.90466
467.11490 730.00854
441.28577 735.08240
422.11014 741.76685
437.92590 641.69464
398.51080 755.03027
409.68018 757.86133
404.89752 754.00745
441.45209 625.84766
433.32596 748.51904
451.53296 746.48700
473.51251 746.18384
461.70795 818.44647
466.31537 785.38544
467.47345 770.18842
470.03906 756.78479
473.55307 746.54352
433.40097 749.16345
428.13513 754.35400
422.55429 761.25299
418.05710 769.72583
389.66641 705.94885
258.42242 661.14185
488.88489 646.16571
419.88315 751.41602
414.80710 754.34924
459.07178 654.54279
423.37793 650.87683
455.57489 649.53320
400.81799 567.44037
360.99084 586.03668
409.58044 622.20386
310.77576 334.31528
321.21423 359.95984
335.73709 393.73203
403.34573 794.11792
438.20746 383.67303
432.08746 336.41391
426.76093 288.98874
338.59274 516.70093
283.24463 548.37946
441.53922 496.72827
305.42560 480.92163
443.73920 531.22101
425.97064 609.86688
257.46408 571.22559
295.98975 561.91718
323.94904 566.15887
369.75064 558.45624
405.13232 545.59741
431.62018 530.71375
471.94244 491.16104
259.36942 622.44409
287.85956 480.46393
474.46240 637.38995
425.76315 573.36487
248.70993 544.42365
450.69687 514.14661
409.70844 625.73248
320.59052 497.10458
427.06595 594.20544
267.07477 723.07318
443.94189 487.76724
445.44284 576.23749
310.47601 824.65210
320.17871 863.19745
248.28317 642.72162
285.75812 795.44617
257.02145 481.79370
398.02936 899.10138
479.02972 645.47803
404.27512 594.57947
267.97073 522.65405
358.99203 504.17422
378.93774 504.33905
405.06708 762.38141
264.24692 675.62390
444.33948 934.53021
376.34381 909.57312
349.58453 890.95276
496.64136 335.34872
497.69986 938.16919
400.46683 501.00610
421.70407 495.22559
436.23407 491.24878
273.90366 478.40680
418.82462 473.80347
395.91632 470.10547
374.51511 471.19037
354.44598 477.21906
342.40106 484.55249
250.01202 480.98465
346.45551 502.00595
491.93198 676.16553
413.30725 689.24072
431.00089 631.78772
457.36517 678.20728
495.79376 455.73505
338.93591 855.16119
367.23041 877.83160
440.34579 913.26294
298.98639 832.19104
435.77032 481.56006
455.15134 532.29126
495.14404 915.57275
406.11847 924.32288
256.57700 700.14325
451.50357 747.05359
446.04108 755.31506
441.75769 765.80829
438.89484 779.07861
428.43207 808.31909
413.97934 749.99573
408.03799 748.55786
403.12201 746.57501
371.81433 727.31836
289.09668 680.67999
458.64700 509.26788
456.11182 463.05676
443.91876 469.13260
419.96262 751.00043
289.38672 749.36450
472.07693 457.67792
415.46127 839.06189
489.34259 533.35895
470.06653 515.77258
491.54785 508.73602
437.31802 574.10571
494.21310 885.51917
494.87610 850.00275
452.70416 849.89429
362.78394 793.84912
390.87848 648.86786
387.09991 820.91516
336.48950 648.86206
367.98590 676.27802
317.02655 694.22858
443.09598 884.37671
423.61880 591.31195
343.90076 819.48022
373.40375 846.53113
342.81744 760.99292
271.16016 721.85034
315.76428 771.48657
267.22095 752.15540
348.57330 711.15308
441.57770 552.71393
433.40219 621.15680
420.06973 630.21442
441.89627 601.27795
434.45547 440.69318
391.95468 429.24402
356.35376 431.50134
328.67694 442.22443
311.49741 458.55377
305.02548 505.84644
243.67328 588.22760
319.61023 535.79773
342.20203 539.32422
374.08252 536.87720
405.68738 528.65405
431.01163 517.38977
447.92560 506.45767
253.16864 603.10034
421.59528 638.00079
452.30670 553.53595
448.35718 620.18652
463.79807 634.60565
450.53461 626.21204
429.41425 646.21790
467.39108 636.23041
471.68860 643.89630
451.13483 486.74030
460.64569 490.01135
464.45078 491.85364
335.84567 489.95212
317.77386 479.90607
510.97842 537.44037
684.35455 494.49622
513.88959 639.18488
787.80267 410.64069
609.57001 506.61359
634.32281 511.68579
658.76105 512.92755
695.16650 502.63989
588.49750 498.28192
651.15546 431.16339
621.17035 432.75018
679.53156 438.31757
698.53650 451.81293
713.49933 517.63519
598.24982 869.18109
695.28784 488.21765
798.20728 520.45264
745.92963 499.33450
626.55048 610.58203
530.89276 715.76459
528.43671 739.44843
564.95929 724.75677
588.39948 734.64343
555.44586 740.74200
577.64172 743.59595
625.37354 774.23914
507.07489 621.14008
509.44577 593.94360
734.62860 425.07349
573.63257 546.13928
574.96509 618.44373
577.37238 605.18060
706.42810 609.99939
510.12524 562.93713
672.24255 385.22717
708.82141 400.35263
756.86951 359.14642
555.32898 402.28137
595.45239 443.72723
646.60144 748.27948
785.17487 777.62659
556.76221 634.16595
534.94635 642.81897
618.36243 750.60352
612.09961 750.08771
725.55829 385.33109
578.43994 631.61340
622.64600 383.27927
627.51367 363.06778
643.92010 292.19788
732.71332 377.22363
625.40967 333.09534
753.03973 416.24472
763.57953 419.39117
530.07660 729.05981
560.05762 733.53394
583.06885 739.26862
550.93408 639.57739
615.09637 750.38806
600.53442 754.10028
608.52319 749.81439
539.87360 623.35321
573.73718 746.29822
551.95673 745.03137
526.90198 745.45081
532.60577 817.84619
533.05646 784.49292
531.04346 769.24628
529.04297 755.83099
526.49182 745.68066
573.20483 746.61121
578.41425 751.57074
583.77252 758.38812
588.39801 766.77612
610.86755 701.99054
811.64288 649.77124
590.21124 748.16656
595.18341 750.83020
526.48975 653.64142
570.71771 648.61890
530.44904 648.40027
601.84058 562.13239
644.19080 578.88708
583.69775 618.54211
710.90033 318.13428
688.58801 347.62891
683.14368 366.77530
601.12823 791.71301
564.31891 368.16269
563.76410 331.45963
575.91705 282.29156
681.13196 510.34622
738.68286 535.10730
574.22980 490.84549
722.89081 465.22192
554.31921 527.84979
555.38910 606.64728
772.62201 558.34381
717.32788 550.30347
681.30212 555.71686
632.66846 548.64978
598.26910 536.60278
572.23218 523.62299
517.81824 489.69821
770.10858 610.75818
742.88477 460.75992
499.92194 636.97327
570.88672 569.56506
814.40161 529.60596
552.26056 508.98154
587.87561 622.14343
707.94312 487.89600
557.55670 590.92188
803.20911 713.22400
575.80603 482.80338
533.49884 573.91199
721.49805 820.86603
723.46826 860.72650
800.02014 630.83331
755.29504 788.91193
781.78546 466.40271
604.45056 899.50970
499.24866 645.06140
595.43311 589.99841
768.78467 505.42642
657.46198 500.08569
635.85535 498.98132
605.52808 758.38745
768.87946 665.32721
554.36743 935.39288
642.10321 909.94659
680.61707 890.54688
615.08545 494.62369
595.71222 488.78561
582.52802 485.63742
763.60413 457.10919
601.76276 470.06372
623.91589 465.41260
644.88416 465.75732
666.16016 470.51526
680.05481 477.26053
805.18549 464.22913
672.95367 497.89987
581.96332 686.37390
555.52100 628.96948
529.59546 676.98376
683.87292 853.45667
646.11920 877.67371
553.63330 913.67993
756.88782 826.25336
584.12927 477.72116
533.66699 529.89923
600.69525 925.23926
793.80420 689.74493
551.44495 745.29016
556.41479 753.33093
560.39771 763.77124
563.73346 777.08191
570.41766 806.76752
596.35077 746.57184
601.46729 744.89526
606.09430 742.75452
634.42426 722.65936
731.74115 671.70886
535.44861 506.91556
555.78107 457.58008
572.39642 464.27521
590.91730 747.94751
740.53314 741.72839
528.11670 452.79407
585.25507 838.15387
514.65680 514.38391
551.77722 571.17700
540.58252 849.65100
649.54169 790.36670
609.88745 644.40063
620.39258 818.87335
669.90149 641.49347
636.06885 670.89050
696.37958 686.91827
549.16821 884.48151
570.22168 587.61633
673.21454 816.37506
636.24329 845.13617
671.23865 756.02869
765.08948 712.74365
705.66534 766.00830
781.79456 743.16949
661.10791 705.30560
551.53546 549.62451
547.39771 618.23041
566.77942 626.95831
533.41394 598.97711
578.08435 430.99341
621.04272 415.02390
658.63757 414.66742
689.78546 424.17032
712.37024 440.54028
723.97839 493.08704
802.50385 574.84973
697.62439 526.71887
668.76318 531.04474
634.78815 528.34241
603.85071 520.22253
579.76160 510.03168
562.68408 500.45465
814.71851 589.85040
567.86414 635.09155
531.69800 551.22339
526.72345 618.35583
514.04681 633.76843
528.02032 624.51434
561.70258 643.92487
508.38565 635.51697
507.67413 643.24707
565.32410 481.70987
549.71124 485.17752
537.79767 488.14404
688.44861 482.81329
709.57654 467.64899
383.97894 488.36166
408.86905 486.14578
381.90573 467.88474
358.81653 490.65079
385.91687 508.66632
649.23926 482.58044
673.99786 484.72031
651.76263 462.05341
624.86694 480.58792
646.89355 503.26471
