512.57764 735.93323
509.12122 669.02429
510.60904 683.26605
490.29712 579.48004
508.86514 644.85498
509.16208 608.47827
510.79819 515.27625
340.31415 488.79309
510.88062 452.00647
510.74640 418.56628
511.67853 277.19275
512.65698 743.48395
512.72137 750.65948
512.97498 755.14893
513.03516 754.93433
513.23657 766.44678
513.31458 779.71777
513.50153 792.70398
512.94415 809.44983
509.58615 678.42017
487.04132 673.12561
260.57266 374.60300
415.29947 513.43677
390.90912 515.94110
366.59695 515.07129
333.60867 495.51044
434.91888 508.46155
371.55182 445.99521
401.08463 450.22760
346.32373 449.01691
330.97314 457.14008
318.68793 510.57825
432.86746 841.47156
330.72070 478.67365
257.51398 484.70410
293.49933 490.49792
399.15283 621.73889
483.19485 729.85510
486.60309 748.65857
456.70529 734.36127
438.35385 739.05164
464.66934 747.29272
447.17276 746.90027
413.05466 759.29230
489.98599 667.33234
486.75995 643.88110
302.28235 442.56458
444.87683 560.33441
439.16156 646.49097
439.17896 631.18115
331.38998 612.08563
488.27924 610.00281
354.70776 427.56775
322.61292 430.74524
278.28448 335.86115
459.90604 456.03973
426.22394 461.52881
394.78174 738.03809
297.25430 702.86365
455.32599 660.78284
473.37335 669.53339
413.31070 745.89343
419.06082 746.71399
312.29449 415.03363
438.84256 653.57013
399.48813 434.63672
394.96301 415.57520
369.79510 287.25140
293.61475 370.04547
383.97610 344.61346
291.08344 428.82947
274.11691 399.93723
484.35922 740.43768
460.60205 741.35577
442.46741 743.08093
460.40601 664.45081
416.26239 746.34698
427.43051 753.16235
422.23163 747.08936
465.63538 659.16791
450.77145 749.72424
468.28381 751.26001
489.09741 753.46234
484.17795 807.51501
483.40402 790.63538
484.44614 777.31073
486.50189 764.10211
489.15012 753.34656
450.62799 749.59570
445.68195 754.40735
440.42780 760.89124
436.34659 768.07831
419.01190 709.01208
267.85437 580.50067
509.99640 680.94989
437.44489 748.39471
432.41400 750.60266
481.42221 679.32056
446.46637 665.66589
477.53851 674.56976
422.04062 572.52368
384.18427 587.74536
435.98532 639.02625
312.48886 305.71109
328.35858 350.11176
347.45636 408.65173
431.79950 778.08325
451.36902 425.76819
443.12845 345.18216
434.23547 278.62973
345.45795 508.18085
296.29681 525.59607
446.70825 503.84384
311.60501 466.01654
460.01514 546.69708
451.77332 643.05573
276.85226 540.45221
311.43134 547.01520
340.60516 561.00195
385.52255 559.10632
418.55365 549.63434
441.57770 540.41821
488.80823 520.08746
283.25418 593.03040
295.87677 462.37054
497.78955 677.19006
447.08121 587.74078
253.96524 471.39984
458.87292 530.89929
434.92230 636.83765
323.71048 479.73483
452.10193 624.30963
279.61911 640.08527
445.04239 495.13837
469.39618 615.04102
340.05042 776.19574
344.95462 796.88177
267.29779 588.81293
313.71786 739.97046
264.80429 437.89801
428.90942 863.64624
500.36154 679.71313
427.32932 603.23816
277.16833 490.29529
366.95950 501.27545
389.52795 502.53671
423.14224 756.17657
290.52173 640.97412
468.95044 894.62366
404.79965 858.20410
377.29251 833.12421
511.14801 346.27863
514.33557 899.12061
410.45538 499.97061
429.58054 496.49033
440.89429 495.69855
282.65924 453.36505
422.24420 474.21207
400.18884 464.21320
377.50165 461.41113
355.49362 464.25879
342.57391 470.11813
253.40369 417.19592
351.32672 495.92255
511.12323 700.27289
440.63327 700.17480
455.09924 658.68542
480.33673 699.44843
511.18820 481.06451
370.05591 810.10443
398.41135 837.25787
467.13675 881.96002
319.71463 755.68066
437.63300 487.24384
474.11539 561.06293
513.68921 886.60242
434.38531 880.13757
278.35797 642.01019
468.28552 751.22974
463.64218 759.52478
459.78839 769.77173
457.24030 781.75256
455.01666 795.15509
432.84476 746.70166
428.14966 744.72131
424.40591 742.59393
402.41357 721.86096
317.01279 660.36066
474.60474 531.79443
462.25470 483.34879
447.47397 481.93887
437.69965 748.60144
318.19025 712.79193
481.57141 488.83942
443.27881 817.50305
509.74139 576.78125
489.26910 551.23596
510.23871 547.12909
459.23233 599.44391
513.22223 864.51648
513.07391 835.34229
477.33701 832.62756
392.16681 769.93475
415.83597 654.22522
415.98996 796.38989
362.61499 647.88599
394.67004 676.74304
344.93402 682.69666
469.99500 860.48523
447.32037 609.42712
374.56226 786.87048
403.74124 815.47839
372.50092 741.26459
298.64056 680.63806
345.62372 742.42517
291.92929 691.80206
377.33185 703.54382
460.92883 573.88831
458.55890 655.21307
445.53931 655.77771
467.93079 642.97925
441.77997 463.03214
400.95978 446.27356
364.76154 440.97665
336.61710 443.31958
318.57477 451.57312
311.28955 485.55035
259.38190 536.52820
331.02228 523.62213
355.92108 534.31860
388.07837 535.09180
417.85635 529.53247
439.72977 522.99316
454.45453 517.69482
260.18329 524.84399
446.41327 659.51306
473.49899 587.57971
474.02698 661.04840
485.77554 671.03870
474.24500 662.67993
452.52884 665.28510
490.44183 674.77631
492.74805 677.32690
453.36868 498.06863
465.84961 507.00430
472.18900 514.91077
335.53915 474.88309
322.36249 466.68756
529.76392 579.37714
688.43799 488.81644
533.64642 673.01025
778.57666 372.88324
612.98096 512.44775
637.82227 514.99084
662.40808 514.11639
696.55774 494.92905
592.66473 507.65588
657.75580 446.06372
627.34497 449.78119
684.04895 449.06909
699.95587 456.79218
713.45892 508.94067
596.33630 841.50653
698.42560 478.96997
782.47418 483.83771
740.97943 487.58936
628.92938 621.54474
542.19727 729.07263
539.49078 747.80536
570.06494 732.52954
589.14502 736.17566
562.46851 745.48785
580.90112 744.09924
616.31091 759.56061
528.67126 667.35455
531.37488 643.76129
730.87793 439.79498
581.75854 559.89740
584.56952 646.57080
585.47290 631.08942
700.19672 611.90924
530.48907 609.75800
675.64429 426.16583
709.22559 428.74051
756.82837 334.02899
565.49176 454.39560
601.14783 460.94577
634.76953 738.32458
748.19031 702.74945
567.83344 661.04382
549.17865 669.56073
616.73053 740.80463
611.01404 741.87842
721.38855 411.48370
585.52539 653.79199
628.68610 432.92828
633.30646 413.76544
656.95599 285.85788
738.00983 368.66614
640.71826 343.24594
743.55371 424.45078
761.03943 399.05872
541.39014 739.61951
566.29120 739.57874
585.24377 740.19037
562.60724 664.69733
613.73578 741.39362
601.70209 748.93243
607.77319 742.43738
555.68848 659.17401
577.62939 746.90662
559.12598 749.44208
537.67627 752.63733
542.67676 807.78162
543.87170 789.74347
542.32324 776.40460
540.19073 763.18268
537.58441 752.45441
577.59271 746.70471
582.60840 751.33893
587.76703 757.66138
591.83893 764.76062
607.80316 709.12756
778.47089 580.25305
591.72705 744.71790
596.70471 746.63721
540.98492 679.40039
578.08350 665.89240
544.93158 674.72058
605.59509 572.18848
644.78259 587.55023
589.47327 639.09998
718.32739 303.91403
699.71582 348.64081
683.91595 406.30127
596.73706 778.25623
574.08191 424.22092
579.94562 344.44019
590.41473 277.77402
684.00470 507.38327
738.52740 523.73578
580.07373 503.45154
720.45001 464.62463
565.58105 546.22449
570.01221 643.01831
759.25293 539.95300
721.22607 545.51245
689.29309 559.15924
642.19434 557.68408
608.31934 548.43738
584.64221 539.65399
533.62305 519.84924
752.92603 592.84302
737.65833 459.53873
521.65649 677.17157
579.02667 587.39478
790.86786 470.26459
566.70105 530.34985
591.46216 636.89203
707.64612 478.89075
570.70520 624.07336
766.72876 640.14862
581.32599 494.77225
551.05878 614.78729
696.75549 776.03894
695.27722 795.86444
773.61469 588.64569
725.19910 739.83936
772.70886 436.96100
600.98022 863.53931
519.77557 679.65900
599.88171 602.98511
759.98126 486.92053
661.71460 500.97839
639.21509 502.08093
606.19769 751.80536
746.28064 640.97614
560.55743 894.07861
629.21246 856.66211
659.93475 831.75171
618.34216 499.34961
598.38867 496.05161
586.19458 495.51819
752.39447 449.06671
605.67786 474.82684
628.74841 466.02032
652.33044 464.01682
674.00452 466.72583
686.61334 471.70935
788.60071 415.58929
677.44812 495.62598
585.05023 700.18127
567.51709 658.94568
543.18652 699.56763
664.60400 809.99878
633.87390 837.02814
561.00262 882.04773
723.61206 754.97626
589.13397 487.18256
548.74402 560.77240
596.95331 878.85730
762.62085 642.09119
559.04218 749.30267
563.71967 757.47180
567.61816 767.63586
570.48163 779.58014
572.64026 795.25134
596.28729 742.78430
600.58557 740.67456
604.26147 738.52502
625.79016 722.04443
716.80194 660.30023
549.29602 531.49103
564.33240 482.16388
579.18610 481.19031
591.70776 744.90631
717.66516 712.51086
543.01697 487.82242
585.43530 817.48370
531.94745 551.00092
564.52435 599.28412
549.79047 832.73962
638.43317 770.05975
611.14636 654.07861
613.80670 796.29279
667.11737 647.82867
633.43469 676.70093
686.59137 682.72876
557.42847 860.70068
578.16187 609.10571
658.18091 786.78479
627.23267 815.31665
658.36584 741.54553
738.76929 680.49091
687.94769 742.36316
748.85645 691.82831
652.22083 703.67889
563.56531 573.58136
562.80988 655.25842
577.59607 656.00891
551.81177 642.90564
585.05493 461.52060
627.44556 445.10645
664.65723 440.23306
693.95435 442.62262
712.70679 450.48279
721.32983 483.89789
781.12048 536.04266
699.65253 522.29181
673.51282 532.91974
640.23901 533.80371
609.68250 528.25867
587.26874 522.05463
571.96539 516.86499
785.96497 524.15021
577.14691 659.73700
548.01318 587.34918
545.54858 661.03186
534.48328 671.08807
546.24554 662.81854
571.24384 665.43079
529.34320 674.75806
527.60779 677.20752
572.79297 497.43982
560.23047 506.06387
552.80554 514.40906
693.50427 475.72528
708.63892 465.97861
380.94601 478.92200
407.48981 478.67151
381.39008 454.82672
354.36273 479.25677
380.59747 503.12125
646.43994 480.58057
673.26636 480.43185
645.52167 457.85480
619.67261 480.67560
647.49524 503.62360
