505.84009 746.80884
515.08514 652.78229
513.37256 680.38812
495.73456 561.72388
515.62555 624.35284
515.91986 587.75946
516.40576 500.48499
344.58154 488.49652
516.34167 443.95581
516.55872 409.79895
517.22711 275.06625
505.99780 757.97614
506.38809 769.38531
507.08566 776.81726
507.77176 776.71533
507.45547 787.58618
507.18677 799.98730
507.35251 813.67883
507.87662 846.89221
514.56110 667.56586
489.86374 666.50177
254.20126 402.95706
412.46729 506.91666
388.19525 510.44141
364.30945 511.24222
333.69675 499.16907
433.09998 500.46375
374.04919 443.73288
402.43585 444.27136
348.72443 449.80096
332.56677 460.17145
311.93814 517.70386
412.64081 900.52405
335.43500 483.30923
238.61615 518.19275
283.85236 503.21661
391.92886 628.19666
472.60205 740.07910
477.53769 767.47040
442.37411 746.17871
423.88165 753.77881
453.77704 765.96503
435.95697 765.64832
393.41302 799.34900
494.33014 651.85406
491.77087 624.60040
300.85474 447.36618
444.40790 560.23657
434.78656 642.68427
433.53339 627.88409
318.66452 624.80469
493.71100 590.74762
358.94931 418.18607
324.59821 428.97247
281.77444 354.86032
467.21918 433.76611
427.17560 452.49399
374.08246 773.10657
253.77161 783.47839
452.48932 658.86786
472.22913 667.57806
404.87097 766.56451
410.88501 766.89319
312.60864 414.70288
432.38095 654.46649
405.91751 417.73926
401.35284 397.78961
382.15320 289.99258
301.23315 383.75803
397.53317 342.16266
287.22736 436.54614
273.00708 421.83704
474.23517 755.01593
447.98062 756.84949
429.63754 759.89929
457.73511 663.95789
407.96924 766.76038
418.94977 773.54974
414.09106 767.13214
466.29407 650.63092
440.87555 769.76776
458.72168 772.04132
481.05634 774.92249
475.18762 845.62305
475.48450 810.85004
476.53506 797.07532
478.72025 784.90314
481.72571 774.85632
441.54715 770.39288
436.93445 774.85553
431.95667 780.74768
428.05203 788.01367
404.40820 726.86957
230.63226 643.89581
513.95404 674.02820
428.45444 768.88647
423.74213 770.99774
480.16776 678.50305
440.29102 670.92957
476.37878 673.16199
418.47983 575.58411
378.24936 593.08252
428.52243 639.93781
322.87979 315.95636
341.39471 356.25845
350.97284 399.47549
414.89206 817.83844
459.33536 400.69949
453.77396 338.14929
444.32751 277.58563
344.74799 507.53192
284.63867 537.45020
446.34088 494.27789
309.57019 472.97858
462.06433 542.82782
451.42706 633.36157
259.72830 563.81750
301.43964 554.51404
332.76562 563.33368
379.83923 557.48773
414.57779 545.27039
439.96426 532.87543
493.92517 507.10895
261.04697 619.63928
290.28360 471.86053
501.68573 666.36316
443.92624 586.79382
229.08560 519.27521
459.33746 519.34894
426.21564 641.62573
324.30673 486.17181
450.69339 615.53174
238.35614 712.38525
446.31750 485.35849
472.20490 600.34943
304.79541 841.08398
305.91388 879.15198
235.92807 633.75311
274.84357 804.83984
254.84726 465.34918
405.43445 933.19714
503.64111 672.80157
421.39667 606.71814
263.51205 508.44800
367.67822 494.51959
388.21017 494.81451
414.74210 776.98779
262.41702 676.92053
451.72839 973.84192
375.49219 939.78583
343.08966 915.09314
516.96747 339.08237
505.61877 978.33209
408.56189 492.13425
427.99710 488.24576
440.58160 486.70581
273.82611 467.01373
423.52191 469.50964
401.67731 464.13184
380.24100 464.40970
359.59833 469.24139
347.37000 475.37891
237.69278 454.44485
353.99493 491.80988
512.72968 702.58722
429.88751 711.33649
453.18762 654.42993
477.77081 703.12262
516.33966 471.76752
337.79828 877.80310
369.86816 906.62854
451.11914 950.49530
277.58871 839.05389
438.99420 478.78540
477.59802 549.90198
505.82199 954.45575
410.36191 960.17310
241.46558 696.18585
459.44785 772.31836
454.83292 780.00348
451.16333 789.43353
448.67944 801.47552
441.56744 834.18890
422.58084 765.79608
416.92853 763.20172
412.15109 760.19659
383.96701 747.70081
294.55307 687.67419
478.66132 523.13751
464.94693 468.32544
448.89569 470.40894
428.30649 768.14539
287.88940 758.85132
485.52179 469.50003
426.45682 867.03363
516.07776 557.54968
494.51147 535.40515
516.24640 529.56415
458.83109 592.47443
506.38229 921.65009
507.09778 882.16296
465.81000 880.59589
370.19568 814.81927
405.76111 664.22430
395.89893 845.47870
350.60828 660.38104
382.09177 692.09485
326.66180 706.32831
456.02783 918.54651
442.55969 607.47711
348.11508 840.70770
379.68585 873.22791
350.55347 779.12573
266.52023 726.43579
318.98398 786.91827
252.19604 753.86145
359.96530 727.63110
461.45322 568.05914
458.98334 645.84308
442.32159 652.02686
470.46378 628.03461
445.72720 448.38855
404.52603 435.73917
368.22314 435.08121
338.85373 441.98312
319.04376 454.45923
306.84094 495.26913
233.78143 574.86121
325.35291 527.59265
350.24890 534.12952
383.30939 532.12610
414.21411 524.52692
438.05029 515.67444
454.58237 507.63263
228.63358 580.87573
441.79004 659.11639
476.90155 574.49304
476.48550 647.79962
488.86807 661.88214
476.27216 652.49731
447.98941 667.41498
493.76120 664.41791
495.45865 670.74316
454.70862 486.62045
467.57599 493.79071
474.31152 499.63989
340.60596 479.82263
322.96967 471.79657
536.11725 561.77045
677.86584 495.47906
538.39716 666.82391
770.05042 403.86935
612.25970 513.02808
634.63013 515.93774
656.98999 516.74524
688.33215 505.23816
593.42987 507.52966
651.16754 446.57861
624.20496 447.83871
675.38025 452.51886
690.38074 463.41394
707.84052 522.30847
601.60083 901.63550
687.63208 489.94202
783.49713 521.09650
735.89868 506.75458
634.34821 629.72791
540.72638 740.90222
537.56989 768.25403
575.33313 748.12549
597.95361 755.94122
565.19000 767.31451
586.80499 767.22156
625.65985 800.63867
535.70923 652.22656
539.03735 624.81879
722.03094 447.92346
584.67145 560.49713
593.76843 643.42920
595.01569 628.50574
705.65820 627.31714
537.72266 590.77106
666.97302 419.55930
699.47278 429.61798
745.95331 354.84106
564.11572 435.96997
600.67084 457.60513
646.73804 775.05322
763.57178 787.12445
575.51709 659.46619
555.41028 668.20386
625.90424 768.16724
619.68683 768.43683
712.71423 414.72351
595.24451 655.43536
622.98267 419.47086
627.74261 399.95062
649.69611 289.53110
727.89551 382.25443
634.05750 340.80829
736.87433 437.09991
753.41382 421.61279
539.68854 755.80939
570.21210 758.45557
592.43549 761.69525
569.64575 664.52570
622.67639 768.33728
608.66284 775.04602
616.33984 768.60980
562.91595 651.20819
582.52191 771.01593
560.80273 773.13989
535.51776 775.57025
541.31390 846.09802
541.05365 811.57556
539.50000 797.69714
537.79932 785.43909
535.70752 775.34692
582.16241 771.34332
586.93390 775.99341
591.95862 782.12488
596.02771 789.53271
619.49976 728.72455
786.10352 648.16046
598.67175 770.14655
603.49097 772.36511
547.12000 679.15778
586.31659 671.87994
551.12701 673.85736
609.16357 576.34015
648.25739 594.66217
599.43433 640.95618
707.53619 315.49551
689.59985 354.34625
675.64606 400.80402
603.10596 818.85388
572.96954 403.34082
578.78436 337.69412
588.73804 277.49146
676.52557 513.41058
733.51599 540.66846
581.09503 501.96469
712.42426 476.24734
568.27252 542.81189
577.91528 633.98792
763.88904 566.88110
715.71753 557.55365
684.40234 566.01807
638.95563 560.54413
606.45044 549.21832
582.71069 537.53601
538.54175 507.09790
761.59998 623.17029
731.28601 474.67102
527.32678 666.62415
584.59338 587.23627
789.64984 522.16205
564.94165 524.30957
601.09875 642.73315
698.47986 491.63531
578.73065 615.94794
778.76782 716.49207
581.99152 493.42462
558.24353 600.57477
712.97949 843.85468
710.82983 881.11499
784.17419 637.56036
743.51868 808.01086
768.90680 466.71646
607.29755 934.22693
524.28656 672.96741
605.83057 607.73047
756.53577 512.10809
654.42358 501.01553
635.30463 501.12891
613.29346 778.57159
759.27734 680.56281
559.77783 974.24603
638.12079 940.33337
672.42535 916.31354
616.89697 498.83350
599.25220 495.83368
587.49677 494.85657
748.81104 469.31555
604.61560 476.63892
624.96265 469.80145
644.77625 469.21710
664.11615 473.79053
675.82123 480.55225
783.22058 456.20898
667.87292 498.66724
595.26288 712.58923
575.25024 655.05432
548.18518 703.90161
678.35913 880.11926
644.42310 908.12134
561.27484 951.23267
739.68427 841.62427
589.28015 486.89856
553.46484 549.94861
601.91559 960.47156
777.75360 700.14240
560.77789 773.07990
565.06439 780.82288
568.53223 790.43445
571.24451 802.58722
575.32898 834.72827
604.67407 767.26971
609.82471 764.88940
614.52429 762.07202
638.44257 749.79749
727.65027 690.81848
552.77020 523.19006
564.68958 474.40710
579.62952 477.31577
599.27917 769.46820
732.49225 762.00220
542.61438 474.09427
589.07111 867.77844
537.63416 535.37305
570.54034 592.88794
549.14081 881.08313
648.31305 816.88196
620.14990 665.70654
620.94757 846.73352
673.78729 662.64258
642.62054 694.14050
696.01807 709.13263
557.62646 919.41638
585.86584 607.96997
669.54340 842.92151
635.94366 874.70905
669.73584 781.74036
754.48840 729.93500
700.63446 789.73273
766.66144 757.56207
663.19147 730.15735
568.25513 568.31293
570.35449 646.37445
586.07684 652.77612
559.73212 628.50702
584.06036 452.68588
623.00922 438.42664
657.17798 437.18814
684.86774 444.06866
703.63538 456.93307
714.39459 499.23557
787.04059 578.40686
693.91382 532.28979
668.92407 538.46301
637.52875 536.62061
608.81317 529.75891
586.95312 521.69305
571.85559 513.76910
788.75415 584.62201
585.87256 659.88806
553.88837 574.59595
553.21350 648.39917
539.98608 662.41888
553.11688 653.21265
579.01514 668.10504
535.16614 664.82367
532.42468 670.96393
573.48193 494.21509
560.32324 499.97388
551.70789 504.85730
682.51630 485.74951
699.47205 476.05475
385.60977 477.39444
413.37253 476.19305
384.83954 454.68716
358.12659 478.54367
386.32404 500.01062
637.50641 485.29437
661.06305 486.28360
638.47418 463.88599
614.17456 484.06818
636.76465 506.72339
