519.67950 726.93787
524.28082 640.76208
521.92169 663.60083
500.82687 553.09491
524.44659 614.30664
523.57928 578.89288
520.31329 494.24072
342.14572 489.28909
518.88806 448.74963
518.89459 417.46460
518.22632 277.40112
519.82074 733.20410
519.48804 738.69434
519.13916 742.10962
519.33234 742.18335
520.15820 749.88025
520.68365 759.37158
521.03918 770.13660
518.32959 805.52563
523.54712 653.59210
496.35648 651.62036
235.56964 395.03769
410.44012 508.49170
386.22934 510.21371
362.24176 509.98389
330.30579 499.07483
430.97290 504.16135
373.12366 449.53235
401.22321 451.67972
347.09625 453.57562
330.21915 462.19318
307.19101 514.98883
421.66574 859.92078
332.56836 485.03690
226.74530 505.98340
276.64099 501.12680
394.39175 614.98120
489.76273 722.47864
492.49356 737.81763
460.64270 729.43536
439.30414 736.82153
468.16370 739.26855
447.53342 741.97241
405.15790 772.87195
502.24643 639.83569
499.16211 614.40656
291.63800 445.83432
444.82910 549.58057
437.85873 629.64044
436.67557 615.11224
318.83441 612.61249
500.13306 581.55469
354.48260 420.64410
317.42169 429.26312
262.49384 349.56531
468.74841 441.31885
425.40991 460.39987
384.24023 752.87183
244.26839 752.19373
456.44299 644.49066
477.59683 651.79675
410.90863 748.39606
416.45508 747.78351
302.37198 414.25729
435.57407 640.16394
404.86096 423.19653
399.96472 403.77045
371.56619 289.48654
285.39914 381.05341
390.20190 343.97058
275.59140 435.51123
256.96118 416.47498
490.86588 731.41394
464.51697 734.98138
443.41849 739.59692
462.06506 648.72211
413.75940 748.11060
427.32376 750.23987
419.63641 747.43140
471.38461 637.61591
450.76294 743.62585
471.07257 741.87579
494.12677 741.57733
486.95749 805.35065
491.82053 769.53363
492.26111 758.47754
493.05698 749.16394
494.44556 741.72998
450.78827 743.63989
447.21497 747.36371
443.39279 752.63550
440.22598 759.09454
413.51208 709.58472
219.15762 622.90759
522.72827 658.61456
435.26077 745.40863
431.55621 747.55872
487.17673 661.88837
444.75949 655.09723
482.54486 656.91718
418.69574 564.85083
378.54181 582.51520
431.62744 626.07678
306.33185 313.19421
328.29303 355.79935
345.13220 401.93814
427.12570 785.48187
460.30328 409.68985
451.19644 340.81796
439.61642 278.63062
342.08179 506.36035
279.04175 531.80017
444.38672 499.31543
303.79724 472.66376
462.77560 532.91693
455.60190 621.45746
252.24837 552.00562
297.55511 547.54736
330.78760 556.08862
379.67651 552.52094
415.36368 542.92871
441.85403 532.22400
496.19055 500.15930
256.52237 605.96332
282.49863 470.94260
509.79230 652.54529
446.16083 575.11847
215.83771 505.10110
461.84369 519.89087
429.65009 627.23108
320.20093 486.80701
454.58841 604.01086
227.10770 686.50421
443.53867 491.46704
477.22980 590.16180
302.79346 807.97681
301.73328 841.23474
227.88766 615.95111
270.92630 773.92432
241.02727 456.36426
412.95248 890.04053
511.58670 657.47748
423.57690 594.25598
254.33394 505.41992
365.57861 494.22668
385.85199 495.44946
423.45779 753.71399
259.36639 659.09985
460.70724 925.90326
377.85104 897.46442
341.96359 874.89734
518.72693 342.58850
516.36609 928.25897
405.79913 494.55087
424.65488 492.78522
437.21750 492.34296
263.70001 466.19537
420.82056 477.51245
399.84253 472.18286
379.36502 471.09540
358.82111 473.95987
345.86926 478.51801
221.80826 443.46637
351.91199 491.83310
521.64917 684.73352
438.15683 694.10547
457.21716 640.65613
486.44461 685.63092
519.11993 469.96112
338.21158 841.50604
373.65652 867.30725
461.16187 903.80463
270.54523 803.38086
436.14148 485.65491
480.46301 540.38849
517.49060 905.73328
416.54736 915.19812
234.67679 673.89252
471.23529 742.00793
467.92273 747.99481
465.67557 755.71649
464.21686 765.59918
454.04431 796.88501
430.49863 744.91016
426.27841 744.10529
422.71283 742.90295
393.87970 730.00287
294.97855 670.31909
480.03641 514.54913
464.42868 474.91223
447.22253 477.60797
435.23157 745.58569
286.67554 734.30328
488.21857 475.08197
437.09842 828.68323
522.43079 549.28339
498.23636 527.20789
521.40216 521.84393
462.27863 581.22717
517.99945 875.36548
518.12640 838.63824
477.24805 838.59900
376.30991 787.03906
409.46054 648.50879
404.72916 811.92712
353.33160 645.43433
386.58200 675.29175
328.58832 688.51685
466.91885 874.20160
445.69104 595.17609
350.63757 809.01361
385.86411 837.13086
355.24524 757.09241
263.42334 704.12219
320.16504 761.36304
246.08963 726.63208
364.98816 710.40173
463.85425 557.25861
463.65762 633.29419
445.73709 638.56030
476.15140 617.04004
445.01959 455.80731
403.26733 441.57123
366.24219 438.91339
335.33459 444.04477
314.01157 454.97089
301.13550 494.04919
223.90103 560.03467
321.99765 524.34363
348.23422 530.68243
382.04160 530.11237
413.46808 524.72522
437.85522 517.76685
454.77982 510.57413
216.69315 563.71997
445.25409 644.74115
481.04163 564.65051
482.88635 635.65436
495.50323 647.99615
482.17023 639.53754
452.21286 651.89496
501.11954 650.57599
502.68332 655.53613
452.92004 492.51880
467.81128 497.99969
476.75262 502.09351
338.35925 482.12598
319.27164 472.76816
543.28772 553.19189
681.84167 491.01221
548.02521 651.69092
779.90131 400.46008
618.06512 507.32135
641.23761 509.19363
664.25409 509.84552
693.60321 501.16934
598.05945 503.12177
655.89502 454.67224
628.83710 455.32526
680.19940 459.36496
695.15057 467.78073
716.48450 517.01794
610.17371 858.78040
690.77271 488.12350
789.26660 510.58759
744.96069 504.19763
639.74048 615.66785
548.42145 721.50287
544.99249 736.81848
574.88599 727.01855
592.86658 733.36035
566.81696 737.00598
584.50519 738.55750
628.43323 772.16943
545.68042 639.99341
548.78082 614.45593
731.71539 453.21228
590.15314 550.15814
603.60150 629.49463
603.66388 614.91809
709.96582 614.37726
546.26154 581.54724
674.31360 429.07590
708.38110 437.55377
757.42346 355.23041
565.78918 446.85855
604.83319 462.45239
649.21069 752.26019
766.58203 752.45789
584.96490 644.37036
564.63904 651.77264
615.96960 742.98187
610.52338 742.47406
722.16077 422.30374
604.50598 639.90680
626.93591 430.72839
632.16821 410.97794
659.91492 293.37405
739.55133 386.25043
643.21350 347.53342
746.13556 441.93982
764.08850 421.80063
547.20758 730.45520
570.89172 732.72546
588.86536 736.14368
578.98285 648.55450
613.20953 742.75421
602.07623 745.60590
607.27728 742.23376
572.67358 637.79620
580.57745 740.11713
563.07764 739.57483
542.52173 740.52997
548.66595 805.35034
548.35455 768.48456
547.02118 757.43701
545.19897 748.08533
542.54712 740.68384
580.44171 740.16290
584.81995 743.88037
589.01514 749.07098
592.73053 755.55139
623.24475 709.38977
788.31238 626.16620
593.45679 741.04895
597.65155 743.05243
555.69147 661.92273
594.36877 654.79858
560.08539 656.97058
614.81769 565.62805
653.57581 583.83435
607.62653 625.93402
719.31830 318.38278
700.58630 360.72321
683.24652 409.81818
606.65625 784.91125
574.74731 415.71350
584.91602 342.72473
595.38623 280.72791
682.73853 507.29327
742.40497 533.77783
585.14478 498.68512
719.71912 477.85187
573.49573 533.37671
587.92853 621.64716
769.37939 555.63440
726.18805 549.22046
696.12805 557.21466
650.00098 553.11902
615.50763 543.23639
590.10492 532.87775
543.35596 500.44525
765.72784 608.84222
740.07477 476.00903
536.86206 652.60986
590.49713 575.37054
793.51544 509.42032
571.34027 520.95215
607.97363 627.04871
702.91760 490.33771
587.61133 604.01575
781.57471 688.52435
585.52600 490.64905
567.12500 590.23889
720.30768 807.02344
717.35254 838.48230
787.53943 619.24573
748.69592 773.89471
777.29663 461.28943
617.54034 888.48584
533.64075 657.44952
611.71509 594.68982
765.19830 508.15930
660.21259 493.95639
641.35571 494.30423
606.10553 749.00616
762.43652 661.21240
570.44153 924.45648
647.97162 894.08160
681.33118 871.59161
622.26306 492.99805
603.60980 491.33276
591.36475 491.32458
757.29218 470.37646
608.69904 477.68137
629.37518 473.20792
649.39026 473.22418
668.14929 476.94867
679.45691 481.80200
790.42767 448.42181
672.76434 492.57172
600.90710 693.83447
584.93396 640.65515
556.15540 685.70782
687.41302 840.17419
654.21716 865.48926
572.06146 903.04590
744.14154 801.80853
593.18726 485.23895
559.77222 540.68921
612.22302 912.43945
780.79602 676.24011
563.13373 739.74182
567.33795 745.67560
570.41400 753.36853
573.06219 763.31525
580.49127 796.50958
598.50134 740.33911
602.66870 739.46521
606.21625 738.29004
641.10742 729.68732
731.31360 671.76294
557.83447 515.06628
567.93433 475.79279
583.12073 477.90021
593.49298 741.11438
737.00464 734.79755
546.86548 477.28125
595.73010 827.75818
543.72205 527.36896
577.63892 581.48761
557.57220 838.16669
654.55725 786.46393
626.41870 648.39069
626.91565 810.86743
678.56201 646.41327
647.74359 675.53583
701.07983 689.38831
567.36365 873.74805
592.61023 595.17297
677.67377 808.10315
644.21661 835.78497
675.51025 757.00403
757.94238 705.47516
706.96674 761.17474
770.47327 727.88818
667.80994 710.71265
574.40222 557.59656
580.49884 633.43860
596.14874 638.46796
569.77710 617.18628
586.84009 458.78241
627.29309 446.99847
662.83240 445.61932
691.66412 451.15088
710.86377 461.68933
721.70892 497.65015
791.42181 564.08667
702.73901 525.84839
678.61450 531.13470
646.26874 529.85620
615.93756 524.17755
592.53210 517.42004
576.57947 510.44861
790.87347 567.64001
595.49524 644.50647
561.23529 564.79437
563.37299 635.87109
549.83710 648.19818
562.96326 639.86963
587.97089 651.53168
544.99188 650.72528
542.03064 655.46472
577.14276 492.11810
564.34039 498.25339
557.20087 503.51016
685.98608 485.45093
704.55682 477.66901
382.15836 481.10364
407.50528 480.79642
381.69269 461.15445
356.48553 481.38818
382.44214 501.05029
644.39905 481.14142
669.32117 481.88757
645.35022 461.61630
619.46942 480.25848
643.53961 500.73691
