513.21991 742.50604
505.25406 680.05170
509.62900 689.69971
487.92209 595.67877
504.48703 658.62225
505.12140 624.44757
508.94980 533.40613
344.90283 492.73700
510.05130 467.75793
510.08585 436.67865
512.69653 300.21701
513.64838 746.91803
514.32330 750.59155
515.19867 753.28455
516.53827 752.86487
516.70819 761.75189
516.95557 771.53046
517.53656 780.68384
518.05365 807.78821
506.57089 687.30042
485.54770 680.95660
292.75012 374.30487
418.62747 518.97052
395.56845 521.22607
372.31439 519.68842
340.51562 496.96292
436.14709 514.72632
375.04028 447.16257
403.58725 453.56311
350.61469 448.73090
336.12878 456.50168
329.35416 509.97540
442.12878 822.72351
336.56500 480.23285
286.43866 475.49573
308.25937 486.50327
402.18051 621.97437
484.16281 735.86456
488.30566 746.52264
462.06604 732.37616
446.14972 728.43665
467.85742 740.68695
452.10162 734.94733
418.56305 744.17542
487.43692 677.88599
483.63129 656.90961
312.70465 435.99146
446.78412 566.77966
441.23737 651.61542
441.01294 636.66150
338.65747 607.53680
485.07117 624.94690
356.90613 428.24988
328.60577 426.64545
306.53241 343.16714
455.94171 465.87302
427.50125 467.02567
401.02747 720.80499
327.62524 663.21051
456.79373 665.83301
473.91507 675.42419
421.28235 720.61914
426.21375 723.61041
320.52911 408.75226
441.86438 656.43091
397.55084 440.56198
393.81433 421.44202
382.47870 306.83615
315.68692 377.85101
393.60553 363.27649
304.08435 420.31006
299.49652 400.99713
485.67035 741.79022
464.72598 736.53412
448.88632 731.54840
461.68396 669.19489
423.83514 722.17352
435.60864 733.80884
428.70248 725.01190
465.17966 667.45026
455.18130 738.01520
471.25818 744.32623
491.23038 750.08447
487.48917 803.92834
489.52249 777.28235
489.39178 767.82312
490.65060 758.47693
492.82996 749.94366
456.33069 738.08575
452.57108 741.31482
448.67264 745.75494
445.94324 750.62830
422.28082 700.58435
299.66977 551.39771
507.84088 688.93292
443.60724 732.14929
439.41925 732.84448
481.82880 684.77850
448.57214 666.77478
477.98529 680.42993
425.78223 575.60986
388.95221 588.27679
438.85043 642.33337
334.11035 320.33142
345.18057 363.96301
350.62775 408.18948
436.69540 767.72516
447.73761 436.98602
447.37006 365.85809
440.31592 300.61237
351.69278 511.53778
310.24231 523.45044
446.11246 511.02365
321.16464 463.07654
460.68704 556.58063
451.68365 651.49518
295.46417 532.61890
322.84711 545.95465
349.00812 561.18011
391.25952 560.78760
422.05255 552.73444
442.75372 545.39459
487.84036 536.72614
298.26834 580.72516
308.62640 457.30115
495.41992 685.92700
448.42993 594.02362
288.70300 456.13318
458.19171 538.09760
437.89133 638.56140
330.79819 479.52579
451.78650 632.99353
310.69626 605.05646
444.16330 502.66141
467.30682 627.32568
363.61563 746.05219
372.05652 757.85828
290.29562 567.80847
337.85834 708.92517
291.94568 434.61920
442.58203 838.87524
498.51419 687.60889
430.18054 605.96918
295.62512 484.56744
371.06622 508.19299
393.45566 509.55994
432.35132 734.89966
305.83621 622.91144
480.17535 868.60181
425.17563 823.15277
402.11755 795.43848
510.94958 367.64899
521.67462 876.29956
413.48926 506.79349
431.10168 503.46716
441.03796 502.96106
298.44971 446.56879
423.51117 477.97647
402.66953 465.47974
379.98590 461.49390
358.51855 464.08002
346.41943 470.47717
287.17004 410.39438
355.30173 501.76477
511.11008 703.03265
442.84100 696.19531
456.08978 664.75281
480.74402 700.83142
510.04019 496.27716
392.14569 779.97449
416.76221 808.63013
476.48352 861.63904
348.50269 715.33978
437.49823 493.68076
473.26990 575.07495
520.53650 870.18652
449.83783 849.49365
300.94238 615.20959
472.86331 744.49030
469.38516 750.61340
466.79059 758.15405
465.60315 766.96655
458.87717 788.82465
439.31830 729.27386
435.91241 726.63544
433.25076 724.27362
407.37689 708.52338
327.99869 647.36145
474.30493 545.56244
460.20566 491.95453
446.44470 489.34512
443.16025 732.19031
335.84296 690.36682
478.96774 498.61792
449.19781 804.37592
506.48669 594.19196
487.66632 568.29608
507.75220 565.63214
458.52374 608.71387
519.39465 853.95715
518.70605 829.66443
481.76080 823.84534
403.21887 750.99353
419.27786 652.73145
424.67984 779.41583
367.73785 644.00958
399.16116 671.42816
354.10904 671.78375
476.54062 846.10309
448.31592 615.26141
391.02655 763.58826
417.01562 793.47217
383.49274 722.39526
316.77911 657.60944
361.51251 721.23016
315.82379 661.25708
384.87979 691.59161
460.83948 584.04150
458.18213 663.54022
447.27148 661.00549
466.16809 654.27161
440.33185 470.64197
401.61475 450.58386
367.16437 442.38895
341.15448 442.25385
325.54950 449.09338
322.02170 483.53140
285.43097 521.57385
340.12042 524.33368
363.70270 536.39667
393.94653 538.26776
421.49759 533.64038
440.97369 528.37592
453.92218 524.46503
293.98752 502.00259
448.80637 663.25317
471.68951 600.88367
472.40793 671.18811
484.05371 679.61115
472.90878 671.69104
454.35391 668.23102
488.46826 683.51062
491.27121 685.10870
451.79037 505.93500
463.95532 515.24371
470.27679 524.04919
340.30359 475.81036
329.16354 465.94162
526.60388 596.06201
683.85822 495.39560
531.04486 681.18225
764.55560 377.41223
609.71899 518.86450
633.72931 521.11938
657.58594 520.21027
691.23999 501.25430
589.96179 514.36572
651.39618 454.64011
622.22046 458.54309
677.01898 457.17697
692.81653 464.48520
707.11072 515.57379
602.55756 827.38721
693.76099 485.49301
774.54596 481.10556
733.52124 495.58582
631.35803 624.11499
543.28314 734.71094
542.29510 745.53253
570.07727 730.42609
589.75775 725.64105
566.13770 738.78314
585.13690 732.31775
626.12836 747.02905
523.89447 678.38354
526.39209 657.27417
720.99561 447.65051
583.42645 567.84753
581.40021 653.24182
583.45844 638.05536
702.33386 611.56549
526.42285 625.18085
666.20959 435.75244
699.27917 437.29315
742.86279 345.86841
561.33563 464.52246
597.40497 469.37195
643.35370 723.65192
747.30243 671.53979
565.16028 667.24628
546.87347 675.74866
622.21423 716.17285
617.24084 719.36322
710.29712 420.84979
582.86755 658.01276
621.09961 443.56622
624.71497 425.74347
651.71643 307.91437
726.06134 382.77261
635.13104 365.74774
733.52808 433.96295
750.02252 406.58990
543.07642 740.69324
568.18799 734.61060
587.56201 728.78247
560.37665 670.29602
619.54150 717.82581
606.44769 730.20831
614.58209 720.87256
552.55719 668.65118
583.12604 735.31860
563.78259 742.35382
541.43091 749.08582
550.17029 805.00427
546.93848 777.04871
545.81970 767.42401
544.00146 757.84967
542.09723 749.25110
583.17352 735.74878
587.18518 738.98492
591.38922 743.40143
594.60864 748.37170
612.52802 702.41388
774.85693 557.57361
598.03882 729.07410
602.34277 729.54108
539.25647 684.92358
577.42340 668.00122
542.85516 680.65320
607.00751 577.24884
646.61163 590.79089
587.82520 643.85168
707.64087 322.24048
689.37744 368.14560
673.34833 416.98627
606.02869 770.48102
568.48920 436.39166
577.57672 366.94617
588.77209 301.00937
678.86096 513.60974
731.25439 530.61938
577.64642 510.45090
712.67511 471.83368
566.91095 557.34790
566.78101 652.93188
755.71027 538.28046
714.19049 550.97125
683.02423 563.81122
637.83667 561.81519
605.71191 552.78448
583.14966 544.39923
532.22198 537.10345
752.39160 586.78278
729.29285 467.93356
518.28638 686.14545
580.08191 594.97412
781.98694 460.19482
565.47992 535.79309
591.32880 639.99695
701.43323 485.51230
568.77283 634.06592
764.46240 612.44910
579.00311 502.19586
548.13269 628.00500
696.43146 755.36884
694.71802 766.99255
771.57770 575.03210
724.98126 718.11359
763.73999 439.84314
604.65448 844.75323
517.26392 687.62756
601.14594 607.45691
752.16003 496.00281
656.94775 507.70914
634.80054 509.08569
610.17456 731.14740
747.38110 629.74731
565.38239 871.31598
630.65302 830.14459
659.71167 804.09180
614.26813 506.58841
595.03986 503.37143
583.34753 502.86707
744.31708 458.90634
602.64185 481.91190
624.92517 472.60214
647.75391 470.46112
669.21411 473.19058
681.79260 478.23199
776.87695 413.68152
672.67853 502.40939
587.64764 697.36823
564.74701 666.29346
543.59271 701.48267
664.49225 789.03143
635.92401 816.73914
566.03589 864.75079
723.16949 724.18701
586.45508 494.70807
547.82495 575.65155
600.10736 854.41656
762.48212 623.46313
564.06335 742.96570
567.76825 749.19574
570.78241 756.84601
572.83868 765.84076
581.29443 790.73560
601.40643 725.66272
604.22729 722.90826
606.59552 720.56177
632.25616 710.77679
719.04279 652.75562
549.49249 546.21686
562.15094 490.75659
576.71997 489.24915
598.09875 728.76715
718.95282 697.43628
541.52094 496.28497
593.71338 807.77136
529.59961 568.61578
564.41901 609.65985
557.46844 825.55688
643.39435 755.84192
612.67749 654.35168
621.13855 783.88379
670.02661 647.36627
636.50427 673.79791
688.97888 676.32697
563.66754 848.59210
578.46179 616.25000
660.22363 770.62915
632.01959 799.89062
662.44141 727.07806
739.66937 665.07562
689.86096 727.89563
748.70642 670.18341
655.73047 694.72913
564.08868 584.84656
559.33752 665.04065
574.38586 662.72498
547.48938 655.23297
581.12311 471.33975
620.96771 455.32956
656.68286 449.94705
685.25409 451.31265
704.16296 458.18390
714.34949 490.83347
775.78949 527.91443
693.78015 528.23138
668.09814 538.40594
636.21399 538.99896
606.97272 533.74133
585.37030 527.88910
570.52332 523.11279
779.75623 506.93988
574.27985 664.73145
546.29681 601.50769
541.19592 672.22150
531.35968 680.27112
542.84552 672.80151
569.56244 669.32208
525.86938 683.88373
524.97339 685.18158
570.80573 504.88879
558.88391 513.13861
551.55005 520.98132
688.70715 482.24915
701.92218 473.01517
391.40976 483.30396
418.82962 483.15088
392.57623 457.94690
363.98593 483.30219
390.18500 508.75793
644.63129 485.07159
671.26465 484.74829
643.40900 461.82159
617.74268 485.04752
645.86719 508.44553
