516.99866 759.20398
526.49133 644.69788
523.17139 671.68811
504.90265 557.42212
527.07825 617.29016
526.48053 582.28125
523.64899 499.28302
342.37817 492.23151
523.25641 446.49396
523.74811 414.47290
523.55933 285.63150
517.41394 766.82684
517.47882 773.64404
517.30786 778.15936
517.98315 777.54688
518.49731 783.73230
518.85724 791.43951
519.04175 800.49457
518.26624 845.78540
525.41785 658.83740
500.72275 658.11096
251.35846 402.21838
411.87079 511.62238
387.55951 514.75842
363.73572 514.84814
332.13116 502.08990
432.79376 505.53125
375.96756 445.12012
404.92709 446.90521
349.71738 450.45670
332.71869 460.61252
311.04276 519.30310
421.08951 888.78925
333.03177 485.73694
232.59592 514.64130
282.67740 504.29462
397.56366 623.38281
488.84277 754.59314
491.60275 772.03973
463.65131 760.21594
445.55457 764.91290
469.79535 771.55908
452.38049 771.64282
401.50217 791.74249
505.73169 643.82733
503.28619 617.51654
301.88062 448.70984
449.19315 556.91522
445.47906 636.57953
443.39789 622.55322
321.41418 620.98608
504.22363 585.03174
363.48801 421.62427
327.46844 430.96637
281.93085 356.09329
471.91934 439.35120
429.47595 456.53821
382.69904 764.45251
243.92987 771.66644
463.41983 651.98169
483.17358 659.78210
421.95068 771.22321
426.89557 771.74530
315.13730 417.68793
443.00418 648.34607
410.97922 422.58063
407.31348 404.03638
387.27530 296.22672
303.51352 384.28546
404.41156 346.50986
286.87665 439.00641
272.50922 420.72357
490.01834 764.51337
466.68219 766.15747
448.93097 768.22943
468.79453 656.82599
424.56769 771.45868
436.25385 776.22571
429.60760 772.07465
477.24045 643.12848
455.36865 774.35718
472.49432 775.24316
493.30087 776.69397
483.82587 843.85437
491.28052 798.12585
491.57169 789.20459
492.27798 781.98578
493.86392 776.06689
455.66116 774.46295
452.66293 776.68079
449.60663 780.26733
447.21048 785.01422
414.17743 719.00079
218.79651 635.67383
524.24908 665.16705
442.48199 773.71039
439.51834 774.65887
490.68399 670.25018
450.64215 664.13232
487.06696 665.07629
422.85638 572.09460
381.99570 589.54144
438.13165 634.55493
325.52185 319.67654
346.00388 358.66776
355.89697 404.18091
422.60284 812.39880
464.91409 408.15192
461.17288 343.82797
450.66055 286.06067
343.51273 510.92007
283.82358 537.95087
446.73566 499.71515
309.55231 474.01349
467.26971 539.78448
462.15613 626.63098
256.01788 559.90674
301.26855 554.63257
334.19168 563.03589
382.25073 557.56067
416.93491 546.15979
442.71716 534.31390
500.59930 505.37994
257.91467 615.05811
290.16876 473.07431
512.73810 657.71344
450.62115 582.73895
220.26590 515.27246
462.70361 521.36224
434.92041 636.54517
322.85800 488.14697
460.62604 609.75745
226.26328 702.06897
447.04678 491.30182
482.32126 594.47021
305.23767 830.44873
302.33185 865.74658
226.95703 627.34949
272.43689 794.95544
251.62122 463.23230
413.47702 919.01733
514.32495 664.00238
427.69547 602.36823
261.07526 509.48770
366.44086 499.75003
387.34549 500.43820
433.27621 778.62402
259.73422 670.53094
460.16867 958.63940
378.23651 924.08588
342.74753 900.25830
523.69128 346.09732
515.93500 963.13220
407.85403 497.98859
427.47549 494.32248
440.65280 492.88672
272.25323 468.89398
424.35632 472.75647
402.76605 465.24774
381.02740 464.35492
359.37308 468.99841
346.17517 475.83261
231.99133 452.29291
352.29840 496.41519
522.47858 694.13159
439.64282 703.44556
464.18744 647.45874
488.05447 695.01251
522.77850 472.15097
340.49298 865.38947
375.35269 892.75391
460.86145 936.90533
270.86639 826.48022
439.87433 483.93018
485.05649 546.27856
516.86047 941.08197
416.19858 944.48840
232.64844 688.24817
472.83575 774.88300
469.90405 779.11633
468.11011 784.88232
467.14874 792.54047
449.38470 830.69458
438.93246 771.70319
435.29977 769.92780
432.24841 768.17468
393.75687 739.55054
296.87506 681.76648
484.53540 520.60486
467.12491 473.87503
450.32574 475.70325
442.76422 773.40375
289.02124 750.79895
489.97369 473.97443
434.52737 858.86877
525.53265 553.50696
502.51160 532.31525
524.59723 526.88574
467.11557 587.60919
517.69391 911.07794
517.97699 875.98077
475.34003 873.74487
376.46954 805.88354
413.82092 658.48346
402.61261 836.45410
356.42871 655.28839
389.92163 685.69202
332.58722 699.98047
466.08527 907.59338
450.69125 602.78253
352.58667 830.40454
386.14343 861.69525
357.29138 770.68127
264.24457 718.48645
322.93045 778.70746
245.51276 744.66998
368.30493 720.41943
468.44089 564.10437
469.98468 638.55688
453.34296 645.41083
481.59235 620.94666
448.55038 453.64020
407.96509 439.68701
371.49017 437.62402
341.32062 443.37805
320.19928 455.32477
305.83609 496.38196
225.93317 569.83679
324.74524 529.18018
350.67761 535.69434
383.99689 534.32129
414.87985 527.45355
438.91864 519.12927
456.00922 511.38934
217.90750 574.95807
452.69312 652.55072
485.58044 569.76691
487.76169 640.11951
499.73312 653.58740
487.18256 644.67792
458.75043 660.42267
504.80310 655.94824
506.26825 662.14215
455.68369 492.21042
469.61966 498.17575
478.15326 502.63501
338.87061 481.11121
322.40765 472.83759
545.29382 557.85199
684.57953 493.62802
546.53070 658.65027
765.70868 412.37558
617.78644 510.31439
640.70392 513.93005
663.07507 515.33948
693.70129 503.81689
598.44196 504.02606
655.68323 447.37506
628.33331 448.48511
679.96246 453.01428
695.14691 463.45560
712.66052 522.07629
609.66595 888.39978
693.74500 487.90924
783.17224 522.61285
739.32837 507.90924
639.55341 626.47974
545.35931 753.94379
543.46393 771.90552
571.68915 758.40173
589.99457 762.95312
565.29749 770.83612
582.51703 770.42065
629.92273 793.05829
546.49139 644.23511
549.99103 617.98511
726.24207 451.46466
589.86169 558.81531
598.42603 638.23895
599.62390 624.18115
710.15503 625.94446
547.87476 585.43774
671.67590 424.62173
704.29321 433.76398
742.60742 366.06699
567.70270 444.00226
604.34271 457.29941
649.11621 766.31897
760.95898 775.42505
579.66376 653.35364
561.04437 660.93878
613.39941 770.26459
608.71741 770.46606
716.46631 419.58990
598.65125 649.87872
626.84503 426.59244
631.77863 407.72705
653.56897 302.95593
727.04956 391.63785
639.01154 351.27481
739.37445 441.71646
751.68665 428.62070
544.92688 764.05859
568.71301 765.08789
586.47864 766.67261
573.87323 657.98199
611.01874 770.34558
599.73474 776.06549
606.15503 770.76080
569.69214 644.46948
578.99194 773.15887
561.98346 774.80151
541.48419 776.61975
551.54755 844.30542
546.46075 799.31610
545.62775 790.00116
544.03693 782.62616
541.81366 776.43805
578.97424 773.94885
583.00201 776.98468
586.74731 780.98029
589.84125 786.30927
623.25177 720.95490
783.75159 642.80823
591.98944 772.75336
596.00586 774.22241
554.04651 671.14081
589.62469 665.44409
557.37976 666.18890
614.24908 574.76416
653.75720 593.35742
603.15826 636.25604
707.48602 328.59061
690.99744 365.09845
679.84827 406.45056
609.95996 813.34375
576.61560 413.18921
585.32727 346.64322
594.65070 289.98816
682.21741 512.20587
737.60822 541.33264
585.82001 498.11310
716.76996 476.76868
573.87482 541.21979
584.95319 628.23059
766.56061 566.83398
721.09369 558.18390
690.44226 566.49817
645.36481 560.25854
612.74561 547.87408
589.01294 535.80438
545.41736 506.04694
765.21729 621.26202
734.56012 476.57513
537.62415 657.95160
589.62982 584.45703
786.34113 524.21313
571.23572 522.73322
604.17944 638.31311
703.02649 490.35608
585.27631 611.20905
776.86755 707.79767
586.39111 489.18970
567.08307 595.39612
714.48511 831.12238
711.40637 865.53784
786.93585 633.74628
743.83704 797.02032
767.79041 471.36295
615.17212 918.05273
533.96960 664.26013
610.44464 604.69598
757.97247 513.63184
661.20471 499.25494
641.59619 498.89929
603.00903 778.73712
762.01971 675.89551
569.67181 957.76941
644.02277 922.14294
675.90942 898.76111
622.46191 495.94574
604.13690 492.20172
592.14728 490.82458
749.93573 472.58301
608.92627 472.73581
629.39838 466.32367
649.94421 466.12030
669.73328 471.19696
681.71796 478.03873
779.47668 462.03314
674.80511 496.96469
600.46613 705.09546
579.97681 648.97394
556.26172 695.99365
681.56458 865.02209
649.75146 891.79797
571.00983 936.40625
737.97052 827.91321
593.69574 482.54874
560.71729 547.22742
610.20343 942.78961
780.31012 693.49457
562.27161 775.10327
566.12146 779.88977
568.73334 786.01947
570.86035 794.22620
584.45093 831.27405
596.71747 770.09814
600.30750 768.33392
603.43073 766.39935
640.84363 741.64099
730.58881 686.30829
559.04919 521.76599
568.62897 474.12509
583.50281 475.05496
592.45068 771.87756
733.38745 753.84912
548.24878 476.19830
597.53888 858.88440
545.69171 532.78687
576.97180 589.03217
559.19751 873.75067
652.81323 806.98785
623.38153 660.63086
627.53137 836.74719
678.13342 659.05603
645.93329 688.34253
698.40076 703.54993
567.54724 907.48108
590.58887 604.38196
673.45599 830.86298
642.03943 861.39319
672.71100 772.74518
755.88184 722.76190
702.99115 780.56702
767.85645 748.52454
665.21509 723.24097
574.34485 565.53174
577.32660 639.95184
590.70764 647.03259
568.90015 621.98138
587.29126 455.13861
626.87079 441.61609
661.55078 439.92395
689.55023 446.29559
708.09344 458.32251
718.84686 499.41840
788.39661 577.11816
699.40942 531.87762
675.02295 537.92493
643.86841 535.40717
614.64075 527.66229
592.35724 519.12402
576.94202 511.26355
785.46313 583.03485
589.65814 653.93817
562.01746 570.64569
562.32623 640.90173
548.83173 654.16437
561.15594 645.73108
582.85437 661.57092
544.85327 656.35815
541.34503 662.52368
577.87018 490.60547
565.03796 498.07269
557.75000 503.98206
688.57367 483.38654
704.31616 475.46185
382.03699 478.87073
406.38568 478.64459
381.61276 458.06662
357.49188 479.29559
382.36346 499.76648
645.02539 476.64716
669.70728 477.84930
646.57294 455.55560
620.33789 475.35318
643.73108 497.93094
