508.52359 714.20984
501.02188 602.97754
501.29993 634.62561
482.21371 530.14819
501.27530 577.84644
502.19373 548.70282
504.97589 482.71350
342.07373 496.59424
505.79919 438.25864
506.00754 409.59348
508.21243 305.88110
508.17322 725.14050
507.69992 735.84692
507.52124 742.99982
507.70331 743.54108
507.73904 753.67346
507.26929 766.19537
506.72052 780.81226
501.31210 813.82513
501.28595 617.88672
478.96414 620.11206
261.27463 428.52448
405.16794 507.26538
383.03845 511.11832
361.32361 512.73822
332.09705 505.91748
423.97244 501.25659
369.30499 455.60895
395.17834 454.75397
345.61539 462.04205
330.55804 471.83261
312.66092 521.17712
406.73297 852.69342
333.54419 493.19171
247.83957 524.79150
285.83569 511.00583
383.75940 602.96826
477.73178 706.90460
480.02014 734.75867
446.64450 717.94086
425.10291 730.20123
455.79669 737.02228
435.79218 741.06879
389.77991 767.26208
480.19812 602.81097
476.88834 579.26538
299.59607 462.24005
432.83359 541.93066
422.46259 605.37909
421.04361 594.28888
317.05731 606.66296
479.38577 552.19495
354.08435 432.95502
321.67932 444.57635
283.26782 383.77325
455.86301 437.05219
417.87369 460.35718
373.07211 741.46600
273.05133 752.05237
441.52094 618.38184
461.92981 625.49292
399.34613 749.78003
405.34760 749.34607
308.81967 433.17392
421.94373 618.57312
398.06958 428.55038
392.81799 411.17303
375.12091 321.42621
296.09399 400.41437
386.90829 359.58249
285.29843 453.85889
273.04300 436.62244
478.21335 722.37793
451.16626 728.24823
430.26093 735.78900
447.81793 623.59882
402.42819 749.59570
415.02429 752.57385
408.68509 749.06232
453.66342 606.18060
439.91272 744.34271
459.38556 742.20398
482.06119 741.85242
467.47290 811.84821
475.28436 778.70850
476.76923 763.93970
479.03052 751.91821
481.91568 742.35803
439.60962 744.74298
434.95947 749.20227
429.65216 755.56323
425.35587 763.80743
399.60181 689.90350
248.27991 636.67975
501.40677 625.82532
424.63535 746.86664
419.99170 749.41486
469.05142 635.35107
431.84778 634.62299
465.70874 630.50159
407.19543 557.70697
369.44067 575.43188
417.44745 607.21088
319.52753 347.02997
332.56671 374.02234
345.29434 416.98199
409.26651 784.32666
446.89828 408.31793
442.92892 354.53522
435.95862 309.07510
342.93628 511.44049
288.06912 538.39569
436.42899 495.56738
308.79016 484.27454
450.31396 524.76526
437.85596 592.73346
262.69299 559.00763
304.15906 550.88110
334.13934 555.24878
378.76230 548.11371
411.07364 536.68585
435.03659 524.73682
481.85437 489.57315
266.65500 606.63574
290.69604 484.11337
488.96298 617.18488
432.65601 562.47961
243.43829 532.17688
452.81940 511.71310
416.45297 611.19470
322.70154 495.75836
437.28174 579.56342
257.11276 692.93115
436.10925 488.36554
458.13965 563.04413
313.40573 798.30286
315.88531 831.60291
248.57968 622.21783
290.01962 766.62738
260.07303 477.45917
399.99927 881.47668
491.67538 624.94019
411.16574 582.51672
267.23599 516.66064
363.52332 499.36896
382.09796 498.34460
410.39627 756.90393
272.37042 655.25812
445.78271 920.54498
372.29391 886.56964
344.75177 863.65430
506.68298 354.36099
501.70566 925.99530
400.45782 495.35529
417.91971 491.72681
429.90265 490.03799
274.16309 481.09229
414.18839 476.48956
394.42804 472.79294
375.54724 473.45660
356.75851 478.35101
345.23056 484.53577
249.19672 475.12732
351.01099 498.35376
501.15689 656.91345
421.71118 672.00696
441.27640 612.85022
466.85544 659.11792
505.60791 461.85431
339.16382 831.13245
367.39435 856.76227
444.61349 898.71252
294.01245 797.98663
428.91751 483.31805
465.04425 525.10706
500.99432 904.03802
404.59244 906.22620
256.96976 674.64905
459.09219 742.70422
454.31049 749.99121
450.47888 759.62482
447.68024 772.44287
434.21048 800.06171
419.54807 745.23834
414.04974 743.03235
409.47977 740.36725
382.65265 713.71680
301.48099 662.17542
466.65195 505.31000
453.85989 470.10107
438.59540 474.46518
425.02948 746.72870
298.86584 725.80103
474.96136 467.05914
420.24948 825.30994
503.23193 525.58936
481.68869 510.29358
504.12039 504.24957
446.29208 562.37146
500.86609 874.76422
501.03680 841.89551
458.67221 838.97186
367.21622 778.06012
397.90207 633.38403
390.63934 805.58868
348.59357 633.86407
377.64929 660.12299
330.05994 676.83691
449.14078 870.26282
430.76547 578.39380
346.72211 799.57092
375.70074 828.17279
350.51447 745.09363
279.10425 697.82513
323.58389 751.12097
269.04660 723.27423
360.24152 695.83533
449.50677 543.55188
445.82697 602.08405
430.29877 612.10474
456.15164 584.29559
435.39893 454.11298
397.05042 445.81805
363.49399 447.19794
335.78253 454.89276
317.15717 467.42639
306.96777 503.33258
244.44498 572.65393
325.81149 528.21301
349.60156 531.27417
380.19366 528.25201
408.64960 520.91833
430.83356 512.45526
446.20963 504.35834
244.44022 584.65137
431.13675 620.54834
463.63113 543.48492
463.09872 600.77600
477.44778 614.61951
464.05185 606.41882
438.77399 629.08087
481.58752 616.00800
484.14993 623.57715
444.50699 488.26526
457.84296 491.43393
465.75098 493.80240
338.67328 489.16327
321.32562 482.90332
524.60071 530.00018
682.45831 491.92261
524.36993 620.36420
758.61713 427.02798
613.79303 504.31946
636.44482 508.25323
658.91626 510.22510
690.82800 501.14713
594.76343 498.48489
655.50415 446.55591
627.42853 447.05676
680.97192 452.34000
696.45428 462.41696
706.93939 517.23682
599.33936 853.81830
691.94958 486.95660
768.71484 523.98730
734.02698 502.75104
625.62604 603.68707
538.73724 708.13190
534.97601 735.80548
567.90253 720.14435
587.96698 732.87274
558.31970 738.99506
577.32196 743.66248
618.69006 769.49994
522.19470 602.93884
525.78339 579.27167
730.26447 444.92554
578.60022 541.76538
582.68372 606.36951
584.99554 595.12347
694.30170 607.13733
525.28613 552.12012
676.54382 416.81308
709.71667 427.20175
736.37488 381.71268
564.45050 428.42776
602.97992 454.92499
636.05664 743.89954
742.16376 752.07263
563.25195 619.41827
542.36298 626.53644
613.59503 753.18762
607.84216 752.72693
723.39874 412.87543
583.44507 619.98901
629.52368 415.49478
634.86511 396.78107
641.72382 319.88135
721.59070 396.88116
627.52911 357.25900
743.67609 435.34122
744.90118 433.77551
537.39478 723.49774
563.11951 730.36536
582.93665 738.27570
556.70471 624.70990
610.57776 753.00006
597.82227 755.66150
604.42328 752.43652
550.35443 606.63171
573.03723 746.94629
554.35364 744.20740
532.46735 742.90576
537.03717 812.51727
537.84857 779.99524
537.08942 765.07642
535.63672 753.05231
533.06311 743.37134
573.72260 747.11133
578.54755 751.78955
583.37964 758.31580
587.21027 766.61774
607.20972 691.79077
768.41626 637.43420
588.25055 749.72296
593.02466 752.40509
534.70703 636.36383
573.59180 636.38446
538.33295 631.57141
603.88086 557.85364
641.70300 575.78510
589.09595 608.48743
699.37366 344.91241
684.15161 370.58920
686.07153 398.99890
598.09686 785.88947
574.49097 398.14520
570.41943 353.46182
580.10120 308.26517
678.74744 508.18188
728.49249 534.56598
582.26654 493.02283
716.93982 473.55042
561.29993 524.36755
566.50568 593.23700
751.64551 558.67224
711.70221 549.69281
681.09998 555.77386
636.41882 548.42255
604.12207 536.29578
579.90247 524.25427
528.62994 489.33185
746.72137 606.85748
733.80792 471.68048
513.65997 617.36798
576.62836 562.71057
774.98242 532.16687
561.76611 511.19379
590.99146 612.55725
701.98041 488.70963
568.29462 579.99133
758.61755 693.43604
583.50330 485.31024
547.10114 563.08374
699.16357 798.97656
697.45026 832.31042
766.10052 621.88593
723.48865 766.45154
756.85614 475.83746
605.76868 882.67474
511.13980 625.12646
598.12390 583.13751
751.89563 507.30212
658.99731 496.07001
639.23486 495.02100
602.12421 760.05780
741.02472 655.49554
558.95868 921.81335
636.85370 887.69885
666.75220 864.76160
620.13342 491.85266
602.07373 488.27979
589.69037 486.91693
748.89539 467.45325
607.02551 472.77136
628.02576 468.40961
648.70758 468.76416
668.67529 473.23462
680.48743 478.98608
769.86584 474.48700
672.73230 494.51282
583.88953 673.66333
563.32812 613.74524
536.63080 660.07074
671.77557 832.26227
640.82544 857.86859
559.26636 899.64526
720.63519 797.90039
591.17084 480.13123
544.18695 524.82843
602.01282 907.62134
757.11652 674.25372
555.11096 744.48822
559.73981 751.95703
563.09802 761.62604
565.40393 774.61090
571.60095 801.09229
593.41919 748.26849
598.62866 746.04395
603.03973 743.41431
625.43158 715.96375
709.93604 662.75580
544.49634 504.96454
564.34961 466.57617
580.93158 471.09052
587.84314 749.90399
713.92975 726.14081
539.35107 463.97260
585.83777 826.25854
526.83752 510.05328
561.37286 562.57721
545.39905 839.61639
642.30090 779.83496
609.98602 634.71661
617.41248 806.97528
661.08673 634.59442
631.05872 661.47534
680.50714 677.88367
554.75787 871.19360
577.10706 578.90802
663.90558 800.93066
632.34192 829.36639
659.68860 746.91821
734.79126 697.93701
687.81793 752.16791
744.99701 722.75250
649.59393 697.58051
559.86255 543.49524
558.13611 602.45410
574.40503 613.09711
547.35803 584.48560
585.91974 447.71750
627.46460 436.13831
663.61584 436.06238
692.24554 442.98645
710.67358 455.15057
715.52246 495.54596
771.07190 572.18604
693.64355 525.96417
668.31360 530.20605
637.05817 526.81531
608.28271 519.00555
586.07288 510.59271
570.42700 502.55499
773.34448 585.11432
573.65253 621.81665
543.69281 543.35425
539.98566 601.02863
525.75824 614.88428
539.62122 606.76666
566.06970 630.47083
521.27435 616.24609
518.81512 623.80780
574.37372 485.63165
558.57983 489.43539
548.46698 492.81812
687.08496 483.35052
704.77325 473.98557
379.70566 485.33179
402.73499 483.25409
378.54837 466.66910
356.38086 487.44800
380.76721 503.90677
642.56232 480.25720
668.08575 482.61209
644.56848 460.72711
617.10559 477.84943
640.58044 499.82330
