505.67740 747.61200
497.74545 683.45160
501.16479 697.99890
479.93677 586.29346
497.59332 656.69196
498.91730 617.38135
504.16364 518.23444
342.87793 494.71924
505.88202 454.74496
506.12653 420.59790
509.58170 277.60184
505.64951 753.94910
505.81580 759.63745
506.30496 763.41028
506.30945 763.99951
505.73889 773.96350
505.21472 785.40955
504.93283 797.37598
502.38315 834.22913
498.76202 694.07837
473.74927 687.95660
250.04922 381.51636
410.83716 513.49438
386.66159 516.10498
363.08936 516.00177
333.14484 502.87390
431.14111 508.51913
367.19342 456.85266
396.00882 457.75870
342.83139 461.65070
328.43152 469.71808
311.45880 516.44958
411.29211 875.52155
333.63660 489.01709
238.56885 493.80426
282.85294 498.17133
380.84076 629.68915
471.22888 740.95142
474.42548 756.04498
440.92807 741.20856
419.77191 741.86639
448.67709 752.44794
428.49255 749.61951
389.96100 773.89923
476.48615 681.58655
473.30548 655.34485
291.68713 454.75592
434.84253 566.42053
422.00638 657.50586
422.43689 640.91254
308.38135 617.89752
476.29526 618.90912
345.72501 437.30603
312.88519 442.72955
271.02975 341.51370
454.95837 456.04962
421.80161 465.42276
368.93082 748.78125
268.96674 731.59686
439.52380 673.75928
458.63342 682.62305
390.21472 742.15546
396.51135 744.11035
299.62888 426.22803
421.16779 664.19220
392.35693 440.08374
386.62967 420.50427
364.93491 289.46783
286.61298 377.43353
379.27594 347.63486
277.62192 439.96768
264.04587 408.20465
472.17801 749.35071
444.63065 747.12628
423.82639 745.68805
444.68076 677.19525
393.42432 743.15643
406.80185 752.35321
399.84637 745.13379
451.05270 673.59406
432.44095 752.79596
452.62952 756.43500
477.33353 760.39783
469.24362 831.22711
471.24631 793.82159
472.27472 781.64319
474.54709 770.35553
477.53308 761.18231
432.17325 753.24066
427.47943 756.97198
422.32861 762.28625
418.40051 768.70892
395.46259 719.86871
244.39529 599.09424
499.80038 696.60004
416.87729 749.59106
411.74677 750.70612
467.55884 692.74432
429.14740 676.49609
463.16467 687.88806
409.67010 578.54163
367.81305 593.09552
418.50366 648.81006
306.92798 309.87018
323.17450 356.16602
336.59009 417.34711
410.70660 796.51941
445.50281 425.85895
438.78522 346.25790
430.24551 279.49338
344.04230 511.61322
285.37555 531.34723
444.15039 503.74628
305.57159 477.06055
451.34900 552.14771
436.07825 655.05774
255.86172 547.60303
301.22357 551.35608
331.61639 563.29590
378.30585 560.34198
412.49426 550.30475
436.81976 540.36127
481.11108 523.31738
257.81744 601.33081
285.47467 472.46375
485.24808 692.50323
434.27295 595.48755
236.16260 483.03168
455.09067 529.74127
417.34561 646.39380
322.75854 489.97064
437.00327 634.48254
253.62680 663.62482
443.67645 495.01617
455.88135 624.47479
309.92468 803.91644
316.66962 831.32629
241.10184 602.66016
281.40823 766.07025
250.41537 446.11508
406.27509 903.93237
488.63297 695.15466
412.04077 611.15240
263.93161 498.15320
366.11340 501.68521
386.37958 502.26920
402.51105 754.57727
261.05243 653.50323
450.90491 942.58411
381.29681 899.77155
351.64725 870.96216
507.62411 347.57324
502.51605 949.36658
406.53336 499.80588
425.92831 496.55304
438.31854 495.76202
269.17407 462.81183
420.37137 478.09521
397.86139 472.25195
375.93271 472.47491
355.95529 476.83078
344.52002 482.22266
239.06708 425.76233
352.50391 498.61243
502.10501 714.49817
420.42392 711.47382
439.59033 672.08655
466.27914 712.46985
505.78293 483.62436
342.96942 841.53760
373.68695 873.03021
448.81949 924.88782
290.61545 787.97583
436.23096 488.10172
464.21976 567.28485
501.63297 931.66028
412.70541 925.14050
248.76376 660.44769
452.77625 757.24829
448.15787 764.13470
444.45850 772.96912
442.01892 783.95068
436.34399 816.80267
412.00891 746.85272
407.34122 744.32788
403.69000 741.94550
376.32587 732.08240
288.02139 671.50256
466.68005 536.21423
458.71609 482.42023
444.62845 482.30206
417.37579 749.54517
286.72351 731.14355
477.17346 486.51129
423.61707 845.03918
500.76447 583.55762
480.14825 556.37415
502.42816 552.02991
446.45840 607.96710
501.44687 903.11780
502.02454 866.53101
461.29480 862.55786
368.65100 787.89001
396.49426 664.18292
394.45062 819.81848
338.95181 656.36328
372.35519 686.96454
317.76114 693.46210
452.32996 897.29810
432.82562 618.34271
349.10071 810.70355
380.42670 844.82703
346.70172 754.67242
267.23306 697.61743
317.05408 760.29602
260.42676 714.91040
351.72083 713.30542
449.89584 581.06348
443.26642 669.02832
428.92975 668.17535
453.01117 655.21497
437.58234 464.95331
395.21826 453.00278
358.94589 451.26477
330.55670 455.42126
312.78448 464.03101
305.20154 494.39777
236.77646 547.53125
324.96628 528.05969
349.14883 536.08362
381.88300 535.89807
412.45892 530.00836
435.59100 523.14886
451.25394 517.09650
239.97772 539.77588
429.53143 671.38965
462.07962 595.21130
459.22339 675.31622
472.14731 685.96808
459.80954 677.30829
435.83505 676.91547
477.08459 689.88068
480.01935 692.41553
451.59619 497.52438
462.99661 505.62762
468.62289 512.88928
338.20148 486.09396
320.26630 478.20132
522.72974 586.45483
688.03302 491.28677
528.01892 688.47241
801.51196 381.23163
617.54279 513.36694
641.93262 514.79108
666.59918 514.70880
699.95996 500.84030
596.94720 509.58890
657.52374 451.23688
627.68933 453.75568
684.10504 455.42365
700.55029 464.09564
724.08649 517.64380
600.90002 879.56879
698.47681 485.30777
813.29846 496.84622
755.93787 500.95319
638.03223 631.59930
542.30194 743.27130
540.12830 758.08527
577.25586 745.73981
602.04358 747.15045
569.74066 756.20343
593.74316 754.12476
630.72705 777.31580
520.07477 682.08032
522.76007 655.69330
736.24377 450.67181
583.36243 566.91895
586.84509 658.79517
588.50171 641.98254
718.46399 621.13599
522.60535 619.03442
671.72485 431.27826
709.25830 436.67792
772.38885 340.21082
559.25977 456.92728
602.33813 463.75574
654.16522 752.37427
792.14636 738.63574
568.73370 674.82806
547.65479 683.29187
638.67908 747.00897
631.83514 748.76154
723.50470 420.65118
589.79657 665.59778
622.11591 436.76978
626.39532 417.29880
662.12695 287.90387
748.55225 377.28677
641.88208 346.68665
753.04944 437.86084
778.49152 409.24966
541.73541 751.53467
573.64343 751.26111
598.16296 750.55396
563.39838 678.19104
635.13483 747.87988
618.49597 756.53979
628.25836 749.67346
552.69098 674.46576
590.21222 756.90881
566.16150 759.70563
538.37866 762.13458
538.22632 832.69983
541.20471 795.34717
540.45142 783.20367
539.34668 771.93079
537.81555 762.79535
589.86206 757.16986
594.28418 760.71594
598.83746 765.87000
602.38019 772.09338
621.18561 722.18634
821.66797 604.13806
608.18176 753.89325
613.40582 754.98779
537.91425 693.37988
582.67163 677.97888
542.62146 688.60449
610.13177 579.50098
653.89001 595.00360
594.39856 650.15961
728.21289 308.01981
704.73730 355.43686
680.29773 411.74304
605.75378 799.62805
566.88916 425.98483
578.60028 345.80914
592.00079 278.67102
687.60913 509.99966
753.53174 534.61456
583.38153 505.48483
726.32666 474.66104
565.01593 552.39966
568.37701 656.16528
784.84912 551.35571
734.09650 553.74512
699.52429 564.95166
649.06805 561.80267
613.02942 552.03345
587.14136 542.30463
529.06415 523.32343
781.59491 605.91907
748.42499 472.23730
512.89502 692.86664
581.46820 596.03406
826.89764 485.22617
567.15723 531.41058
598.24780 647.76117
710.20569 487.24286
569.99487 635.31604
811.56348 669.96228
584.21674 496.56958
546.39325 625.00928
725.90552 811.05255
725.97009 838.73975
811.01318 608.13489
761.76611 773.09180
797.24011 447.86493
606.18311 908.70837
511.32556 695.34290
605.58142 612.29510
779.58728 503.37833
662.75262 498.43790
641.98499 499.66486
622.90472 758.78949
779.38000 659.04395
556.67114 945.16772
641.13513 905.02966
680.42590 877.55579
622.03241 498.55688
602.70679 496.92819
589.94330 497.23904
768.50928 464.78708
607.92249 477.09778
629.78491 468.78619
652.12378 467.54395
673.34741 471.37463
685.91479 477.22803
818.53210 426.41797
677.27405 495.17999
592.76672 713.14478
567.53809 673.22394
540.63013 713.36285
685.24097 848.39069
647.13892 879.11206
557.36127 927.70972
762.04504 795.04065
591.76874 489.10526
545.26428 567.51172
601.04651 929.16113
803.08179 666.99280
565.66998 760.29980
569.57159 766.98486
572.37781 775.60254
574.24878 786.35291
575.18988 819.20654
613.95483 751.38300
618.42310 749.12311
622.20312 747.06708
643.97137 734.95642
743.88763 676.14020
546.57568 536.41095
564.08246 483.92444
580.87585 483.07184
608.68091 753.80432
749.59375 736.89893
539.98053 488.40442
589.15662 848.25391
526.16962 556.46851
563.47443 608.65460
545.74677 864.37616
653.87268 792.34741
620.74255 665.89960
623.74396 823.81854
682.99805 659.44263
647.13300 689.47388
708.18097 697.61682
553.64636 899.73627
580.80219 618.97156
675.93726 816.39294
638.74365 849.94385
678.09131 759.23706
774.18884 703.65338
712.59296 765.99005
789.39862 721.82013
671.24878 716.59857
562.90546 581.49060
560.29437 670.03424
578.87970 669.45532
546.80670 655.99976
582.99286 464.74072
624.52856 449.49768
662.16986 445.57104
693.23938 449.39014
714.77393 458.88925
730.06989 494.69431
815.29309 551.79425
708.54681 528.69281
681.40143 536.86505
646.53619 536.50226
614.72290 531.16504
590.86938 525.00085
574.11798 518.95270
825.74390 543.18585
579.69049 672.62799
543.58588 595.54907
540.17798 676.24152
528.46161 686.89496
541.81970 678.41479
573.96246 678.09692
522.03052 690.50183
520.86542 692.78394
575.03082 499.12079
560.94165 507.35596
551.70850 514.44189
692.97968 481.70416
710.90955 474.20306
385.93347 483.80145
412.39539 482.98181
385.07266 462.72028
359.10870 484.61224
386.50412 505.02493
646.64459 482.22339
672.11401 482.13385
646.64911 460.90637
621.27460 481.94119
646.72119 503.68924
