492.97250 721.43207
487.88107 667.50720
494.32623 683.10107
473.42197 579.09998
487.19168 642.49316
489.10773 606.72852
497.09723 517.24951
343.05615 492.49554
499.55453 457.10956
499.35840 424.99100
502.09418 287.24777
493.23428 727.09869
494.26419 732.25916
495.68411 735.39270
497.73187 763.45813
496.82965 771.02478
496.34155 780.63123
496.73041 791.60791
502.45981 825.26746
489.72763 677.98151
468.85938 673.07642
288.14294 388.52597
410.36539 514.95978
388.29370 517.30493
366.60312 516.70264
337.09930 498.64365
428.46817 511.05777
370.83295 449.85358
398.08948 454.71133
347.16937 452.18549
332.99115 459.97839
324.29175 512.18982
423.08859 854.78723
334.96964 483.14041
278.67810 496.13116
303.56696 491.74152
386.21204 621.03412
462.23611 716.74548
465.93292 729.81097
436.52676 719.28894
420.22571 721.94733
444.28119 728.37720
429.05020 728.16748
394.24759 759.09900
469.10797 665.77142
465.82257 641.45569
307.87085 440.29337
436.14557 561.83081
421.53448 644.91797
422.12213 629.71356
322.42731 610.63336
468.89572 608.32990
351.85086 428.72961
323.97540 429.49838
301.79233 349.75189
448.92856 459.04880
421.44241 466.47485
374.80148 731.30267
310.55960 718.16309
437.62943 660.12012
455.59357 669.07996
401.23578 726.72620
407.46057 728.36304
315.91013 413.03058
421.12979 651.80237
392.16776 437.60815
388.42090 419.02884
375.76288 299.68890
310.43768 380.64767
386.43195 353.80933
299.73132 426.54718
294.50339 410.71289
463.22327 723.96014
440.03766 724.12158
424.27588 725.12653
442.58917 663.79211
404.37717 727.54028
415.16833 741.58789
410.49228 729.23102
447.20578 658.90717
433.80652 730.21552
448.78540 731.10052
469.56732 733.27991
469.41376 822.40167
466.15717 787.85748
466.76495 776.92297
469.05664 767.59106
472.24091 760.84851
436.73340 747.88562
432.26245 750.32678
426.92133 755.01233
423.29980 761.18024
398.15710 703.78217
289.82043 595.05792
491.72305 681.18170
425.69629 740.22906
420.20258 740.32092
463.47311 678.69586
428.61517 663.71143
459.60309 674.11932
413.26117 572.84607
375.18097 586.59198
418.99234 637.56604
328.80908 319.50006
339.41351 360.46335
345.93323 409.75134
413.99194 784.43744
440.96313 430.44366
438.26443 352.77469
431.58401 289.81580
347.58530 510.26288
305.14603 526.21887
439.64148 507.33615
316.86639 467.04907
450.91516 548.84351
433.54095 641.63470
284.69409 545.67206
317.04199 546.57965
342.32452 559.66187
383.28445 557.97833
413.68228 549.38586
435.02957 541.26001
476.60950 522.37061
283.65436 595.62982
304.23383 462.64655
478.07028 676.48938
434.67334 588.36578
282.53653 486.37524
450.91754 532.57855
418.48785 635.62976
327.87134 483.23962
434.69238 623.04913
297.25177 654.95306
438.70334 499.05640
451.26270 613.69702
340.70245 785.68097
351.82755 810.19061
277.27423 598.17151
314.85773 750.91754
286.24371 449.44821
423.19785 877.69104
481.96735 679.88660
414.63354 602.97430
290.90808 491.42813
366.30334 503.63272
386.47650 504.52728
411.01733 743.75427
286.90051 644.74811
463.17734 910.17200
406.28271 871.26160
382.16827 845.74103
500.15787 353.07825
506.86334 916.77441
405.52802 502.08563
423.26425 499.46185
434.29721 499.35434
294.53333 453.91284
417.60141 479.37604
397.25018 469.98087
376.11816 467.40912
356.11835 470.07227
344.73792 475.43542
282.24359 431.76785
352.38574 498.94263
496.04510 698.88940
420.85422 696.05878
437.34509 658.14044
462.29596 697.08563
499.56415 484.54492
370.56989 820.11902
396.50873 848.75085
459.22733 898.03735
329.24088 770.53900
431.95718 491.70401
461.01749 562.33032
505.01639 904.40942
431.60675 894.16638
284.25897 652.13269
452.27277 755.25452
447.70847 760.00073
443.83307 767.58008
441.63086 777.66467
437.86444 806.85541
417.51154 728.20581
412.92572 726.21899
409.24329 724.19885
381.07120 715.01117
306.97852 661.69519
464.18585 534.25153
453.53455 487.45477
440.70993 486.51068
422.61432 729.89899
311.87708 718.11517
471.26740 491.84521
430.20062 829.57678
491.95578 576.36334
474.79785 552.28455
494.51526 548.11005
444.19775 599.31793
503.58224 882.00916
503.12741 851.95813
464.42859 848.01410
381.59143 771.43256
400.25998 652.88300
404.57495 803.55988
349.04700 647.01227
378.99658 674.72113
332.41681 681.94189
459.14493 876.56750
432.31958 609.06445
369.83661 792.41034
397.07904 824.67065
360.25415 738.15277
294.78293 686.47498
338.18274 744.92230
295.87805 703.20862
361.51321 698.77399
448.50922 575.07025
439.94189 654.43982
427.74649 654.63452
448.28278 641.33691
434.03928 467.28943
396.06854 449.80072
362.55487 443.55658
337.04932 444.89505
321.49036 452.37756
317.74774 487.52136
275.28986 546.82178
334.52203 524.72565
356.99005 534.71436
385.99438 535.37628
413.01645 530.34070
433.23572 524.81793
446.84232 520.12952
286.55835 539.63354
428.65067 658.16858
457.77771 587.49219
454.11700 660.00122
466.90970 670.63922
455.23035 662.22302
434.48315 663.88129
471.00012 674.15106
474.53766 677.35876
446.13574 501.92026
457.29193 510.09253
463.06778 517.59216
338.83459 479.70435
325.78156 469.35654
512.66736 579.09418
686.93750 495.19507
516.98889 673.57642
770.69879 384.12134
612.80804 518.10907
636.75995 519.35278
660.71442 518.22247
696.45410 501.91614
592.69556 514.61273
648.37292 450.06793
619.07458 455.33157
675.87451 452.06714
694.10486 460.19879
712.57904 515.87787
597.21545 858.95862
697.35846 486.84009
785.52911 494.77698
739.13831 497.30542
627.72369 621.81458
528.10254 717.90009
528.23444 730.75067
563.66254 722.15375
587.96600 725.47052
557.61987 730.44458
580.59857 730.85455
629.25537 761.95758
508.19836 666.28870
510.49622 641.68500
720.72131 442.08331
575.25977 561.69116
575.33374 645.94098
577.95618 630.33685
704.46936 611.88794
511.26178 608.26282
658.23096 425.11292
694.75830 428.49951
743.77655 344.55655
552.31940 454.90948
595.37225 467.63434
650.03894 734.06519
773.68030 722.84534
557.95612 661.29395
537.23035 669.45282
621.18878 730.64844
614.82666 731.95654
705.77875 412.99020
579.15961 652.93268
611.61774 432.68738
613.70874 414.26953
642.00208 295.62302
723.47211 377.01569
624.02386 350.99481
734.14258 430.24799
751.78247 407.95322
528.47034 724.94220
560.63440 726.57941
584.46442 728.18823
553.02155 664.79883
617.94379 731.26617
602.51025 744.77911
611.85864 732.63733
540.82538 659.93298
577.17584 732.60254
554.61053 732.78302
527.52289 733.99152
539.46497 823.43774
531.36694 789.00305
530.26172 778.08557
529.04834 768.71002
527.83252 761.97034
576.13043 750.58496
579.72607 752.91455
584.33264 757.49078
587.76459 763.44836
614.00769 705.26062
798.34399 596.14349
592.63190 743.36829
597.62372 743.50256
528.96716 678.91626
573.34186 664.87628
532.84668 674.40680
601.31952 572.89746
642.77039 587.12115
584.45850 638.39008
702.88062 314.20657
682.44421 356.89862
664.52289 406.81042
605.25470 786.97522
557.50507 425.04007
565.47754 351.24960
577.19312 287.51907
683.16522 512.57898
736.98816 530.75720
579.32355 510.74188
716.17529 470.05206
557.10059 548.60242
556.25641 642.61401
763.16846 546.15350
719.55231 548.89459
686.95099 559.89392
639.98047 558.70715
606.20825 551.10059
581.40033 542.71899
520.83875 522.14984
762.71277 597.33337
732.40308 466.91876
502.41779 676.89850
572.94232 588.28394
797.60864 484.06009
561.97363 532.89258
589.14563 636.42017
706.86420 486.74399
559.06445 623.52948
790.72705 657.98059
580.52643 502.89490
534.97607 613.93079
710.62885 792.32190
710.83502 817.71930
789.78735 599.84412
745.11920 756.39185
769.19812 447.10739
600.26453 882.92108
501.84543 680.01727
596.62634 603.29272
760.15173 499.71240
659.42511 504.86749
637.50580 506.29517
606.74097 746.94366
762.37128 647.50299
555.13763 913.25110
632.35529 877.84851
668.20465 853.42383
617.35083 505.09113
598.51270 503.43170
586.06909 503.61322
748.85175 459.92780
603.69183 483.98865
624.85889 474.26141
646.69952 470.81235
669.00989 472.61121
683.11230 477.97382
787.01001 428.10693
675.30725 500.69934
584.98700 697.16064
556.29529 659.43805
533.21448 697.80078
672.31873 827.30927
637.68286 855.54321
555.54639 901.08826
745.40314 776.58148
587.83246 496.05658
536.08508 562.21484
595.47852 899.19171
783.97321 655.36615
553.81189 757.23901
557.06891 761.85962
560.06940 769.29901
562.13373 779.14557
576.01501 808.54675
600.20435 731.20599
603.95093 729.53094
607.29401 727.95099
637.89465 716.98315
729.41522 664.09503
538.47400 534.08228
559.21246 487.87766
575.86786 488.31879
596.12500 732.68494
734.81738 722.09509
534.05457 490.36929
588.12280 832.61951
516.81372 552.15350
554.33423 599.55225
546.50305 849.65582
646.59308 775.70081
610.94708 653.83240
619.85468 807.58264
670.81824 648.49109
636.88470 676.18591
695.30383 684.46497
552.83167 878.95233
571.92786 609.13452
665.11694 798.15625
631.57959 830.13940
668.72351 741.99744
757.79938 690.04205
699.88672 749.70813
771.38678 707.56073
660.99481 700.87543
554.18658 575.05005
547.94415 655.59937
567.30927 655.89050
533.94128 642.06335
576.80988 466.49420
615.52246 448.37094
651.82593 441.70929
682.57849 443.59137
705.03113 452.62299
719.62488 492.10101
790.70123 546.86572
699.13348 527.21326
671.75031 536.15814
638.99213 537.21912
609.05273 533.19293
586.14404 527.78882
569.94519 522.27155
799.83301 538.71362
568.85669 659.33215
533.57471 587.52362
527.37524 661.03979
516.89050 671.68835
529.59015 663.45154
564.05804 664.85785
510.79962 674.83936
510.44000 677.70691
571.02411 504.55923
556.83435 511.19785
546.65820 516.91119
691.14990 482.64697
705.62653 471.37793
382.06494 485.61646
407.15155 485.96539
382.57520 463.13043
356.91766 485.22375
381.49554 508.13513
651.05841 487.12927
677.81659 486.19440
649.78613 465.57751
624.21216 487.96475
652.23413 508.71753
