515.35803 699.14337
518.51929 610.36292
516.29932 638.10284
495.44312 542.91449
518.66119 587.71057
517.75146 560.50873
514.25293 495.32599
339.70111 498.63367
512.70691 435.53235
512.38562 403.81586
509.51407 302.51669
515.14905 704.89630
514.50641 709.74976
513.94275 712.97180
513.18768 728.63599
513.43750 738.27490
513.38611 750.29413
513.08331 762.53259
513.27197 789.04053
517.89807 623.25916
497.64923 625.10132
230.60458 420.59735
404.00000 518.26721
380.11838 520.26630
357.07336 519.02960
326.91211 508.06381
424.53467 512.34283
371.29828 447.96823
398.87701 449.86664
345.51672 453.96582
328.42242 465.01761
301.81128 523.47205
421.11581 820.42603
330.97705 493.32101
219.51984 518.20020
270.53998 509.45438
386.27942 607.50720
486.24023 695.49530
488.36945 708.68542
457.68881 702.17773
437.21039 708.73621
465.42560 710.73279
446.72055 713.71783
399.28412 745.97516
498.88962 610.24554
495.25803 589.08362
291.82031 449.64459
437.33780 550.91272
441.60284 612.89093
438.20731 602.48285
306.45099 608.93628
495.33148 563.77386
355.53934 420.64319
319.06494 430.70117
256.64233 376.52097
461.98834 437.25650
422.64291 460.28827
380.83954 722.64014
251.71565 730.42938
461.17322 624.48926
481.00842 630.63354
410.46893 719.16028
417.07065 719.22656
304.03467 417.34714
440.41394 624.32849
402.32132 420.79657
398.16486 402.49792
361.91595 316.41693
276.98523 393.64859
378.78674 355.11584
274.12534 440.43637
249.97360 429.60382
486.84036 703.06622
461.40735 706.87085
441.64267 711.37860
467.01093 629.06195
413.82269 719.22876
425.02350 725.34027
420.44373 719.26996
473.02917 613.12329
450.90778 715.10419
468.90997 712.83002
490.11502 711.91296
479.14285 788.05017
481.62366 759.79034
483.28027 747.53333
485.88281 735.78503
488.78177 726.96307
449.83292 722.74127
444.49777 726.49048
438.35629 732.31488
433.23740 739.17242
410.70483 683.29755
218.25922 621.29279
517.15363 629.94824
436.32578 721.04553
430.83508 722.85089
487.27341 639.36658
448.51468 638.21289
484.49100 635.01703
409.21985 565.17310
366.45648 580.94781
433.80777 613.74780
298.26926 340.87299
317.69583 367.69391
346.56915 403.42731
419.50473 762.86560
454.57193 406.04388
440.81158 352.63229
430.05975 305.18179
337.92224 515.41315
272.15054 541.56500
438.58508 506.23691
301.68433 478.70340
455.87473 534.84998
456.42224 601.11633
242.21786 557.31372
291.07990 555.88043
325.58395 562.19458
374.86847 557.53479
410.16620 547.88013
436.55569 536.33942
490.24707 501.68994
246.77629 604.47351
279.16638 476.94720
506.79373 622.66412
441.37708 571.06201
209.35431 520.42212
456.45142 522.92401
430.29727 616.74493
317.41797 494.84174
453.85782 588.85156
230.15866 675.31207
439.36383 498.07733
474.09521 573.57837
314.47247 774.78564
315.82764 800.16998
222.71689 613.86188
279.58737 748.35718
233.62106 471.23657
418.05341 840.50293
508.85928 629.30463
418.05658 588.97955
246.39928 515.87549
361.48834 505.14868
380.68762 506.98206
419.64270 728.61945
253.39244 649.98242
462.45639 868.54590
389.39435 841.52594
356.46674 824.53638
510.62674 353.03644
512.38971 872.13831
400.39737 505.71484
419.08340 502.50296
432.17105 500.51605
257.66586 473.50439
418.44736 478.38541
398.27463 470.56342
377.85828 469.72067
357.50519 474.74445
344.66754 482.07556
215.75797 466.03046
348.66016 501.98447
515.64099 657.86481
436.31812 669.72864
461.23969 619.65753
483.16360 660.06458
512.99719 467.07956
350.27185 800.56702
383.36554 820.00098
461.35675 855.50537
281.91324 772.04999
432.86844 490.28806
474.81436 536.75189
513.73627 858.49542
423.45822 857.03442
232.78720 663.70624
467.66522 724.84485
462.50879 731.24933
457.86829 740.38873
454.50797 751.26733
445.69427 777.62439
431.24149 716.68823
425.83966 715.51855
421.51108 714.00818
391.07462 701.13092
288.52203 659.05951
473.49490 516.44348
458.10657 477.60910
442.62906 480.92856
436.24484 717.49371
289.50421 714.20667
481.61032 474.86642
432.03265 798.97894
516.59393 538.68872
492.65906 523.61090
515.46167 518.13171
458.39182 571.92584
514.00598 838.47418
513.63049 812.67358
471.14746 811.21399
376.83160 756.87695
408.42859 635.85138
401.88202 781.13293
345.39899 635.22662
383.25159 658.45709
325.63815 672.48187
463.71771 836.14636
443.34851 586.71393
356.80933 775.33826
388.88898 798.71942
356.55774 728.48749
262.80450 688.47748
324.59488 735.48590
249.33691 709.03101
363.74588 687.40497
458.68903 553.62598
465.21301 609.62195
450.21982 619.01892
474.90475 593.43695
439.87549 455.27457
400.62177 440.02490
365.43799 438.16632
335.53363 445.09976
313.88229 458.47855
297.23987 501.86444
217.44690 565.55566
316.67380 532.10144
342.69974 537.60077
376.16553 537.38324
407.21240 532.05377
431.37512 523.90082
448.31836 515.54846
212.21640 570.70233
450.46124 626.30365
476.02307 554.75238
482.58740 608.23474
496.02228 620.14294
483.07297 612.93939
456.88293 633.68787
499.96292 621.60071
502.27103 628.23523
447.95972 498.14508
461.47247 501.99362
470.90463 504.21341
337.27460 487.87662
317.40210 478.50427
537.08496 542.43646
686.35089 493.47873
535.53186 625.03473
767.33319 416.52179
620.71094 516.91467
644.07544 518.24792
666.41357 516.25244
696.29816 501.89722
600.78442 511.49429
653.73181 443.52036
625.67328 447.26202
679.77856 447.58081
696.62445 457.66870
715.16455 517.04480
605.14795 817.39288
694.63666 486.61133
781.27917 513.87085
740.83221 500.62668
637.02429 605.86902
543.58801 696.49573
539.25928 709.67419
568.91840 703.90698
585.96356 711.37445
559.60077 712.59839
575.46246 716.48053
624.19855 745.02826
537.67480 610.05426
541.21204 588.69440
728.06152 439.34689
586.37775 549.77899
588.67694 611.91223
590.86511 601.24884
712.20752 606.23712
539.52881 563.29175
670.21844 414.67398
704.59491 421.89456
745.58478 373.14355
565.58911 439.19629
602.20953 459.30585
642.11719 721.71259
750.93921 723.64844
568.90338 624.20490
549.93945 630.49915
606.98560 724.09546
600.43671 723.80829
717.07141 406.99512
588.49438 623.51520
624.91168 418.99994
628.49719 399.67422
651.36078 315.27258
732.31238 389.02496
639.13623 352.93988
741.47412 429.38348
755.30560 424.67816
542.01031 704.13324
564.49976 708.78534
581.19275 714.07080
562.72394 628.81122
603.65308 724.00299
593.47272 729.10516
597.10950 723.64044
559.73926 612.98798
570.36060 717.82031
555.16400 714.65808
536.50793 712.86725
547.52454 787.55042
543.33386 760.51740
542.04425 748.18677
539.57312 736.37891
536.35474 727.53302
570.52234 724.95898
576.13055 728.88690
582.14642 734.91376
587.16748 741.91089
615.09064 682.57666
777.89496 616.02490
582.02209 724.23059
587.74963 726.32019
544.17944 639.31250
579.49268 637.76904
546.74854 635.01160
613.18945 563.78809
654.84680 579.15155
594.28809 612.63940
709.65881 338.43466
696.04333 364.00153
678.04016 395.96619
605.11200 761.53790
572.69775 407.37354
579.19501 351.73935
586.80267 304.66196
685.36298 511.15833
739.43030 533.24310
587.26111 505.65317
718.93549 470.02594
568.94305 533.86255
575.75629 600.45544
766.95685 553.38690
724.13312 549.73535
694.07983 558.34955
648.54797 555.76025
614.62836 546.93231
589.25232 536.29041
537.26837 501.28116
764.62854 600.58118
736.21429 467.95801
528.62512 622.60931
583.81812 569.97290
784.20972 515.81750
570.44067 523.56049
596.14423 615.69159
705.70105 487.38953
576.86108 587.88812
768.68616 669.30414
586.70978 497.05756
558.91064 572.76221
702.00842 768.56531
696.59290 792.70428
781.20007 608.70300
732.62592 741.83936
768.73151 466.87482
607.19489 836.71301
525.23340 629.24475
606.07416 587.69775
760.41516 504.91132
664.31183 502.56641
644.84851 505.02826
598.71063 732.47327
758.74023 645.54486
562.04059 866.41534
630.92615 835.75232
660.77759 817.71912
625.26013 504.11707
606.48511 501.30194
593.60236 499.66165
752.07880 463.34781
607.36969 477.14883
627.23767 468.41071
647.83948 466.43060
668.49323 470.16040
681.38776 476.59985
779.24512 461.78882
677.40137 498.18967
591.68457 669.28827
569.51306 619.40509
547.57764 660.15039
669.65479 794.96301
639.10522 814.93127
566.04688 853.56097
725.58014 764.65131
593.13330 489.19659
553.78461 535.93433
599.44434 852.82965
772.50647 658.01923
555.24658 726.07233
560.50250 732.56598
565.12366 741.84436
568.60785 752.83472
579.99445 776.41553
588.34235 720.26465
593.93549 719.17841
598.55432 717.74463
633.01477 700.32892
728.32684 655.38159
552.61481 515.78070
568.34326 477.61853
583.03741 480.41235
582.72968 720.97321
726.07800 709.15283
545.88190 476.20233
594.05969 796.68140
537.44562 523.11151
570.29828 571.06958
556.38489 810.05933
646.25940 754.35144
616.65021 634.41040
622.58551 778.46039
676.32349 632.84186
640.74976 656.76819
694.86194 669.37024
564.51361 834.61719
583.59906 585.58325
665.06439 771.10443
634.93335 794.72388
665.74084 726.09094
749.70984 683.41913
694.83899 731.20898
758.40625 702.81305
659.29187 685.58618
568.13159 552.70764
567.63660 609.28192
580.47461 618.38727
559.61768 592.84460
586.19287 454.99368
624.95691 437.29486
660.37891 433.02243
689.66913 437.87885
709.84595 449.87137
720.74707 494.02417
784.69263 560.90308
702.81091 527.11554
678.35925 534.47278
647.03229 535.45581
617.16156 530.82086
593.95447 523.32642
577.81592 515.35095
781.99957 565.82556
579.14087 625.70935
554.85626 553.94189
552.42828 607.98364
538.11780 620.08551
550.89886 612.88220
572.11517 633.19659
534.95203 621.50476
531.29083 628.14465
578.18433 497.50803
565.15967 502.05066
556.40369 505.21082
688.69415 481.73840
706.63855 470.50143
387.02081 485.82822
417.19910 484.74347
386.10254 458.14420
356.35339 486.78699
387.63181 513.34601
642.89990 485.05838
673.77435 485.28558
643.00122 458.40149
611.85785 484.76581
642.86768 511.51376
