513.74969 706.30383
504.09851 626.87976
507.30475 655.13922
485.39777 547.88037
503.62537 601.59424
504.35162 569.69177
506.70142 491.12180
338.01862 492.27246
506.46085 418.67426
506.04358 381.52560
507.67032 260.09335
514.17560 716.37976
514.57281 726.47729
514.90466 733.09729
517.30310 779.06818
518.31696 792.86823
519.26117 809.98132
520.15405 827.48254
512.65631 838.76758
505.18723 640.59967
488.71094 642.17749
222.36163 388.44611
402.36850 519.42920
376.93738 521.35071
353.22168 517.69012
324.73486 501.55331
424.34106 510.21283
371.68958 432.14850
400.19183 434.07031
345.23447 438.80185
327.77991 451.08261
298.95441 517.80579
425.50226 864.02606
330.48276 484.63727
215.86880 502.69827
268.96915 499.10648
389.88528 620.07422
489.77438 702.89343
493.31235 727.32050
465.83276 716.51044
450.25827 730.79590
474.69812 732.86755
460.54007 740.38147
416.54639 790.03400
485.91107 626.82269
481.98343 603.08069
289.57797 430.70319
437.56006 552.84100
441.81384 628.08154
439.25513 615.92303
311.91187 621.99927
483.55920 573.16699
352.20755 396.77667
316.46259 409.18610
248.66971 339.24478
459.73718 415.94861
424.58081 445.88821
400.79807 765.61664
255.11319 753.06860
461.04559 641.30469
477.74103 647.51007
434.29633 756.00403
440.05011 755.67035
301.59216 392.67340
442.88019 640.89215
399.41339 396.14484
394.95917 373.97168
357.08466 274.25150
269.89615 362.15616
372.59039 320.89279
272.39142 419.35065
243.29694 402.23621
491.00024 716.13446
470.15027 725.57227
455.19901 736.03479
466.69675 646.04205
437.20300 755.91718
446.18167 768.80164
442.81924 755.50336
467.03607 629.40674
464.80878 742.61713
478.50586 736.79486
495.56821 733.41010
481.87009 836.64142
493.76266 824.16516
494.38455 806.78857
495.65054 789.78973
497.29465 777.47693
466.21512 768.36047
462.17316 773.61328
457.22430 781.86914
453.31512 791.51538
421.32596 714.66425
222.37900 621.12048
506.19507 647.31165
455.52335 762.82520
450.92831 765.27734
482.73422 656.87695
451.44788 656.57373
480.40741 652.24500
411.28644 569.50354
369.44659 588.69769
436.64581 628.74573
291.60327 299.87762
310.68396 333.47379
342.96338 375.65656
430.91876 807.70337
452.61148 378.36932
435.46606 320.41302
426.50079 262.85568
334.82074 511.75879
268.83554 536.59448
439.33865 500.72391
299.59293 465.22980
454.31763 534.42706
451.81943 615.55316
241.40475 554.76978
286.30304 555.03870
319.51154 564.09875
368.79272 560.70654
405.11212 550.04028
432.85846 535.92212
484.23978 497.62585
248.73505 612.71442
276.84158 461.70505
494.62561 640.12250
441.68567 577.57452
208.75894 501.91687
453.37137 519.32532
434.70761 631.78839
316.29279 485.17877
450.80563 600.77130
233.65259 685.55713
441.51111 490.44244
465.83356 583.79779
316.77847 812.55042
314.34445 840.08905
222.24445 617.67462
282.82391 780.33759
228.10852 448.97754
419.24658 886.91821
498.42194 646.64771
420.67023 598.27258
245.53571 504.25601
358.68860 503.53857
378.53207 507.43835
441.81790 773.28076
258.10098 666.22150
462.12122 922.89270
387.21808 887.89905
353.55817 868.17419
506.30313 322.00620
514.73828 929.28748
399.67401 506.07248
419.77640 500.19489
433.56091 495.12784
256.01047 456.79877
422.00549 468.13159
401.28629 460.36127
380.06299 459.64648
358.93964 464.91821
345.41644 472.48505
209.81900 439.78912
346.19818 497.74338
508.42307 678.19763
441.14197 696.12604
459.99255 636.02179
480.44846 681.94659
507.06027 456.45636
351.49457 841.17432
384.34158 863.15558
461.68228 906.16278
283.24915 805.34827
435.52710 481.02081
469.35391 538.78217
514.30847 911.89563
421.89783 907.13391
233.25458 677.18524
480.35486 773.70959
476.73499 782.63367
473.24927 795.71899
471.09125 811.13629
452.53979 824.40552
449.22998 747.96649
444.16568 746.07312
439.68610 743.23694
407.93665 738.64380
296.78076 679.50970
469.64911 513.75397
458.44714 465.01935
444.61743 469.66525
453.64511 748.79419
297.84204 743.05676
478.99835 461.27496
437.74100 843.20129
505.28220 543.41144
484.55011 524.29028
505.99963 518.44141
455.51859 580.06995
513.56372 888.15155
513.04919 861.34186
474.05508 857.97736
386.67981 797.94434
414.04053 653.99951
409.33948 823.24890
352.54510 653.54474
391.81146 682.11310
336.59973 697.42566
465.69083 883.29932
444.19019 596.79907
362.34619 814.94617
393.22842 840.24359
368.93835 767.40686
268.65396 711.15881
332.96021 770.96765
251.08273 731.71167
377.32880 719.13647
456.17963 557.64880
459.62051 625.53027
449.73770 635.26062
465.38699 607.44916
440.13354 437.82330
399.73404 420.32886
363.76132 418.71887
333.46393 427.05225
311.71561 442.21338
295.24615 492.23343
215.53802 559.53094
312.87390 529.07843
337.67288 536.89752
371.39594 538.99194
404.00983 533.38525
429.73764 522.41718
447.39090 511.27588
215.29694 561.21338
451.52472 643.30731
468.87082 560.88116
472.33786 624.48492
485.73843 636.96765
474.44119 629.34167
458.19070 651.30054
488.63443 638.89557
492.60852 645.55835
449.65033 490.00940
461.14709 494.46066
468.34897 496.68408
337.41669 478.54114
316.27863 466.10803
525.72382 547.49933
692.44458 488.63531
524.22015 641.66321
813.29028 385.78400
622.83606 517.88965
648.72510 519.54883
673.08801 515.86511
704.04773 497.86713
600.48065 509.68143
653.42810 427.79431
623.12976 431.16357
682.02747 433.84357
700.75940 446.19446
727.89734 515.25848
602.87885 864.01685
700.51624 479.35349
823.09119 501.68048
759.27539 496.72919
631.13513 617.68738
536.57874 703.08014
534.98010 727.14587
559.72290 716.70172
574.54498 730.68555
552.24768 732.67279
565.45410 740.07831
611.92297 786.78882
522.78424 626.48053
525.83203 602.53375
737.52478 428.47824
581.87262 551.38910
573.14154 626.64679
576.52527 614.34454
713.14905 618.75452
525.73944 572.69861
668.26025 397.06134
707.90302 407.40021
780.50592 337.14120
556.31079 420.96686
598.41895 445.05292
627.06787 761.42993
789.86926 750.92407
554.19592 640.20679
537.31055 646.77631
590.51520 755.28223
585.04651 755.08948
723.44482 391.37885
573.43665 639.38977
618.25012 399.63397
621.75568 378.06659
663.51904 272.87823
753.90991 362.48111
643.72351 321.48914
755.85114 417.85501
786.46667 401.96149
536.30328 716.08679
556.14227 725.58887
570.27740 735.75842
548.74078 645.01819
587.70392 755.29120
581.50940 767.58667
582.29156 754.91498
545.47717 628.49304
561.37683 742.20068
548.89862 736.44434
533.50177 733.15186
543.65320 836.32910
545.44427 823.16840
543.00073 805.84131
539.77490 788.95880
536.24298 776.92114
563.01373 767.53387
568.05939 772.35699
573.91040 780.19580
578.78485 789.31409
600.78705 711.53687
826.01056 619.10107
571.43286 762.23383
576.54388 764.36017
532.43011 656.47748
566.12854 655.15613
534.60785 651.72717
609.25409 567.71460
652.43103 586.30060
580.44653 627.08020
733.26257 298.20563
708.86798 334.54449
677.33453 376.50278
596.51617 805.85773
562.44995 384.90314
578.77301 320.41830
591.23828 261.84076
693.18445 509.45502
757.21912 534.48700
584.76666 501.51483
728.54468 462.04144
563.97559 533.24719
560.57532 614.32239
790.81891 552.68811
737.98694 553.08417
703.12689 562.25104
652.99731 558.59027
616.31897 548.00482
588.26788 534.64307
530.15082 497.19928
783.05646 610.07922
751.01349 460.07092
515.96600 639.87439
576.45569 576.08875
837.81433 499.53802
567.04767 519.16577
583.99658 630.01947
713.07788 480.64801
562.77905 599.41174
813.90247 683.73090
583.00891 491.42355
545.32355 582.89722
718.07678 811.12329
722.75214 838.83691
817.71411 615.89362
754.29749 778.16956
807.03149 447.98145
610.34680 887.65302
514.14465 646.36029
598.98425 596.43402
785.60504 502.18411
669.90228 501.90881
648.64886 505.93896
586.10382 771.60602
775.13647 663.45850
567.25043 923.71509
645.07953 888.59521
680.81879 868.18378
626.88489 504.68054
606.02264 499.53690
591.36224 495.79211
772.82526 455.34933
604.23877 464.79642
625.54193 453.71802
648.18677 451.77261
671.14948 457.08533
685.19336 465.64746
831.62561 436.96356
683.50763 495.40192
578.79681 693.94470
554.48047 634.94000
536.86530 681.14978
681.67566 840.91309
647.01294 863.57703
566.40948 906.66943
757.60980 803.13831
589.40259 480.84863
545.25726 537.94586
608.43738 908.21863
806.96240 675.26654
551.20294 772.76752
556.34875 781.32404
561.35919 794.03625
565.39917 809.11389
573.77551 823.31946
576.02771 747.40582
580.68115 745.58167
584.75488 742.89624
616.96613 734.76050
732.19104 676.23157
546.72284 513.03564
563.16333 466.83362
578.88062 470.45514
571.80603 748.21130
734.80048 739.88647
538.61475 464.10529
589.66821 842.60400
528.16589 523.84399
559.66150 579.03748
552.11969 857.84955
642.18115 795.70581
606.36609 651.61218
619.25476 821.92651
670.84357 650.44092
630.77899 679.16199
689.99286 694.12799
560.99750 883.55035
572.88605 595.27435
668.52563 813.63892
636.61768 839.71924
659.27069 764.20776
765.84082 708.33026
697.57935 768.22693
788.52539 729.55408
648.12836 715.63977
560.32660 556.54950
552.60266 624.47522
564.89288 633.97986
544.43579 606.57489
580.17151 440.05212
620.77087 420.48563
658.95776 417.00717
691.47668 424.08774
715.32556 438.86240
733.24902 489.03790
823.94214 558.07526
713.15979 526.86279
686.61902 535.24255
652.21997 537.05646
619.35229 531.53107
593.64001 521.48615
575.44019 511.15430
832.89868 558.92340
564.00513 642.00256
543.93506 560.05139
537.69098 623.85034
526.13409 636.65149
537.25696 628.79932
558.07349 650.01337
522.51532 638.56165
520.12695 645.16956
574.09125 491.20581
560.92206 495.21478
551.07690 497.63303
693.21136 472.46902
712.78510 461.58316
391.52225 480.28107
425.09845 479.78943
391.74301 445.46796
357.43750 480.53839
391.21991 514.75928
642.80823 478.54849
676.38696 478.68170
642.36560 447.07288
609.08899 478.12622
643.21082 509.86218
