517.01514 751.03455
523.97894 659.59509
521.28986 682.75195
501.67361 564.37720
524.28796 630.85687
523.65845 592.44849
521.03210 500.15784
347.87854 491.76410
519.54999 446.00632
519.49261 411.46814
518.73987 262.20471
517.17914 759.71869
517.23376 767.76233
517.34094 772.85150
517.83081 772.96826
518.29242 783.34528
518.65094 795.60010
518.97125 809.18878
517.33118 839.17175
523.11566 673.27747
496.13196 670.45569
231.53549 387.78284
415.83521 511.38165
391.26859 515.17175
367.05106 514.83545
335.86322 501.00024
437.02719 503.82880
375.35645 444.69589
403.83813 445.16693
350.02393 451.03259
334.20764 461.32440
311.13318 517.26422
421.60297 890.57050
338.17358 485.19568
216.28644 507.82419
277.40421 499.67480
392.83463 627.08246
486.28351 746.33142
489.53867 766.71191
457.11365 753.04919
436.68185 759.48132
465.17532 766.96454
445.54895 767.72290
401.17654 791.64844
502.30966 658.38959
499.71497 630.51453
295.55209 444.38409
446.01187 558.71576
440.06427 644.61548
439.01434 629.02991
313.04272 622.59302
500.90320 594.98364
358.13348 417.53442
321.80194 427.11530
262.12418 339.30417
469.90182 437.25970
429.06882 453.88519
379.52557 767.59155
231.20624 775.74481
457.87292 661.04224
478.22165 669.23944
410.27002 768.63086
416.26385 769.03040
305.97119 411.40051
437.44916 654.96564
406.86612 419.16458
401.66281 399.70724
372.17450 275.16470
286.62967 374.43564
391.95419 334.46353
277.11130 432.05750
254.95331 411.90161
487.47479 757.78174
461.04907 760.50098
440.93423 763.67810
463.10464 665.31146
413.28387 768.83655
425.98132 774.64337
419.60522 769.27997
472.27191 655.28723
449.33005 770.78302
468.69214 771.23004
491.70447 772.00476
484.85110 838.00885
487.72818 807.11047
488.68430 793.60498
490.06647 781.52283
492.14297 772.03040
449.44366 770.75446
445.25244 774.86707
440.76764 780.64270
437.20792 787.62030
409.95416 725.77124
203.40332 634.11060
522.15979 678.21265
434.84924 770.21222
430.59497 772.16779
487.13040 679.99097
445.39056 670.18701
482.80023 674.71851
418.91422 574.05072
376.54395 591.54999
433.50168 640.09998
307.03290 300.58310
330.51929 347.71896
348.05725 398.36374
423.43600 809.58777
461.27771 405.51172
452.36710 330.95114
439.95041 263.39117
347.19159 510.35217
281.84125 534.98315
450.79297 497.14774
308.12805 472.12872
464.28345 541.32196
457.31760 637.11755
243.84128 557.65558
302.46390 553.90295
336.80835 564.07489
385.06247 559.21924
420.13626 547.48883
445.87625 535.19452
497.45010 506.38556
246.21182 615.33313
284.11975 468.73633
509.43564 671.96338
447.36365 586.37329
203.33145 506.27737
465.85205 522.28455
430.87201 640.90741
326.02008 486.77063
456.67020 618.09094
211.35233 703.68481
449.92029 488.02338
478.62613 603.75757
296.82092 834.68335
295.41772 871.97406
213.07684 626.71252
261.27625 798.90576
234.42737 454.58560
413.01019 922.78363
511.20898 676.93109
423.93478 605.75812
251.08868 502.70319
371.38208 499.79672
391.74213 500.87662
421.90469 777.85272
247.84433 673.01025
460.78516 962.47675
376.68192 931.32751
338.88742 907.26733
519.34424 332.92035
516.12128 965.88281
411.95175 497.66370
431.67010 492.32916
444.33578 489.83490
261.53461 461.64575
425.63504 470.47302
403.09259 464.95917
382.00189 465.91748
361.96655 471.34088
350.13562 477.52466
213.25278 439.76001
357.66699 496.08029
520.81372 704.59607
436.07452 710.98083
458.71454 657.50531
485.30814 704.62653
519.95612 471.28632
335.64368 869.99750
372.79831 897.69727
461.39322 938.25244
261.05200 831.78632
442.32037 480.81073
481.76523 550.23907
516.52905 940.98901
416.25262 950.53162
219.26596 690.13672
468.95184 771.19324
464.87000 778.43054
461.79266 787.70569
459.80896 799.29932
450.72983 826.00739
429.81970 768.30225
425.18832 766.35376
421.40375 764.25824
389.10165 744.91565
285.99597 684.90515
481.52310 521.81744
467.76883 471.45743
451.74136 472.89813
434.89047 770.21021
278.06866 754.42566
490.39682 473.38052
435.74121 857.81213
522.79230 560.58453
499.36972 536.39648
521.92291 530.92407
463.87363 593.56244
517.00494 908.95184
517.19519 871.60730
476.51056 870.71906
374.09186 807.71387
409.34619 662.73456
402.94940 836.84253
349.00397 658.86829
384.38199 690.40808
323.12424 703.90222
467.06314 907.07715
447.47668 607.96332
348.88916 833.23712
384.98459 864.44391
351.73749 774.28125
252.25087 722.06860
315.08560 782.00427
232.82855 748.02954
361.11453 725.09399
465.31046 567.85425
464.85797 650.41412
447.62155 654.61157
477.29135 633.11627
447.68704 450.82858
405.88306 437.08710
369.70911 436.04089
339.83142 442.69171
319.22528 454.39780
304.82367 493.27325
211.13034 566.14227
326.98590 528.38971
352.76712 536.05780
386.83606 535.11450
418.23169 527.71948
442.49826 518.34656
459.34164 510.31354
202.44421 569.75366
446.94482 660.43402
482.25027 576.35156
483.30634 653.66980
495.20242 666.79407
482.39258 657.68201
453.12982 667.62292
500.83084 669.74890
502.32419 674.74597
458.65054 489.47009
471.99902 496.87265
480.46872 503.14935
343.49072 481.83722
324.44702 472.46664
543.20544 564.68378
684.92145 496.40424
547.29559 670.95001
790.80920 394.99380
612.77863 513.06677
638.75879 516.53308
663.90100 517.21338
695.97266 506.40216
590.39282 506.36871
656.96124 448.87518
626.13043 448.83179
683.33398 455.60071
699.05487 466.39923
719.39087 522.86072
609.41888 891.04004
694.52576 491.30621
807.03735 515.22705
749.82642 506.86316
643.53223 629.55347
547.43207 745.65955
544.31830 766.33350
576.43103 751.59058
596.03455 758.11169
567.97296 766.06189
586.80597 766.66071
630.18646 793.38940
545.01611 658.92725
547.94006 630.95178
735.45972 452.18024
591.21686 559.88959
601.61774 645.96649
602.07782 630.21259
719.72748 627.01868
545.72729 595.29816
677.83118 426.46545
712.04138 435.14780
763.55176 345.91818
566.01624 445.02838
598.52448 457.08868
652.10419 770.00659
787.96985 781.60535
583.07751 662.19464
563.27118 670.09485
621.35718 768.06152
615.64264 768.21173
725.58588 419.45740
602.73962 656.29034
629.80389 428.05835
636.01733 408.04297
661.93018 279.12341
742.22076 379.08838
643.32831 336.87671
750.39368 439.83484
771.15967 417.80670
546.35889 757.26282
572.24365 759.46497
591.54193 762.44080
577.34088 666.28174
618.43005 768.14252
606.50671 774.14679
612.16278 768.40497
571.23413 656.51935
582.88800 769.63275
564.21808 770.35718
542.22168 771.62653
549.10382 838.53699
549.03625 807.35419
547.27380 793.65814
545.19409 781.43378
542.47437 771.82422
583.03632 769.95642
587.89386 774.46344
592.77576 780.54327
596.90063 787.82306
626.00165 727.74353
812.54742 642.05072
596.96893 769.32568
601.70038 771.48047
554.78809 680.62164
593.54291 671.27570
558.94531 675.52576
617.00244 575.94543
658.47595 594.59674
606.49701 641.50110
722.84656 306.05692
701.15717 351.33032
687.30310 406.72046
608.54272 810.81354
576.89056 413.47644
585.25031 332.39340
596.76941 265.67194
684.15521 514.29132
747.77289 540.75671
575.73029 500.11371
723.32556 478.56293
574.15112 542.08936
586.24121 638.49408
783.76648 564.17639
730.42871 558.86548
697.99841 567.76105
648.28937 562.26221
611.60626 550.48224
585.32794 538.59534
543.73828 506.73895
782.10425 621.69958
744.78180 476.13614
536.39606 672.28577
591.19525 587.44098
814.05994 514.01117
565.96454 525.57043
607.70728 642.34741
706.10010 493.30841
586.19611 619.09332
805.90466 710.99005
575.05939 490.77222
566.12518 604.45032
729.73914 838.02905
728.78705 873.74060
810.01105 634.29089
763.88477 803.81641
790.16400 461.29352
616.84924 923.04596
532.97412 677.08313
613.31317 607.51483
770.79871 510.23721
660.49841 501.65027
639.01721 501.57526
610.83752 777.56696
780.10974 679.17310
570.41382 962.04224
650.76019 930.41003
687.45264 907.40894
617.22278 498.58942
595.56329 494.30838
581.43976 492.63721
762.78668 469.59393
601.61707 473.47064
625.69409 467.72501
649.09369 468.57086
670.30267 474.45432
682.66980 481.67722
806.49902 447.28799
674.78485 499.43164
602.33984 712.43250
582.95447 658.81842
555.99390 705.39008
691.55823 872.08850
655.38989 898.51245
570.51685 938.49329
760.73566 835.34534
583.59705 483.65213
559.93463 550.83325
613.13617 949.46667
803.74524 697.39325
564.51190 770.69379
569.21179 778.18787
572.87463 787.70789
575.97925 799.59882
582.04767 826.79932
602.18164 767.23059
606.66724 765.28632
610.55475 763.19098
644.58087 747.21967
744.87354 689.84814
558.28790 522.50354
561.05280 475.02316
574.34570 475.66495
597.05902 769.07605
750.01532 759.07202
543.32495 477.61435
596.04333 858.29401
543.87146 536.71912
577.29108 594.51373
556.90912 870.95447
656.25012 809.90057
627.43054 664.51733
627.75739 837.89014
685.60229 662.33063
650.99463 692.90039
709.29272 707.78149
565.84265 907.46814
592.26636 608.93378
680.15857 835.45764
644.90912 865.47229
679.09167 777.37103
774.98370 727.84625
714.23773 785.45685
790.91089 754.47784
672.30017 728.13324
574.69238 568.69922
578.91736 651.73132
594.03381 656.00165
568.47467 634.08899
582.44989 455.29321
626.76648 442.50159
664.99731 441.87543
694.82501 448.65131
714.22601 460.74139
725.37158 500.41687
811.76929 573.77948
704.98010 533.12201
679.13593 539.15588
644.35675 537.48578
611.28149 530.15021
586.14240 521.41998
569.32971 513.39905
813.46606 577.59802
593.54132 661.66278
561.00293 576.91412
562.31525 654.67859
549.37152 667.55481
562.08051 658.90228
586.68018 668.56036
544.49121 670.32697
541.33838 675.02838
567.12640 492.30859
556.76270 499.93109
551.64923 506.44141
689.53418 486.99692
708.26221 478.44104
388.37875 481.56674
414.62585 480.68707
387.98022 459.52191
361.69012 482.37408
388.68607 503.71960
644.52551 483.27637
672.85364 484.62399
646.01288 460.25430
616.28546 481.56097
643.06262 506.39029
