514.40002 730.10608
512.51813 664.30573
512.10089 680.04041
494.11752 574.23999
513.00183 638.04340
513.68329 601.79706
515.90759 513.92957
349.98096 493.86926
518.12775 461.88373
519.27881 429.68793
523.60449 288.82843
514.66071 736.43225
514.85626 741.77863
515.19287 744.58795
515.82568 783.25354
516.37732 792.34656
516.73901 803.50122
517.07635 816.23535
512.54016 836.38843
512.36743 675.91089
485.87100 670.23505
257.49698 395.37860
416.34634 517.99591
391.74094 518.42175
368.31345 515.68127
339.72479 500.91241
437.56488 514.30310
382.42310 454.53229
410.36890 458.41229
357.00153 457.21368
340.84747 464.79285
318.14386 513.02161
417.19064 873.71802
342.01904 487.35269
244.20883 505.81006
291.80011 495.90829
383.72791 616.86774
472.71893 724.09015
475.02588 737.78192
435.20587 723.33142
409.07947 722.68634
442.57812 733.33673
417.92850 729.87598
381.01190 755.19360
491.36243 662.59064
489.43427 636.74152
307.19675 444.08527
442.83575 559.93665
427.01184 638.76038
426.96765 623.25482
308.33264 605.55457
491.75974 603.24896
365.10236 426.58813
330.93875 430.86707
281.89160 353.02164
471.58490 456.29541
434.23969 469.13159
357.43463 723.24530
258.20197 746.95013
444.20233 655.09192
465.62988 664.41602
373.55411 722.89966
380.43237 725.36212
318.89600 414.78604
422.98843 644.99817
411.72284 433.67065
408.40460 414.75146
382.65616 298.25702
300.04236 384.38370
397.37802 352.23306
293.90436 431.74048
274.28107 417.97668
473.24194 731.89050
438.76489 728.69904
413.35883 726.38068
448.93561 658.61609
377.09460 724.07965
395.34402 746.04175
383.64648 726.74188
461.52225 655.28992
422.30200 732.40314
446.69714 736.39044
477.57687 741.09375
472.26648 832.73553
475.74292 811.47296
476.35272 798.85681
477.76675 787.85596
479.88849 779.67639
424.99365 758.41632
420.83575 760.98541
415.67914 766.16370
412.28760 772.83221
388.75488 698.13525
239.19009 617.29694
512.19263 679.05780
406.89493 745.42090
400.94382 744.97626
474.65109 674.24615
429.43829 656.88098
470.41284 669.51733
415.72046 570.19244
372.67349 582.00684
420.35828 631.00934
321.84308 319.39011
339.47083 361.00238
358.10040 407.62146
404.61377 786.24310
465.30750 425.92584
455.54318 351.43314
447.45038 289.06934
349.57086 510.05197
291.88428 526.50861
451.29492 510.32666
317.24323 472.12378
461.17657 547.04688
446.48004 636.58899
261.83398 549.44073
306.61169 543.56543
335.85309 554.48901
381.73196 554.98688
416.67017 548.62000
442.56656 540.47308
493.22244 519.21686
257.41464 598.21826
298.15802 467.51279
499.08832 674.39771
440.14185 584.83002
238.40784 500.04242
462.32809 530.87079
417.47919 629.21948
331.84433 487.84381
446.48364 617.59296
243.85614 681.01099
451.40149 502.85449
469.75375 608.82666
308.92810 803.17670
315.35638 837.55090
238.40686 612.09338
275.54291 769.94177
258.95123 457.48712
414.93112 903.74969
501.27942 677.63287
415.52167 598.89160
271.46854 497.10583
371.96460 503.01459
392.35837 505.88321
391.00110 748.12689
253.96536 651.32892
461.45129 943.65784
387.90021 902.10901
355.08002 874.39062
521.31757 353.99219
512.26373 950.10571
412.97543 505.45465
432.94437 503.76984
445.62787 503.55258
281.63773 460.19257
428.52051 484.35019
407.29886 476.17468
386.34821 473.72617
365.91867 476.02472
353.73148 480.66202
244.52341 441.18311
358.79556 498.57828
512.27948 696.03033
418.03381 690.59888
445.76462 653.50372
471.57764 693.20404
517.03735 486.03009
346.58844 839.95410
380.35495 871.69019
459.08041 924.76904
284.00690 798.94287
444.06396 495.53339
476.23676 558.61530
511.80701 931.03149
421.68741 926.72296
241.42737 669.94385
449.85379 770.70752
445.76483 776.34821
442.44354 785.06885
440.77930 796.27863
433.62708 813.71277
396.55261 727.13007
392.16144 724.67499
388.51874 722.22876
365.76740 707.50061
280.69849 662.78729
478.08392 531.81885
469.41937 487.76556
454.52148 488.69754
401.45911 729.32745
278.23413 727.19812
489.44751 489.93280
425.31635 841.50269
514.37732 571.55194
493.53442 547.83868
515.06879 543.65479
455.71219 594.98071
511.94254 902.37976
512.23999 866.83087
467.04486 862.49652
366.66724 773.06549
396.85181 647.45746
394.40417 810.65082
337.72900 643.07214
370.42401 670.22571
312.58871 680.19519
460.79578 896.87463
437.83130 604.12408
350.87143 802.31775
384.80963 839.28839
341.95367 735.62769
257.68021 697.22681
312.68079 750.13953
252.34317 723.45831
345.32391 692.76984
459.30823 571.79340
453.89474 650.33539
434.31946 649.26453
467.36270 636.82831
451.38745 467.40295
411.41724 450.35156
375.81580 445.17474
346.62170 447.73538
326.82361 456.36914
314.53891 491.65326
239.12506 558.36353
330.63754 523.78113
354.24518 532.38776
386.43011 534.96423
417.35410 531.98486
441.61716 526.61255
458.24854 521.13495
238.50638 557.82520
432.73792 652.14996
475.00278 583.11389
473.12592 656.64606
485.47620 668.30493
472.30072 659.29376
437.84235 657.69647
490.79156 671.94397
492.45090 674.84265
459.74765 504.48239
471.36118 510.39252
477.70425 515.38202
347.04266 484.34283
330.96112 474.33044
534.49335 574.92188
684.50659 493.78229
538.69232 670.84943
781.73425 405.40775
619.16376 514.56085
641.96912 516.16534
664.40283 515.56793
693.95593 501.41647
599.89001 510.22787
655.97705 456.93420
629.53772 459.59763
679.76636 459.80466
694.53870 467.07831
714.02502 516.17188
606.37524 877.55493
693.29321 487.36432
788.22546 515.46924
741.21338 499.81287
643.01691 620.59418
555.67780 723.22424
554.37329 736.99683
592.93463 721.76379
618.77100 720.62701
586.49414 731.76398
610.75586 727.93372
646.30298 757.55084
533.79663 663.17224
536.25879 637.37988
727.54785 449.09964
587.15021 562.41779
598.26782 640.50983
598.89319 625.07208
717.69000 611.64685
535.49005 603.82574
673.32971 428.92090
705.76636 435.18347
759.79382 362.68192
567.98407 453.58408
606.31348 468.70999
669.80157 725.54553
767.18207 756.43317
580.78259 656.21631
558.97058 665.16699
654.48181 720.47754
647.55237 723.12354
718.55402 420.05396
601.95245 646.59357
628.26410 433.56656
632.31195 415.48184
663.39734 304.32010
739.75970 394.14481
644.71521 358.82846
741.42603 438.16840
763.44067 428.02521
555.45624 731.11353
589.74884 727.20367
614.94397 724.31171
575.63800 659.57336
650.96179 721.76862
634.03778 744.29822
644.14410 724.56793
564.00812 656.54779
607.03174 730.47083
582.85132 734.80365
552.49188 740.35120
552.57257 833.71643
557.75098 811.70746
556.33551 798.72693
554.06622 787.53027
551.25623 779.24597
604.59448 757.15198
609.48846 759.87054
615.29877 765.22131
619.25549 772.22498
637.09595 699.65759
789.36456 627.68158
621.96301 743.90491
628.20886 743.32928
550.03009 674.89569
595.39276 658.19336
554.28955 670.29138
613.24084 573.53375
655.43640 586.63776
605.26971 632.88043
722.29755 327.79904
701.62653 370.04318
681.49969 410.99619
621.96893 788.61993
575.23999 424.67822
587.07812 354.86438
599.72815 292.32983
683.23163 510.66287
739.66266 531.16516
587.53137 505.99725
717.04590 474.87094
569.72644 548.98578
579.14563 638.36505
766.80536 558.71802
723.00342 548.28857
692.53943 558.40149
647.87189 556.00806
615.51453 547.17950
591.66168 537.99451
538.53156 520.09064
768.53796 606.92023
735.76184 471.75592
525.65179 674.73395
588.12646 586.91156
795.72919 510.25317
573.24542 527.88403
608.40204 631.15741
702.74188 488.22491
579.89282 619.30127
782.67926 691.09216
588.77118 498.56296
557.09857 610.06519
715.38245 810.61975
708.85547 846.02020
788.01172 621.64380
748.45300 777.78918
776.28320 467.11914
608.21008 908.29114
523.13501 677.87714
611.82544 601.63184
760.80249 502.22772
661.84326 501.92987
642.28137 503.41235
638.74023 746.40118
770.67358 659.51636
562.21747 945.96008
635.88379 907.91516
669.15381 881.51172
623.36615 502.04456
605.36786 499.65607
593.92084 499.21362
752.03754 465.49133
611.57562 483.98877
632.03864 478.00360
652.01843 476.53003
671.03748 478.58862
682.20343 482.26288
792.33777 451.21448
675.17163 498.12540
607.39984 691.80042
579.32880 654.89221
553.57520 693.86530
677.37329 846.75525
643.48853 877.80505
563.48206 927.14301
740.63751 807.97717
596.29327 492.73535
553.53497 559.96588
601.79761 930.88275
783.24585 679.03894
580.46497 769.77753
585.42749 775.67291
589.63599 784.68335
592.36255 796.41412
591.97247 815.51373
631.68298 724.93958
635.76404 722.36334
639.32404 719.90625
660.88544 709.28723
743.63055 669.33215
553.34473 533.37073
570.22314 484.38715
585.69733 485.73624
627.24927 727.31622
746.34436 733.91138
548.56958 486.89572
599.10614 844.44757
536.41925 548.55695
572.02502 596.81830
556.86096 864.05200
658.81128 777.25391
628.75879 649.98279
630.73956 814.45886
687.89966 647.79431
655.25922 673.46729
712.34924 685.56104
562.07007 898.92896
589.25836 605.99402
673.87762 808.02478
639.77972 844.40460
683.71240 739.96814
766.72937 704.91052
712.19006 756.14917
771.67871 731.92657
680.74475 696.25867
569.80658 573.62317
571.57843 651.79828
590.72620 650.84711
558.36993 638.05878
588.78668 465.51678
627.85577 450.92218
661.87360 447.47760
689.62939 450.97247
708.16498 459.65430
719.23096 494.16400
789.71191 568.12219
700.55377 526.63043
676.63013 534.38477
645.51227 534.41675
616.67096 529.39484
594.38214 523.21222
578.91541 517.32910
792.83118 568.09302
591.92316 653.49457
553.36707 584.41876
552.18018 657.65179
539.54901 669.15686
553.16931 660.45569
586.83167 658.75720
534.03571 672.52802
531.93018 675.26880
580.02325 500.14484
566.82593 506.45618
559.01489 512.11292
688.54205 485.15735
703.62274 475.85214
391.88150 489.13239
415.53748 490.62195
393.03949 469.46698
367.86298 487.55292
390.48523 508.78601
647.14191 487.69598
670.91077 487.52661
646.64478 467.93152
623.62946 487.79858
647.87183 507.50223
