506.60431 771.30042
501.52087 694.94861
503.98206 705.63873
482.66779 598.32941
501.27679 670.96649
501.96164 631.81329
504.94247 527.77557
347.27032 487.88965
505.71347 462.75287
505.64417 430.18869
507.09732 287.49225
506.44333 777.38525
506.45541 782.22791
506.79807 785.42596
506.45749 785.47473
506.22742 799.94495
505.92282 816.80823
505.72256 832.91168
506.45914 846.85565
502.25012 703.12109
476.92892 695.29034
249.26572 365.34525
417.82895 512.81738
394.03635 515.02527
369.95209 514.27753
339.16656 494.83920
436.45581 508.87701
369.49316 455.60876
397.84167 458.13208
346.48633 458.78232
333.59454 465.04047
319.00967 509.94861
420.91061 873.07104
337.88446 478.96664
241.85434 475.03906
288.84360 488.79526
390.73151 631.03156
477.73727 762.07880
481.10565 777.36957
452.89847 762.05200
435.22693 763.46295
459.86618 773.23749
442.83551 770.63849
406.00598 784.29150
481.22119 692.50513
477.66080 669.12811
295.01648 451.09137
437.93912 566.44757
428.01605 663.50311
428.49011 646.40790
323.14911 617.15149
479.88565 632.47589
347.07095 443.71844
315.23499 443.62827
268.66656 331.58102
454.28729 473.58459
423.40225 466.86548
388.83426 761.38629
274.27142 697.56262
444.51157 678.82220
463.01028 689.19299
408.86334 766.21985
414.42542 767.50293
301.15558 424.60181
428.17606 669.65192
393.25644 452.99658
386.99268 432.58069
361.59589 293.36725
284.67365 371.37665
375.96942 353.13403
280.52081 433.25757
264.04974 396.83746
478.92950 771.17914
456.31091 768.21924
438.83618 767.18127
449.75650 682.67639
411.71039 766.93347
422.53809 776.34857
417.46078 768.11450
455.34308 679.91449
446.14471 773.49353
463.21436 776.85052
483.53140 781.40759
476.52151 842.36157
475.76810 828.78442
477.40515 812.44067
480.05853 795.39410
483.27966 781.76898
446.05072 773.25592
440.61823 779.55945
434.98770 787.69824
430.48096 796.31732
412.05887 729.30157
247.31259 566.16760
502.98407 704.64001
433.01105 770.55566
427.67487 773.29102
472.32025 700.26892
436.18585 682.33759
467.72421 694.99976
415.80118 577.78308
377.61298 593.43286
425.68555 653.50012
303.35309 306.58194
319.63940 355.32715
337.41022 421.66599
424.00995 805.99347
444.42844 444.78073
436.47324 355.76041
427.45410 287.67432
350.18054 507.18973
293.51651 524.86475
447.37717 505.47705
311.37836 470.49457
453.16669 554.12878
440.95026 662.90851
262.52322 536.43762
311.28717 548.50427
341.69736 564.02911
386.88269 562.26538
419.04559 552.56927
440.55243 544.01379
482.52106 531.42615
268.92548 591.53571
290.43564 465.03445
489.26303 701.52692
438.53369 597.35419
238.10339 456.41904
456.85419 536.01154
425.14032 649.64838
328.74710 480.12329
441.64090 641.85413
256.32391 628.79156
445.29068 496.34152
459.85660 635.33435
320.88580 789.38794
321.83154 808.99261
247.67068 581.26666
294.98328 745.63501
252.02203 430.59280
413.25079 900.66345
492.14105 703.05774
418.97681 612.23187
269.40240 486.66907
372.13751 499.99954
393.45004 501.47485
418.05246 779.69690
275.81534 640.79199
456.18170 943.38257
384.17767 889.42609
354.70233 855.10553
506.21225 357.71442
509.27628 951.51587
413.28543 499.04346
431.57123 496.15384
442.00726 496.19653
273.10956 452.63553
421.86694 473.99149
399.50146 464.65948
377.34335 463.13821
357.82565 466.67038
347.38235 472.03381
239.69070 404.35474
357.58038 494.74973
504.44116 722.55267
431.84830 720.17084
444.17911 677.25555
471.74493 720.95459
505.80249 490.75714
350.37177 830.74817
380.17670 865.77466
455.48865 925.51697
297.11493 758.71973
437.65485 487.78189
466.47372 574.59283
508.01917 934.77435
416.69867 921.08289
257.32150 636.69678
463.04523 777.07422
457.83838 787.85120
453.36148 800.96973
450.09869 815.64807
446.84695 826.94482
428.58600 768.88867
424.32690 766.75146
420.93597 764.54248
397.11832 743.63611
307.06885 665.05267
467.99423 541.36249
459.37567 488.97913
445.48190 485.25848
433.13696 771.15955
304.95624 718.97375
476.47574 498.53931
433.83435 847.02112
502.98703 596.46289
482.00888 566.53967
503.91888 563.23901
450.17993 613.75372
507.22482 906.49194
506.85321 873.32776
469.74847 866.92444
380.37485 791.00031
406.16290 667.10638
404.46481 821.10864
354.91479 657.54877
386.72070 690.72455
337.04428 692.62054
460.78595 897.79248
437.75922 621.77692
358.69339 806.82080
389.05087 841.46674
362.37793 759.33777
283.43033 682.12738
332.24573 755.92822
271.46515 690.37091
370.90268 719.57770
452.70032 585.17859
447.86758 675.93463
434.35065 673.78680
457.70328 665.97308
438.62872 472.84763
397.18503 458.94678
361.75452 454.40985
334.41077 455.57501
318.00040 460.96649
311.54398 485.47455
241.63614 527.46838
333.54962 523.81995
357.77826 535.10327
390.16980 535.94458
419.41946 530.32251
440.00125 524.61865
453.65482 520.56610
242.60144 509.59283
435.60886 676.85193
465.16217 604.49121
464.03455 684.53253
475.98352 693.88660
464.21671 684.80365
442.13910 682.76550
481.29327 698.54712
483.53934 700.07141
452.76266 500.57962
463.72174 511.16846
468.96042 521.43890
341.73987 476.00317
326.38550 471.21497
524.04138 598.64246
680.86554 493.37299
530.06537 695.75574
786.38483 366.55469
607.47095 516.98102
632.25476 519.12360
657.22839 518.42554
690.45386 500.12592
587.51178 512.63574
651.16699 455.27365
621.07489 458.32126
676.87396 458.43219
692.25439 465.62686
712.16479 514.85242
598.56671 876.51575
690.84412 484.09338
797.18604 478.30722
742.98499 494.20871
626.79834 633.68805
536.40753 763.94702
533.01398 778.94861
562.46613 765.80737
580.65601 768.39185
555.50018 776.45081
573.26215 775.15430
614.92004 787.73395
522.38568 693.05695
525.44061 669.49792
727.98584 452.06311
578.52606 567.56879
583.61627 665.25665
584.53516 647.99945
699.93585 621.57849
524.71033 632.69885
668.43866 442.80377
703.96674 443.10699
761.85272 332.24454
556.22369 471.38794
595.17041 468.28583
632.96997 765.31427
773.29993 704.53650
566.18793 680.30634
546.49402 689.93799
608.02423 773.17322
602.33368 774.17419
717.48529 425.36499
584.61780 671.44305
619.48578 451.11438
624.06744 431.74835
658.25232 293.18954
741.22693 372.49237
641.04089 353.36984
743.04846 435.98193
766.43335 398.76709
534.96124 772.91602
559.01355 771.72095
577.17114 771.81677
560.74243 683.97754
605.12531 773.75934
593.35419 781.88440
599.11493 774.59149
552.65717 681.27356
570.21948 777.74329
552.30505 779.73541
531.20465 782.86389
537.93323 843.60510
536.62836 830.25909
535.13824 813.79510
533.06787 796.63055
530.69501 782.94653
569.83545 777.09424
574.86676 783.49133
580.06091 791.83533
584.35828 800.59875
604.28656 732.16058
801.84656 571.22772
583.37610 775.67792
588.33484 778.61859
537.06940 700.94373
576.85883 684.06494
541.71063 695.77454
601.94354 579.58588
641.63300 596.29962
588.47723 655.35669
721.93054 306.66473
701.75513 355.92523
677.01459 422.07520
594.88666 809.07678
564.08893 442.57587
577.86078 355.88492
589.11694 287.56357
678.43103 512.13818
740.03809 529.94641
574.99438 509.07855
716.10223 473.18085
561.98877 554.81250
567.76794 664.37708
769.96259 540.88721
721.17297 552.24835
687.74103 566.12860
638.96826 563.96442
604.28497 554.11609
580.47339 545.49292
528.45490 531.61554
762.86407 596.98853
737.15576 468.32642
515.66876 701.82239
576.80292 598.46252
807.78204 459.21533
561.90015 537.03271
590.42181 651.48053
701.01855 484.91550
568.68060 643.01581
792.83759 634.93689
576.16998 500.21503
547.08344 636.01794
712.51605 795.93115
715.48969 815.39856
792.86487 586.58307
742.38843 752.58081
782.46338 433.00299
607.80261 904.25757
514.05841 703.17902
597.70032 614.02594
764.72632 492.99609
654.78156 504.92587
632.75293 506.07721
597.95264 785.40356
756.95557 647.05450
563.75067 944.96399
642.89795 893.27325
677.36127 860.25317
612.28009 503.57080
592.72803 500.67929
580.98492 500.63635
755.25165 457.26294
599.29285 477.10614
621.78168 467.24896
645.40399 465.82086
666.74976 469.64697
678.99408 475.48129
800.80988 406.16602
670.04602 499.94122
582.43988 722.17688
565.83643 678.84247
538.58649 721.94409
678.99536 836.47638
645.42249 870.58124
562.00604 927.50708
745.99518 765.54340
583.44189 491.39282
544.47650 575.10974
606.15002 923.78424
783.46887 643.01282
551.94312 779.54578
556.50891 790.35760
560.52167 803.59351
563.65540 818.35791
569.79602 829.14325
588.00250 774.42749
592.03851 772.44348
595.36243 770.44373
621.98889 747.15094
720.13556 670.73157
544.95319 541.83466
558.10455 491.11252
573.81219 487.97665
583.62152 776.48547
726.63776 725.30762
536.27728 498.67645
584.67584 849.96039
526.72662 566.71558
561.58405 614.84039
545.64612 868.51086
642.31885 795.43127
610.19586 669.24091
616.56775 824.88147
664.96393 661.55304
631.00757 693.89484
686.07666 697.67993
555.15814 899.75708
576.45679 623.00745
667.20605 812.06689
634.17657 845.90875
660.97021 764.31775
750.74310 688.68347
695.37720 761.85388
768.99988 697.32471
649.50720 723.74438
560.53467 586.04382
560.09747 677.48419
576.36359 675.52991
547.87476 666.95490
577.44592 473.20935
619.41577 458.32733
656.88031 453.28125
686.81104 454.59039
706.20935 461.20850
719.15979 490.76855
798.26825 531.74054
697.20923 527.94824
670.89563 538.21509
636.46252 538.78979
605.17474 533.28595
582.76764 527.56537
567.12073 523.05603
805.96466 513.39240
575.89240 678.43597
543.55780 605.11096
541.25897 685.61591
530.37189 694.78058
542.51599 686.13763
569.63678 684.19037
524.27747 699.11926
523.08862 700.34296
567.75073 503.72195
554.83411 513.37878
547.14630 522.37048
685.73535 480.15723
701.43494 473.72919
386.65143 477.30243
411.25006 477.54095
386.57593 455.07056
361.75247 476.98297
386.41266 499.71695
641.18683 480.54224
666.62311 480.59576
641.22858 457.97522
615.66968 480.17813
641.18671 503.28711
