523.24622 697.70618
523.62524 621.53113
522.43665 641.26270
501.71976 551.47589
523.77576 600.12964
523.01263 571.85944
520.47137 503.15314
342.92279 495.20578
519.38763 452.27606
519.48090 423.08618
518.92035 305.81622
523.40857 703.07806
523.25781 707.46112
523.07599 710.11237
522.59113 710.12579
523.10260 717.09735
523.47296 725.48590
523.68176 734.62848
522.09973 766.44763
523.08868 632.07825
500.81570 631.04877
252.84467 404.51337
416.74304 519.43427
392.52710 520.77289
368.30466 518.23608
334.61151 500.70935
435.29755 514.58252
372.57608 448.34869
402.63025 452.36221
346.37054 452.25116
330.53473 461.38318
317.24188 513.34192
431.62369 806.49316
333.25610 485.57465
244.33871 501.35681
287.73560 495.34021
398.70746 602.28833
494.21948 694.93085
496.96658 706.92505
467.02097 699.60736
447.07468 704.04865
473.91360 707.55463
454.65762 708.54358
413.15079 731.35144
504.00012 620.77429
500.91196 600.39709
295.83569 446.42224
447.54630 548.75122
446.84125 614.28210
444.62241 602.90430
323.77319 599.48291
501.14700 574.07080
351.85754 429.37238
317.82822 433.63153
275.59271 365.65210
461.66113 452.71429
428.13531 464.43549
393.15350 712.63763
263.79431 706.99097
465.17511 626.08215
484.76483 632.30811
419.05078 710.46674
424.55801 710.52936
303.51025 419.26331
445.35541 623.17126
398.67368 434.01361
392.90710 417.04520
375.90643 315.44208
294.02686 389.27826
391.91333 360.73068
280.40436 434.54181
269.78363 419.84473
495.25992 701.89923
470.42862 703.97375
450.65900 706.39355
470.71655 629.84174
421.85059 710.51648
434.53500 713.74493
427.70065 710.56384
477.19473 619.36859
457.90778 710.12683
476.87982 709.75244
498.71985 709.79254
491.24356 765.35376
495.04294 733.90192
495.52380 724.57001
496.61313 716.38599
498.29950 709.83075
457.42609 709.92889
453.53787 712.87042
449.45111 717.14288
446.15100 722.37842
421.21771 678.83002
241.47540 597.39044
522.62457 636.41272
443.02753 710.26117
438.91061 711.78033
492.32571 640.50385
453.32855 635.48193
488.71033 636.49640
421.76239 560.91089
381.80029 574.96027
440.24445 612.06879
314.78131 335.17181
332.78763 368.21765
341.89920 412.28183
433.81317 745.17627
451.52014 424.62534
451.87057 360.45428
441.85840 306.75540
347.07867 511.86008
292.29602 527.26074
446.76828 509.68344
308.79102 471.38574
464.90903 535.08881
461.80856 606.73254
264.69299 544.24414
310.61499 544.72455
343.33173 555.23682
390.96246 553.79822
424.49194 546.31641
448.04840 537.61938
497.38525 508.07404
267.45129 590.78644
289.73520 467.69171
511.39230 631.27545
450.28845 569.93524
236.89359 497.89557
465.44867 527.97021
437.45319 613.02515
323.13147 485.89587
459.99139 593.06665
248.42380 651.24011
445.72900 501.85049
480.18503 581.28369
319.65054 759.15778
319.95868 782.99249
244.80847 595.60541
286.88660 730.39551
256.62616 457.23611
425.90292 829.13672
513.43823 635.61993
428.36322 585.42181
267.88885 496.64563
369.03931 507.66180
390.95291 510.18759
430.74033 716.34979
270.31354 635.33746
469.25555 858.08429
394.81433 829.59778
360.66022 810.61731
519.40503 361.94290
518.20758 861.98737
411.40826 508.75156
429.25073 505.50470
440.46692 503.70871
271.88995 460.60168
424.95480 476.92636
403.76572 465.41025
380.67700 462.39740
358.42188 466.32422
345.40936 473.88736
241.37494 446.23987
353.68314 502.05286
523.09186 659.17670
445.05307 666.83667
465.37390 622.60071
491.00302 660.21912
519.51581 477.36075
355.93823 786.48566
389.63062 808.14917
469.45007 843.30267
288.61249 750.94318
439.08765 492.50818
482.36661 541.30981
520.15991 847.04529
430.02954 846.25378
250.83441 644.59119
476.37164 709.61957
472.76443 714.64508
470.17380 721.19806
468.56146 729.47699
459.63910 757.07367
438.67340 709.50513
434.44315 708.54053
431.16180 707.36932
402.49261 694.43671
302.73798 646.98346
481.51807 519.85968
463.54825 485.55139
448.30011 486.19516
443.29837 710.45245
298.74072 699.26501
485.96698 486.35556
444.18585 782.12378
522.15674 548.35010
499.44113 530.77087
521.35822 526.49323
465.71646 574.66705
521.11340 824.26154
521.64050 794.50940
482.37576 792.79419
387.87366 743.32617
417.18228 630.17523
413.97879 765.89020
358.47992 627.59503
393.92316 651.69830
336.69025 662.49994
473.72684 821.11359
451.02798 586.46564
365.37885 761.43640
398.36188 785.68671
366.69568 717.44678
275.61414 672.82758
332.89365 722.17987
262.15891 689.61505
374.12500 679.28491
466.71371 555.23566
469.85721 615.96899
454.75916 621.17444
480.26196 602.57660
443.20700 464.10318
401.49710 446.95142
364.23181 442.63489
335.03342 446.18051
316.27310 455.90625
308.85046 490.92194
241.74753 548.04407
331.58600 524.35699
358.11288 533.18152
391.16135 535.18311
421.13635 531.33789
442.62878 525.09723
457.41858 519.10437
238.58426 547.12317
454.77884 626.58575
482.91962 560.85706
487.18860 617.38678
499.45734 627.66327
486.95132 620.63800
461.08398 632.68463
504.00076 629.75647
506.07932 634.20129
454.19363 503.15723
468.53098 508.25565
477.74579 512.51617
338.56647 480.03873
321.67957 472.22925
542.22412 551.58276
687.03290 496.86823
543.43939 631.00513
767.99939 409.81149
618.54034 520.93164
641.88599 522.02374
664.56848 519.78418
694.73431 503.09436
599.64948 516.13623
657.77222 452.69754
628.72711 455.38623
682.84900 457.47314
697.90143 466.67871
711.79565 516.49652
606.31616 805.65277
695.34357 488.29294
777.56140 505.92026
738.01813 500.26590
639.55750 602.67096
551.35229 693.60822
548.43994 705.75677
577.30750 696.65979
595.49756 700.10883
570.02332 705.06494
587.64093 705.00177
627.87506 730.36945
542.85291 620.94421
546.15503 600.47644
726.57623 455.37833
590.17444 549.21692
595.80640 614.29150
597.21118 602.80206
710.18677 600.76019
544.42358 574.10913
673.69977 436.46082
705.69025 442.30310
748.17822 371.26355
571.75647 454.31235
604.35516 466.59802
647.32684 711.62683
752.85339 708.53247
577.37915 626.06409
558.36322 632.08252
620.07001 705.10455
614.52881 705.34521
717.52771 429.05798
596.13055 623.00208
630.27802 438.43658
634.89423 421.62805
657.30383 319.33301
733.92334 394.68817
643.62372 364.22083
739.75116 444.00024
755.31519 425.52173
550.39532 700.67865
573.74963 701.37195
591.81189 702.65417
571.55457 629.67615
617.21509 705.24023
605.66083 709.11230
611.39636 705.52814
566.94604 619.60931
584.02863 706.62866
566.66071 707.36255
546.42395 708.65399
552.14081 765.20691
551.32806 732.62878
550.20343 723.28778
548.42944 715.11523
545.97803 708.60162
583.74884 706.45868
588.11279 709.30157
592.34503 713.42059
595.87939 718.59967
621.15369 678.07800
773.64270 600.89331
596.93854 706.01971
601.27429 707.34137
551.53009 640.35553
587.47992 635.14349
554.67139 636.33789
615.07593 561.52655
654.64044 575.89587
600.76953 611.86230
713.49792 340.29355
698.49664 373.30756
682.03455 419.91946
607.80237 744.33014
580.41486 426.24188
585.98492 362.14130
594.66217 308.77762
683.86060 513.70135
734.67493 530.47504
587.39203 511.30984
717.44885 477.45667
573.66138 535.45935
582.06506 607.01660
762.03149 547.52368
719.38959 547.58447
690.17407 557.38025
645.83630 555.69971
613.15149 548.07825
590.01996 539.37195
543.08203 508.29749
760.04242 593.27118
734.32843 474.68481
534.58032 631.30652
588.78546 570.14404
779.59753 502.35074
572.88989 529.40192
602.27399 612.81702
704.28149 489.56787
582.84863 593.16089
766.93011 653.93591
587.31592 503.09790
564.17383 581.43665
707.76807 758.86603
703.19739 782.32715
776.43854 598.81000
736.92938 730.95660
766.98438 462.24008
609.74884 828.20166
531.59979 635.52710
609.97211 585.66046
757.32953 500.99854
663.77258 508.54886
643.25977 511.20911
609.63159 711.58514
756.54321 637.31360
565.57031 857.45239
634.69299 827.99261
666.36359 809.23315
623.53906 510.08887
604.93475 507.07037
593.00397 505.39270
750.07355 467.56799
607.71082 478.50641
628.32184 467.37000
651.16589 465.19177
672.73297 469.68829
684.88403 477.20483
777.35901 451.12427
677.68872 503.13422
598.03131 666.22754
577.65411 622.77869
554.78015 660.16357
674.13464 785.73132
642.88464 807.05939
569.16998 842.84991
730.77435 751.29620
593.76129 493.86948
558.98358 541.57983
602.42401 844.96466
769.84070 647.13397
566.41357 707.20392
570.54681 712.11084
573.59680 718.57983
576.04297 726.88672
582.80054 756.41583
601.77905 705.03717
605.98553 703.84650
609.50171 702.55017
639.16699 693.60065
728.98419 648.14441
557.94415 520.29132
571.62097 486.36713
585.34320 487.53384
597.02142 706.16998
729.91467 699.85651
551.26489 487.28125
595.75690 781.26056
542.88007 530.91486
575.61591 574.92920
559.64423 792.42145
649.65637 742.57806
622.04755 629.84058
624.43695 764.87122
678.82361 628.15265
645.67328 651.56592
698.80554 662.97687
566.92279 820.79626
589.11133 586.46472
668.44159 760.75122
637.40649 784.69830
670.55603 716.99652
750.45508 674.29358
699.76184 722.04272
758.99060 691.29279
664.91864 679.02545
573.30475 555.53046
574.43207 616.22595
588.20044 621.24854
565.21783 602.74878
589.84253 465.70312
629.01978 450.86273
664.22363 448.41211
691.99097 453.03665
709.76556 462.70599
718.34363 495.67773
779.66772 551.98224
699.34222 526.91040
675.30090 535.35999
644.14612 537.01300
615.14294 532.90997
593.73950 526.60297
579.13519 520.32129
776.56744 551.08966
587.29272 626.48560
559.82501 561.03253
558.52600 617.62689
545.47156 627.73236
557.90826 620.89252
580.53888 632.37177
541.59912 629.76471
538.51465 634.06787
579.59308 504.39856
567.81976 509.11768
560.21118 513.69110
690.90472 483.07251
705.84460 477.10754
395.15799 484.35773
428.23053 484.22174
394.22076 455.98676
361.77762 484.22437
395.88187 512.46222
636.11481 488.92813
670.05048 488.65503
635.76776 461.75748
601.75037 489.22729
636.47693 516.07324
