514.81421 742.24231
518.37842 653.40918
516.57581 676.67920
495.60492 563.91040
518.56317 625.81152
517.81665 589.74463
515.21399 503.07593
339.56268 493.62869
513.50916 440.62476
512.92908 406.37335
511.14536 274.33826
514.46790 751.37854
513.84711 760.00775
513.34399 765.57184
513.11670 765.96552
513.14978 777.99426
512.86530 792.14526
512.29303 806.54767
515.78534 837.94470
517.76617 666.91504
491.89551 665.16248
233.35291 392.62640
410.59537 515.12842
385.38208 518.26691
360.88489 517.54736
329.08881 501.82806
432.22974 508.43378
370.16064 440.46298
400.22351 441.93234
343.82019 446.96350
327.32227 458.30981
305.96954 517.77606
417.90613 882.77319
329.54623 485.32941
218.42856 508.76605
275.83475 497.86298
386.06085 625.13489
484.11813 734.20404
486.50098 756.72705
455.10654 739.65027
435.13568 745.53082
462.99438 754.72968
444.08511 754.18713
394.66608 787.33728
496.81018 652.62811
493.72885 625.99841
293.72870 440.44275
439.89783 559.80664
435.35275 641.84692
433.25980 627.18903
307.62640 621.21393
494.70386 592.57526
353.85596 413.88803
318.76147 423.09970
261.99905 346.58517
463.58807 432.64929
426.22989 452.99939
373.56732 760.73376
236.66177 764.44275
453.94556 657.33228
473.97433 664.89386
408.38773 754.68445
414.42993 755.07703
305.79913 407.91797
432.68170 652.20795
400.51343 414.44409
396.71964 395.98645
366.82251 287.14127
282.72339 374.95587
383.39606 339.20087
277.41931 427.47302
253.45224 411.24280
484.86053 746.98065
459.08923 747.83691
439.59070 749.98547
459.20602 661.58026
411.52448 754.92322
423.07208 762.00354
417.57562 755.30908
467.55704 651.07080
447.35715 757.31818
466.17941 759.34088
488.20892 762.57294
480.97195 836.65466
480.50235 803.10266
482.18155 788.44977
484.71469 774.48602
487.78571 763.07300
447.04767 757.79028
441.95764 763.10614
436.53717 770.03082
431.87543 778.10748
403.86734 718.08038
209.16803 627.87848
517.12921 671.92212
433.07886 756.60034
428.22028 759.07159
482.25876 674.57404
440.19479 666.80206
478.25421 669.87006
412.41779 574.25934
369.80029 590.93231
427.83994 638.13507
304.55896 310.44141
324.20523 349.80069
345.68433 395.73822
416.94431 807.46674
456.36954 400.90063
443.74237 337.27417
433.27048 276.53506
340.54077 512.35242
277.32239 535.28015
446.40097 502.09952
304.05859 469.74109
458.05649 543.18842
451.88153 633.90430
242.77432 557.86353
294.91544 555.33679
327.92258 566.12903
377.19592 561.49585
413.24301 550.40900
439.20999 538.91174
491.35010 509.40570
245.15741 613.32306
282.69476 465.59570
504.40189 665.81262
441.38696 586.05811
206.97849 505.95724
459.49252 526.63904
424.73309 639.06512
319.11884 486.02972
450.50067 615.98254
217.68738 694.80994
446.24066 493.01981
472.25079 601.54974
299.25385 825.90112
299.12366 859.45667
216.24106 622.96497
264.30164 790.44800
234.85910 455.60767
411.61548 911.88660
506.49615 670.85480
417.56363 604.61591
252.22501 500.18195
364.52972 503.47711
385.70349 504.79428
418.34134 765.69226
247.62692 668.43140
460.71893 947.92273
378.95160 916.53333
342.34628 893.79364
512.21576 338.07346
515.19940 951.78003
406.68167 502.00140
427.27954 497.20987
440.42639 494.89615
262.60150 457.90991
421.83185 470.95538
398.23721 462.23785
375.60431 462.10211
354.27521 467.89951
341.78851 475.40240
215.98227 442.91675
350.05164 499.06720
516.80414 696.18927
430.04184 703.93756
454.61703 653.68799
480.40945 696.70856
514.21637 471.60492
337.62033 860.23413
372.55609 887.12085
459.63120 928.55164
265.51398 819.61975
438.72919 484.62781
475.71622 551.28992
515.16772 932.05261
417.20251 935.37610
222.64871 683.68494
465.63586 759.86145
460.54977 768.65515
456.46613 779.62170
453.29407 792.74384
445.21838 824.87146
428.82922 754.29474
424.17850 752.28247
420.17154 750.01361
383.47852 737.05267
283.46481 680.82800
475.23499 524.42432
463.94891 473.80060
448.39014 475.54935
433.33127 756.24457
278.47177 747.96118
485.92191 474.71552
430.46771 853.34418
516.98511 559.93744
493.25919 537.89258
516.14191 532.36426
457.79468 592.71857
515.51776 903.43744
515.67743 868.65967
472.26712 867.14166
370.90863 801.61816
403.06113 659.86823
398.10391 831.65131
343.45422 656.17017
378.77869 686.12372
320.09882 699.35535
463.87665 900.57520
441.43460 606.75250
348.32532 825.90283
382.12610 856.67267
348.83417 767.24878
253.42380 715.73914
314.23322 775.40735
236.43845 740.02380
357.27115 718.81818
459.29468 568.42975
460.03613 646.47583
443.44186 651.08228
471.39563 629.23846
443.29877 449.47064
401.18854 433.73627
364.22821 432.37912
334.38263 439.04553
314.43695 451.29440
300.71979 491.84424
214.01810 565.07428
320.20007 529.52167
345.83633 537.92004
380.30286 537.36755
412.32782 530.70062
436.83466 522.17126
453.85120 514.63092
206.94650 566.17694
442.78522 657.08887
476.08154 575.81897
478.15976 648.80927
490.63586 661.44397
477.81467 653.03534
448.67596 664.17627
495.97220 663.99445
497.93640 669.06592
454.95718 494.26859
467.29980 501.13031
474.99179 507.34320
334.88660 480.88501
317.92645 470.50415
537.92969 563.64752
688.40918 491.78931
541.31848 665.26660
778.02173 393.93582
624.32336 513.68304
648.05865 515.66907
670.75671 514.95605
699.27960 501.39648
603.34247 508.42197
657.13531 441.12155
628.68695 444.05716
682.89441 446.12518
699.20245 456.78229
721.89465 517.47382
610.99799 881.18030
696.76050 485.11993
793.60699 508.85883
748.24182 497.83099
642.67529 625.24976
545.44421 735.91516
540.84918 758.41083
572.43011 743.04431
589.56781 749.94421
562.88147 757.87146
579.76337 758.29791
633.50000 787.12891
539.39801 652.83154
542.32153 625.92023
731.15820 436.62903
588.79694 559.50769
596.21484 642.04462
597.61267 627.25934
718.61041 621.35950
540.38806 592.34418
673.31299 411.32202
707.36694 418.98700
753.10376 347.17465
566.64246 438.27612
604.60052 455.83362
653.91028 761.03882
772.39062 761.91711
577.38196 657.60834
557.62158 665.23853
611.74109 760.56323
605.84998 760.64905
718.63318 401.93939
597.61072 652.53522
627.59869 416.05301
630.20740 395.35233
653.11615 286.94342
736.77155 372.96057
638.35712 337.53796
744.25256 423.88068
763.27985 410.33545
543.65259 748.71039
567.72736 751.17542
584.91638 754.24329
571.52319 661.81989
608.69525 760.66498
598.25110 766.70300
602.71008 760.66748
565.41193 651.46222
575.68036 761.13458
558.80969 762.18951
538.18451 764.11273
550.81989 836.65900
544.00702 804.37659
542.99890 789.66919
541.09137 775.77856
538.17926 764.38885
575.72668 761.32281
581.22815 766.72156
586.42029 773.57703
590.58130 781.59912
625.86932 718.56689
795.43060 627.75507
588.15015 760.94110
593.26440 763.65027
550.03406 674.94946
589.10748 667.20062
553.68097 670.25049
615.51642 574.14282
657.97858 591.02020
602.27734 638.42523
713.82617 310.46085
696.92694 347.54550
679.83356 390.84772
612.29224 806.86212
572.51233 404.65039
579.04785 336.48959
587.91394 276.33054
689.15845 510.53064
748.98248 534.43481
589.08234 503.05945
722.41870 468.10132
571.12476 542.71960
580.81366 634.02704
776.77765 557.55408
734.45050 554.38617
704.21521 565.19312
657.00366 561.67157
621.71808 551.28082
595.23413 540.14960
538.64905 509.12152
775.79822 613.08734
741.41626 464.17096
530.85938 665.96448
587.98901 585.91803
797.79651 507.24670
575.09418 527.46436
604.52655 639.42126
707.88904 486.26068
581.54944 615.90417
788.13489 693.48486
587.86182 493.69910
561.41754 601.35107
721.85895 822.61169
718.78418 854.58527
797.08093 622.14972
753.36816 787.58795
779.04773 455.66891
615.78925 909.45233
527.49298 670.90222
611.28162 604.67737
768.46387 500.41742
666.92810 499.26477
647.65796 500.59763
602.78998 770.45911
772.88611 667.78424
568.96240 946.54260
646.06598 911.98059
680.01508 888.70929
627.77979 498.92325
608.07788 496.03638
594.67926 495.27856
757.84924 456.97058
610.43365 473.79190
631.34619 465.56458
652.57971 464.32672
672.92010 468.81293
684.96222 475.59662
791.58960 444.57587
679.61963 495.82764
600.66449 704.43365
577.22076 654.02771
552.67310 697.13342
686.20807 856.92755
652.07324 883.47522
570.39496 927.58673
748.02728 815.56439
594.97375 485.79968
555.53479 550.89667
610.44568 932.22791
790.12122 682.26385
558.99512 762.38721
564.11096 771.17694
567.97528 782.03235
570.80072 795.04962
585.26367 824.24207
593.06238 759.03918
597.88055 757.28180
602.10693 755.19104
645.20270 737.64069
740.61316 680.58923
554.28998 524.08923
569.36237 476.19342
584.60089 477.53806
588.15881 760.75024
743.65912 746.48767
547.19177 477.70612
598.99744 852.01007
538.54730 537.53357
573.62762 592.60156
558.77173 866.63312
656.60858 800.72607
625.79517 660.13562
630.15753 830.18787
684.50793 656.31378
650.32788 686.43573
707.01599 699.33563
567.09674 900.12354
588.80084 606.68604
678.18787 824.00305
644.66815 854.28198
678.18518 766.94690
766.77289 714.46851
710.62354 773.92834
777.74170 737.81213
671.27307 719.19995
571.04224 568.18750
573.11078 646.67310
588.30255 651.38379
562.93286 629.28534
587.71844 452.95129
627.57642 434.96460
663.48834 431.15332
692.67126 436.42401
712.46979 448.53049
725.40076 492.13525
798.92749 564.83386
709.48981 529.05542
685.53772 536.78595
653.17596 536.65948
622.23615 530.90881
597.90466 523.35388
580.82025 515.85266
797.35486 566.71271
588.01825 657.36627
556.69592 575.47314
556.55731 649.11462
543.35193 661.74548
556.24780 653.48096
581.34790 664.38489
538.72797 664.17645
535.56177 669.04358
579.72717 495.33594
567.07281 502.49664
559.26410 508.34473
691.71411 480.79764
708.77277 469.44196
385.07489 482.34222
411.86108 481.60098
383.81088 458.37555
357.74600 483.04211
386.14380 506.37457
643.67877 480.66440
669.08606 481.05826
643.24811 458.61438
618.45734 480.03314
644.27118 502.72443
