517.71350 712.62537
522.96234 625.49176
519.74280 649.57812
502.70639 551.97186
523.87524 602.73431
523.69659 573.10516
521.58569 498.40564
338.72034 494.23209
521.01721 428.94989
521.54022 393.25870
522.23761 267.44940
517.67767 719.18866
517.03430 725.27869
516.31018 729.16602
516.61548 749.43176
516.96118 759.81769
516.96515 772.79871
516.56488 785.60028
512.02307 795.21295
521.77173 637.26282
502.94467 637.80066
238.16205 380.31244
408.22455 522.93964
382.67032 525.05457
359.01385 520.88208
328.81653 501.35068
429.74149 514.76270
376.19400 428.89258
405.97659 432.89670
348.35507 435.55997
330.13281 448.86865
309.09631 515.34174
429.52185 820.09827
331.25568 483.47940
233.79907 490.41766
279.62772 494.81317
399.70245 612.58307
492.68488 708.59656
494.97220 724.98511
467.98492 717.95557
451.02969 727.65930
475.62317 728.59753
460.08502 733.60571
417.42639 762.91785
505.03940 624.96082
502.10764 603.56464
297.90222 429.20758
446.43491 552.07703
453.15942 624.24628
449.73291 612.40649
324.14334 611.15668
502.41064 575.77655
360.67844 397.43063
324.42538 408.46753
262.72015 335.57935
469.50000 419.02039
430.59357 448.27026
402.37683 742.95508
267.79971 712.37085
471.76740 636.54987
488.99112 642.23206
429.65475 744.40527
435.41077 744.12006
309.91306 392.76331
452.34418 635.64880
408.19229 398.09753
404.49445 377.49277
371.32776 277.58777
284.08078 360.65662
387.84018 327.25076
281.54678 417.42712
258.04840 396.39246
493.49344 717.79999
471.73383 723.83905
455.26843 730.85840
476.95102 640.96106
432.58960 744.33209
441.73596 749.99133
438.42642 743.87152
481.26370 625.82648
463.76590 734.97351
478.71420 730.94733
496.40118 728.88995
483.66354 794.83191
489.37808 783.61945
491.16068 770.72693
493.53659 757.79395
496.03903 748.23724
463.32175 745.80286
458.47928 750.03040
452.74713 756.46637
448.07736 763.53070
428.00470 699.47717
235.85989 594.55151
520.78998 642.75079
451.91229 744.98730
446.97095 747.14337
494.18756 650.63989
459.85211 649.67682
491.84634 646.42322
419.97589 566.46942
379.88281 583.08032
445.76501 623.65143
305.41827 300.27197
325.30298 335.94037
351.72150 377.87903
433.89752 775.08557
463.19919 383.04144
451.11707 328.38776
441.36053 268.07941
339.44998 513.56281
281.75598 531.63062
444.42215 506.91064
306.13116 463.54114
464.06512 535.98102
465.90671 613.09778
258.20337 543.56342
300.04736 550.50586
332.91925 560.76813
380.44443 559.31818
415.15430 550.40918
441.70862 538.40918
498.03116 503.93268
265.60681 597.40784
286.56152 458.93982
511.46909 636.59900
451.29581 575.37781
224.27026 484.72113
461.93481 524.25958
442.45551 625.51770
319.37509 483.91553
463.39688 599.05939
247.66106 652.67920
445.76767 497.26392
482.10718 584.54138
329.93134 771.81604
328.50446 790.56677
241.00150 596.44464
296.75989 741.85541
244.68500 440.15051
425.27219 835.06976
513.09302 641.96014
429.49539 593.55273
256.02713 498.17300
361.10880 509.25253
382.40460 513.16486
436.91373 753.34497
273.82114 645.30396
462.92911 859.04626
397.70862 832.53766
367.05511 816.01520
522.00592 330.85547
506.76981 862.69434
404.14307 511.07266
424.33655 505.42661
438.20895 501.42511
266.91949 452.63477
424.80042 468.11029
403.58374 455.35736
381.08417 452.85999
358.95032 458.56091
345.26874 468.11847
226.82266 427.48450
347.37872 501.99075
518.93457 670.55786
449.67941 684.10669
471.81543 631.78778
490.98868 673.31049
520.70746 464.43164
363.03241 797.86328
393.55795 815.97717
463.15149 850.40741
295.85977 758.88196
439.35977 485.96292
482.89798 541.75378
508.99316 853.04510
428.69235 847.66467
251.57597 649.63031
478.33316 746.85400
473.76526 754.02802
469.34024 764.06030
466.01877 775.46747
455.84979 786.50562
447.06519 739.00458
442.10803 737.80457
438.06671 736.07440
412.01840 720.15839
309.10345 660.86292
481.28024 517.90637
465.01962 471.50507
449.59052 475.65659
451.55026 739.51672
309.50165 714.26654
489.38010 468.00012
440.88501 803.85767
523.03271 548.36292
500.35699 529.57739
522.33521 524.76703
467.12616 579.33643
510.37018 837.62897
511.29468 816.14117
474.91449 814.98041
391.95566 768.77368
421.46060 644.49542
414.06458 788.96301
362.63623 641.42285
399.13596 668.83325
345.00797 679.71588
466.84003 835.62708
453.62753 593.71130
370.90488 779.87689
400.13062 800.62915
374.60898 742.69391
283.17218 684.54572
342.61331 741.38440
267.35181 697.78424
383.07651 701.62366
467.33548 558.07446
474.21213 622.35309
461.37241 630.98560
482.98401 606.53772
447.09705 442.25192
406.80634 421.59100
370.03900 418.57831
339.42862 426.33746
317.68500 441.11316
302.75128 489.81409
234.07870 543.28027
322.67798 527.40253
348.09467 536.81085
380.67239 539.92053
411.92651 535.15845
436.47678 525.70770
453.75095 516.22156
229.02295 539.21686
461.68954 638.22681
483.87570 562.88824
489.86823 622.10315
501.23950 633.27936
490.01355 626.06830
467.59747 645.42657
504.99576 635.23962
507.09232 640.95758
454.50546 497.03561
467.44791 500.92566
477.09479 503.44510
337.76495 475.72784
319.47491 464.65701
542.21375 552.17596
684.96564 496.70108
537.99707 638.08398
776.70251 387.72379
619.18042 524.34717
643.48450 526.34698
665.82263 522.36322
692.86926 503.42041
598.71826 515.83661
654.13562 436.56958
625.18011 439.34906
679.91394 442.76645
695.43115 454.77240
711.31757 517.55463
588.13861 817.96063
691.79858 486.39590
780.14874 496.46185
736.49878 496.61649
631.20746 613.41833
541.73187 708.25488
537.82666 724.76489
564.04010 716.68127
578.33624 726.47839
555.06274 728.00354
568.43872 732.96198
604.19617 761.27307
540.21478 625.23248
544.76263 603.75079
728.46960 435.28403
587.52850 552.78876
585.33612 624.37634
587.95923 612.50250
701.63513 612.94000
544.00531 575.89783
675.08960 408.55811
707.24274 417.24875
757.74133 343.16153
571.99475 428.57495
600.63409 452.61774
620.34515 741.59613
733.35254 713.40302
566.05371 636.64227
549.39459 642.37946
595.34937 744.67651
589.74628 744.17633
720.04144 401.15765
584.09009 635.65759
631.27466 409.84845
635.65601 389.76810
665.90417 283.00964
741.98901 367.75928
651.14661 332.31946
742.26831 422.88278
762.93890 403.53302
540.51874 717.57953
559.85968 723.08392
573.89514 729.94446
560.34052 640.97314
592.51941 744.52032
584.68359 750.00299
586.89789 743.81885
559.62134 626.28656
563.61194 734.39813
550.82104 730.52155
535.04242 728.69025
539.46722 794.41547
542.49072 783.23499
541.31714 770.39807
538.94116 757.57428
535.82367 748.14099
564.39545 745.49957
569.53802 749.83203
575.29645 756.25262
579.83997 763.27264
601.35907 698.85242
767.42139 598.82965
574.07959 744.69824
579.41479 747.03998
544.14160 650.86371
574.96167 649.59528
546.51892 646.68683
611.72784 567.39880
649.89337 584.51758
590.09979 623.68188
723.27014 307.35245
706.94879 342.78415
683.71765 388.72827
587.90771 773.57910
580.22925 394.95819
591.45221 331.07922
601.08765 271.06482
683.48529 515.53918
734.24072 533.80847
584.92108 507.90634
716.45477 467.35538
572.13550 536.51495
575.12964 613.51624
761.82300 547.80865
720.26282 553.63428
692.06750 564.07635
648.09900 561.38660
615.04492 551.56024
590.58917 539.52679
543.56812 504.31641
754.19080 600.55035
734.27429 462.88980
531.72546 636.73816
583.61737 575.82617
782.46875 490.81119
572.49426 525.76416
591.32410 625.50818
701.81000 486.52039
576.75330 599.34546
754.42273 655.57458
582.94745 498.06329
561.48767 584.77222
680.27924 769.73145
675.78021 788.22998
770.90723 600.15265
712.05518 741.08246
772.83191 446.86432
589.16144 832.52844
528.35358 642.12866
603.02893 594.10889
755.94489 498.81415
664.35730 511.25391
644.21967 515.10449
589.26984 753.37769
743.46637 647.44598
549.11633 857.56226
610.43311 828.97943
639.40399 812.57336
623.32520 513.00977
603.44183 506.83246
590.13171 502.47083
750.29199 455.77551
602.94739 470.82446
623.76709 459.60846
646.46570 458.11948
667.86719 463.98932
680.13715 472.85236
784.01294 434.43146
677.01648 504.31329
583.17322 683.76868
566.97748 631.99463
546.13196 673.31097
647.87103 795.04346
618.72107 812.80255
553.50073 849.05157
706.27332 758.06726
588.99841 487.36478
557.84485 542.14276
581.64020 844.83759
758.13916 651.91608
551.62268 746.58502
556.47083 753.68610
560.97754 763.58618
564.20026 774.94049
566.40741 785.23425
579.59460 738.50195
584.77704 737.24622
588.98425 735.37848
613.95294 719.20435
712.47833 662.12341
557.62701 518.49536
569.13092 474.17664
581.34375 477.68381
574.50397 738.98840
705.72668 714.18610
550.33252 471.82782
579.13751 802.03082
543.08551 529.82098
571.53516 579.73346
546.63300 814.03833
627.32556 767.23010
609.72205 644.43256
605.06531 786.94360
665.21246 642.25189
629.64764 668.88989
678.80872 680.07318
552.77875 834.59790
582.30652 593.94739
644.60693 777.72876
616.19672 798.06030
646.16162 741.86646
731.28949 685.63397
674.47974 740.41791
740.82660 698.69238
642.26569 701.40222
570.24969 558.51929
566.99457 622.78149
577.26154 631.11292
561.15991 606.84589
587.68262 447.64594
627.38123 429.77075
662.86035 427.55670
690.99268 434.17935
709.10443 447.29486
716.87152 491.98483
778.78101 548.21716
699.85760 529.92810
677.17981 538.92468
646.40961 541.34882
616.53094 536.04608
593.59631 526.42493
577.91815 517.01099
775.38306 544.40918
575.46143 638.26294
558.35284 563.16577
553.71173 622.47235
540.77380 633.64532
552.05774 626.62775
568.59198 645.31537
537.70581 635.45734
533.95813 641.10437
575.80316 498.17050
565.61340 502.22406
559.10327 505.60458
686.55573 479.75348
703.79938 468.67062
384.44150 481.61737
414.61304 480.47711
384.68304 449.38965
353.68866 482.73486
384.06476 513.85596
633.74707 480.57986
666.64667 482.05725
633.90240 447.79767
600.53308 478.94443
633.40967 513.22137
