531.68689 760.14551
533.30933 685.39838
526.87048 699.02747
510.86124 591.09930
534.53027 660.81232
533.61200 622.53125
528.85803 520.84619
341.02002 491.61343
527.80054 443.03137
528.84729 407.68427
530.44226 275.15024
531.08521 766.52893
529.39386 772.16638
527.53778 775.59467
527.00574 775.77960
527.29639 784.90485
526.67523 795.22107
524.97864 805.27338
516.89447 832.72937
531.22095 694.50928
503.97534 689.89801
258.44070 366.64569
412.90521 515.11035
388.50543 517.53033
364.43472 516.84021
331.24341 499.31342
433.67435 510.54263
377.33679 439.54669
407.18958 444.81665
349.94000 442.63135
332.07465 452.41870
313.01056 514.27893
429.08105 851.98492
331.51984 482.38666
247.50606 479.15561
287.80197 491.84793
402.15536 632.34113
501.01294 755.39868
500.70880 770.81665
470.42871 759.90973
447.68808 762.56189
475.11987 769.71216
453.84174 768.59283
408.89633 781.35187
513.09332 684.15021
510.56165 660.13281
304.69312 428.97134
451.04135 567.42828
450.47726 663.27795
448.31311 646.48792
330.23431 620.19781
510.83835 624.16534
363.63879 410.41360
328.54324 413.89246
283.57541 328.69501
472.25262 445.43378
431.61316 458.30106
392.70935 758.53528
269.65701 694.13757
467.23846 678.26721
486.16599 686.45587
414.50015 764.63898
420.28912 766.01385
319.18301 396.17828
447.79993 670.76935
410.30902 419.57806
408.34106 399.07736
385.13379 283.04279
302.37537 363.18271
400.10809 339.54758
293.59326 415.15509
276.64999 392.58850
500.60910 764.13623
472.67789 765.04083
450.55823 765.55457
472.00812 682.04041
417.52435 765.35809
431.09436 772.04443
423.30499 766.63263
481.90958 676.42999
456.51315 770.92029
477.39154 772.86761
501.25394 774.69458
484.87357 831.11194
494.51871 804.01984
496.52640 793.68628
498.65588 783.65521
500.54709 774.87292
455.75366 770.77002
451.81366 774.19543
447.28580 779.20538
443.40195 784.79907
422.74582 726.91949
240.71024 569.76428
529.20374 696.98651
439.89853 768.89453
435.54843 770.29950
494.69302 695.83081
454.23483 683.07544
490.57941 691.32324
426.00595 579.83881
386.88184 595.70789
443.09024 654.70172
323.15207 300.01559
341.22668 344.16290
358.17401 389.88693
428.92191 800.34613
467.47559 412.60742
461.40643 341.64307
452.17929 275.72879
343.12671 510.79184
287.85181 530.41443
447.28091 505.74420
310.75491 462.07031
468.74115 553.44598
466.90146 659.34576
268.77380 540.58203
302.42926 552.11853
333.37561 565.30725
381.15170 563.04761
416.35126 553.36023
442.10928 543.62097
505.01736 525.72351
273.48883 595.09521
294.47214 457.13538
518.54132 693.68756
454.18634 597.44800
235.93982 461.93689
462.26266 532.76208
439.38751 651.64581
321.37070 482.08008
464.95511 638.81451
250.92593 629.69788
446.58670 496.47614
487.45502 629.12811
329.92395 778.48041
327.88901 793.40149
249.01904 584.10010
299.29861 739.38953
260.73944 431.69678
424.25009 869.23773
518.88330 695.92957
431.46527 613.43329
269.39191 492.83942
366.88095 501.90399
388.48102 502.81763
426.91791 774.13489
279.07843 642.60315
463.54309 897.92834
395.12646 858.03503
364.95279 831.47333
530.35193 343.24701
509.52618 902.23450
408.90906 500.44821
428.29999 497.61877
441.01639 497.19724
280.14078 448.74182
424.43149 475.40228
402.48004 465.77747
380.07639 463.49310
358.18680 467.02164
344.72095 473.35748
243.33905 408.85583
351.56818 497.58594
525.53149 716.07092
446.30865 717.75409
468.38983 676.08221
492.09134 716.40369
527.28107 479.23898
361.51498 814.03125
391.83133 841.37482
464.03336 889.69788
296.62790 749.67670
439.70370 488.52301
488.74564 570.38702
511.64960 893.54871
427.28604 881.86182
258.00232 637.55444
476.63501 772.82507
473.02579 779.23071
469.67532 787.24438
466.97333 796.66919
453.62015 818.25732
436.17313 767.24701
432.36118 765.43475
429.42322 763.67603
404.11160 741.07178
312.38373 666.52875
487.05331 538.04285
467.82312 481.93341
451.36761 481.41882
440.22668 769.10364
309.92578 716.89026
491.55832 485.20197
440.14236 833.59326
531.92859 588.41656
507.64688 560.49115
530.42291 556.33801
470.64267 611.20728
513.66980 876.27563
515.17822 852.87787
476.70789 850.35040
387.41559 785.64453
418.41443 668.68494
410.87167 811.90778
364.98843 658.77643
397.29132 691.08862
344.92612 692.93390
468.45709 872.95044
454.82227 621.45953
368.16660 796.76367
398.24191 824.95880
369.59747 756.05688
286.51456 681.75195
340.20117 751.34766
272.43848 688.35791
379.28568 718.48010
471.42545 583.42560
474.90952 672.52411
458.04071 673.17633
487.64044 659.42926
449.25336 457.78052
408.80231 436.89819
371.57193 429.80560
341.33276 432.38928
320.43820 442.78839
307.44263 486.88269
244.77649 531.40527
325.22092 527.45386
351.12653 537.37073
384.32745 537.91449
415.32956 532.47455
439.16577 525.97516
456.06693 520.00012
236.71120 514.19574
457.09656 677.12836
490.10352 599.18994
494.01138 678.55518
504.00616 688.06641
492.14099 680.02374
462.39377 682.89307
510.16043 691.56671
510.33203 693.97314
455.87109 499.02704
469.83707 507.90179
478.37833 514.99359
337.11743 478.43152
321.59760 464.62317
551.22705 590.58997
680.21643 484.21823
552.81384 688.68097
754.32300 366.76990
614.28302 509.14066
636.02338 511.37891
657.90979 511.00916
687.10571 491.87070
597.02344 504.93604
656.14331 437.32050
628.95294 441.40601
679.37146 440.98151
692.79712 450.10864
703.23999 507.74545
588.98700 847.09473
688.84656 474.59039
755.82849 475.84012
727.95471 483.07700
634.24750 629.55481
559.12921 752.35016
553.49475 767.97461
580.91949 752.58313
595.34369 752.86609
572.58582 763.92371
587.30237 760.61121
614.98871 776.52722
552.26355 683.33099
556.84766 659.34137
724.62317 426.69168
590.39404 565.76056
599.90851 660.78534
600.24084 644.21729
694.84143 615.87817
554.67517 623.45471
679.02789 412.20633
707.58746 414.32086
741.91022 329.56216
579.36182 447.25058
605.52112 453.86859
631.79852 753.30957
698.05078 685.69812
582.84705 675.98914
565.38281 685.10022
616.94641 752.79352
611.48328 754.83997
718.97522 393.83246
598.93079 668.26495
637.59888 421.69873
642.52283 399.95532
665.36383 284.04224
732.45520 362.11749
653.90436 339.08594
735.92249 409.67902
746.85284 391.48734
557.16565 761.25598
577.08270 758.63452
591.75055 756.66992
577.39111 679.91235
614.11975 753.86438
603.31036 762.23462
608.56512 755.89337
574.70270 674.53119
582.94391 763.71948
567.92999 767.80719
549.61334 772.14349
546.08081 829.85785
551.45349 801.06641
552.49219 790.75427
551.58282 780.83832
549.30914 772.28528
582.86987 763.66309
587.00476 766.80475
590.90161 771.34888
593.48969 776.71991
613.15735 723.63208
733.10828 564.83630
594.73187 760.22321
599.26678 761.07251
557.16156 695.09973
590.34259 680.79327
561.20038 690.36871
611.65594 577.80450
647.53113 592.96393
602.14355 652.41211
715.09888 301.09772
703.64117 343.37457
687.21802 389.17273
596.50354 796.36780
588.35315 414.11823
597.63818 341.38174
605.65826 276.30417
676.44336 504.30576
724.66833 524.43573
586.50763 501.04819
711.21252 457.24747
576.67285 551.99048
589.36066 657.28278
743.41321 535.95038
710.23718 548.77576
682.63135 563.69867
640.68469 561.14197
610.75879 550.70081
590.31506 541.41577
550.05444 525.13904
735.98389 589.64978
727.66754 450.99292
543.26697 693.06451
589.42834 595.86371
753.12012 459.33673
575.03101 531.80737
601.81360 649.45837
696.94037 474.53003
588.98334 636.93018
718.24603 623.01440
587.76666 491.22467
572.89722 627.84442
664.53967 769.68188
654.10687 783.81598
743.49597 578.33496
688.37744 730.76770
752.54248 429.79324
589.00281 863.60486
539.23108 695.49188
607.71985 611.41388
744.27533 482.72726
657.19537 495.59375
637.50104 496.75275
606.65613 763.96423
723.76501 636.49030
551.55597 894.69812
605.22162 850.31628
627.13428 822.43018
619.10364 494.26938
602.06824 491.45001
591.75128 491.52829
741.11157 439.65558
608.45770 468.25122
628.75903 458.04547
649.90125 456.30164
668.96515 460.23169
679.44611 466.48242
758.07092 407.76523
670.79047 490.78873
595.16229 715.41705
583.52405 673.89526
557.72491 715.45074
638.44830 805.58746
614.26532 834.04279
555.38336 886.53809
676.35785 740.26624
594.36407 482.63831
565.23798 569.44531
581.47424 876.13440
728.41443 630.63654
567.78503 767.83032
571.48798 773.90405
573.85760 781.64294
574.57019 791.13025
574.41754 815.41113
599.51965 757.59821
603.60181 754.98730
606.93573 752.63660
626.05194 736.91327
701.04089 661.02100
563.21832 537.14368
574.03326 478.57474
586.39417 476.83121
594.56378 760.35767
691.13977 709.58801
556.45544 485.48022
581.88495 829.64374
551.11060 559.86877
580.18384 609.93036
550.15625 848.34100
629.65424 779.70929
618.88550 665.79474
607.52258 806.51611
664.94385 654.90759
635.87646 687.66168
676.15875 687.88641
555.11615 870.30298
590.72961 619.75110
640.85327 789.20569
614.63519 818.41333
648.77087 750.19678
710.68207 674.77844
668.19104 744.04205
711.23395 680.34662
647.42651 714.26215
577.03925 582.16760
582.15125 670.35394
593.16162 670.77240
574.83081 657.78577
593.46082 455.29449
631.68079 436.16159
665.18988 430.66113
690.74921 433.09167
706.16058 441.64978
709.81555 478.91190
753.02063 526.81488
691.23273 522.27930
668.39148 533.31238
638.62372 533.55243
611.70618 527.56549
592.44653 521.47491
579.44006 516.38538
743.42932 510.71600
591.38141 674.64709
567.11664 598.19092
568.02094 676.70227
554.96155 686.67993
566.79932 678.26654
584.83984 680.65454
550.55560 690.52393
546.88135 692.97339
580.50842 494.82474
569.56793 504.99545
563.40198 514.82196
685.00800 471.12311
699.56232 459.96527
383.29080 477.80984
407.95526 477.66364
384.15707 455.14648
358.31168 478.00925
382.33966 500.54279
639.80499 472.58163
662.11707 473.08426
639.91864 449.69421
617.49817 471.95126
639.78845 495.83459
