503.16592 674.77930
494.71964 581.53271
499.27750 612.62445
478.54605 521.78864
494.09048 560.42853
495.53586 536.78973
501.30161 481.10431
341.71039 494.02243
503.34430 430.86267
503.79285 401.40756
509.22482 304.88123
503.11673 682.14917
503.01352 690.20532
503.12927 697.26019
503.96146 711.39026
503.97516 720.99670
503.97964 733.62097
503.90146 747.43842
505.12909 768.81238
496.37756 595.08899
482.05701 599.05096
251.56006 414.02350
405.82523 519.51709
381.62955 520.60345
359.14490 516.30481
331.72461 499.95215
425.56122 511.85065
374.14386 433.80707
401.66638 437.33716
348.83411 439.81567
332.43872 452.37448
310.98898 512.22888
417.85895 801.10278
334.79053 485.00824
239.97498 508.15186
283.57117 494.64368
390.71097 590.18878
484.22348 672.69470
487.24640 690.87018
466.85236 684.64331
456.11472 696.71411
474.97650 696.33752
465.91711 703.16870
407.53845 736.50403
477.10950 581.63782
472.97974 562.15039
298.87897 430.63776
436.57349 535.29871
434.28308 589.43817
432.47470 580.85675
319.95139 594.50122
475.33652 539.81396
354.31830 397.84558
322.09735 409.67908
273.53244 370.65469
456.58224 418.68512
424.81592 450.89972
391.10593 718.27258
264.94870 726.04346
453.79736 600.50787
470.86841 606.39307
448.72269 715.76727
453.81094 715.08423
307.77411 395.58649
435.89368 602.17114
397.87714 398.32379
393.59225 379.49539
370.14648 314.65329
289.46848 384.97372
382.39856 349.58658
283.14642 421.27399
266.59116 420.57581
485.26382 682.35474
470.73682 690.77881
460.69287 699.95886
459.82217 605.39087
451.42484 715.41565
455.92792 718.49023
455.91748 714.70117
460.00107 586.96075
470.08978 705.27966
478.55368 700.18890
489.44070 696.95557
475.77643 766.65155
483.62323 744.69934
484.98022 731.17975
487.11142 718.91266
489.75369 710.21124
469.77966 712.54102
465.67474 716.46985
461.15070 721.95465
457.11926 728.73248
412.83963 670.00836
243.39023 616.37506
498.08762 602.97736
463.03732 713.93445
459.70755 715.89325
475.32697 615.14703
445.23730 617.37384
473.32794 610.81604
412.14996 549.85400
373.71335 565.77301
430.48245 593.06830
311.01846 336.40964
325.96661 359.91315
344.92078 380.18491
423.85782 747.63190
449.31403 386.05490
440.22849 349.55850
433.98862 305.87878
341.34155 510.27420
285.03931 526.87164
438.66333 503.95251
308.76044 465.16547
452.53268 519.27063
444.50494 576.34570
258.74976 545.57019
301.42563 542.08044
332.06311 549.50665
377.25613 547.79749
410.65579 540.20056
436.00949 529.18683
479.93033 486.81747
263.62604 593.15961
289.15472 460.56793
486.52756 594.72070
438.74316 553.46179
237.14441 514.51971
454.77054 516.12549
429.94281 597.75195
322.98730 484.83347
444.01282 566.16711
249.43756 670.64856
440.11227 495.67261
458.61679 550.25281
314.34857 763.95630
314.28326 792.86060
241.30676 604.60327
285.06430 738.72278
253.02283 461.64417
411.39471 824.61951
490.77048 602.48932
419.35980 571.96515
261.93719 498.65060
362.23932 506.84830
381.96729 510.87646
452.15515 722.02722
269.21957 638.91736
456.09863 860.87207
382.89587 830.96735
350.65796 815.07715
505.81610 351.76917
509.22058 868.17120
402.29315 509.85861
420.76938 504.76611
433.10544 500.11023
270.57089 456.40915
421.01871 471.12445
400.96527 460.76498
380.10449 458.60773
359.82062 463.36591
347.35974 471.49625
240.28671 459.38586
349.69016 500.57806
499.51978 633.77045
432.61267 651.83466
452.43335 594.78552
471.91910 637.10144
502.98987 458.40326
345.96738 787.62939
377.49896 805.41382
453.09283 840.64856
287.39975 766.63635
434.35294 485.89447
465.01996 518.41675
506.65176 847.56213
416.42688 846.57672
247.89499 654.90973
478.43134 710.83429
474.28421 717.39160
470.33734 726.42279
467.39517 737.73090
446.54901 758.14441
459.07477 709.57397
454.42413 708.37567
450.20526 706.85809
398.71381 692.91614
302.93082 645.64172
466.77701 501.09094
456.67337 470.05392
443.20526 475.35532
463.35745 710.16394
299.23712 702.60559
478.04349 465.05774
431.06592 779.53937
497.56708 517.86096
478.87454 505.02814
499.43054 499.91443
450.49371 551.92218
505.41769 822.01562
505.16269 793.74512
466.68878 790.19269
378.91669 745.49530
410.27127 617.87396
402.39130 765.12781
354.51697 618.65082
387.65924 642.60797
336.24866 658.28253
457.11435 816.45514
439.37537 567.38306
355.97180 761.97137
386.25763 782.52222
361.63593 720.28638
275.41580 677.94031
329.38629 724.30725
259.92728 700.18134
371.12289 676.83655
452.54306 535.58142
452.27643 583.48804
442.00116 594.61890
457.51248 567.24634
438.66620 442.24222
400.23492 423.21045
366.22754 420.81500
338.42572 428.69501
318.89166 443.45752
305.96863 489.81244
237.49509 555.71790
323.76535 522.17114
347.28418 529.44727
378.48566 532.41876
408.52151 528.69452
431.74353 520.01807
447.65851 510.83020
240.67639 565.80249
444.25787 603.07465
463.08633 534.04980
464.72284 580.60034
478.99100 593.21777
467.58203 586.19128
451.59061 611.21533
481.18719 594.07770
485.43945 601.76953
448.02469 494.58923
460.02686 496.73987
468.31918 497.42194
340.47476 478.12653
322.59784 467.09186
518.13184 522.54224
684.32477 504.40369
516.36554 598.90973
802.84631 425.93228
613.27637 522.85449
637.39954 525.51709
661.57941 523.54962
695.03455 510.09784
593.75500 515.00708
651.57349 445.26868
622.89691 446.30203
678.22217 452.59137
695.70856 465.19446
716.87408 523.11072
598.35730 809.10950
694.21851 496.42767
811.21240 521.29474
749.43835 506.39517
624.18079 595.38593
522.64282 673.70673
519.60004 691.66455
540.93585 686.92914
551.83917 699.46722
532.54626 698.02783
542.35046 705.35986
605.49042 741.96918
513.65979 582.01300
516.45361 562.79700
732.73364 447.02051
577.65021 538.07294
568.77173 592.18353
572.42395 583.82233
704.67957 603.33301
517.10168 540.57788
668.81287 415.65451
705.58661 427.16840
771.27014 381.56509
558.97113 427.67706
598.41998 457.29425
620.91650 723.86786
788.68701 740.29437
550.01843 602.09161
531.86005 607.50189
560.63934 718.31146
555.94934 717.45367
722.28107 413.78470
569.51300 605.28827
621.87872 413.42993
625.96240 395.52985
657.09937 320.59598
743.77527 397.25922
636.45856 356.42892
752.67419 437.34210
775.52563 433.77057
521.68756 683.24237
537.13757 692.75928
547.60376 702.34326
544.41248 606.97809
558.19550 717.93817
553.77325 720.87366
553.82874 716.99298
538.96851 587.51709
538.18011 707.21368
529.03131 701.60785
517.48334 697.73846
534.86487 768.60339
524.66266 746.28656
523.33331 732.53638
521.26025 720.20654
518.68066 711.16370
539.52472 714.55591
543.97687 718.76135
548.49200 724.51312
552.32733 731.50879
593.55646 673.81830
819.29822 630.43585
546.30194 716.06805
549.94928 718.15564
526.08929 616.25507
561.88092 620.42859
528.72137 611.93945
604.33386 553.93042
645.47888 571.82520
576.26996 596.50470
724.77985 345.31863
699.49097 370.60663
679.52655 398.71158
588.67212 752.95056
566.72052 397.38632
574.45239 352.61667
588.06531 308.69040
682.46393 519.30273
743.48560 538.53595
580.59546 507.71857
721.24792 478.18433
559.63953 521.19452
554.33716 578.12079
780.02869 557.60010
723.56812 553.92078
688.96460 559.71704
640.21771 554.13458
605.68652 544.05499
580.08551 532.51892
524.94440 487.67230
773.50159 605.22180
743.88812 474.82675
506.99728 594.77258
572.28955 556.28107
827.19763 527.35425
560.66858 519.70276
579.89893 601.42706
706.21277 496.15674
557.27295 568.28052
809.66962 685.02380
580.57294 500.00580
537.74036 551.68329
717.78113 777.79797
724.78320 807.36768
808.55072 618.50061
752.87994 752.63672
795.22791 474.35889
607.66803 834.40027
505.98367 602.43079
593.98590 575.82007
775.72296 509.28549
658.70422 514.52509
637.37292 516.41614
557.34692 724.43713
767.71326 651.07001
563.81689 866.19275
646.05872 843.15869
682.81232 828.84521
617.56390 513.90289
599.34637 508.18427
587.26697 503.88660
767.70306 469.64645
601.29926 475.74994
622.38641 466.47659
644.78394 466.48831
667.03497 473.16129
680.31726 482.27484
820.44800 471.75897
673.54883 509.93484
572.06598 654.81201
550.17731 596.16675
528.51660 638.18848
681.80383 801.04443
646.44305 817.91333
560.97321 845.86072
758.62720 781.02936
586.83704 490.67383
539.53998 519.75391
607.31201 856.13757
800.13525 669.09418
530.48120 712.45123
534.86755 719.44574
538.69354 728.72119
541.86456 740.32104
564.98291 762.08636
550.00220 711.85095
554.37878 710.83038
558.29510 709.45886
610.07153 697.61670
725.12463 655.72363
541.94775 502.48676
562.60840 474.53021
578.31195 479.99094
545.88562 712.30902
731.07770 714.00616
536.60822 469.37506
583.11499 785.66431
521.71704 505.75281
554.27850 554.06366
544.35120 793.38354
637.66589 753.70258
600.89722 622.34644
613.78033 772.90198
663.42133 625.74188
624.24585 648.12628
684.52448 666.90265
554.25580 820.74005
569.05365 570.09900
666.49982 773.06274
633.56628 792.77625
654.48914 728.44873
760.78088 690.27393
694.51703 734.98950
784.77502 714.33557
642.22119 683.47968
555.51752 537.63300
546.15668 584.52856
560.48218 596.73877
536.38947 568.29456
581.59796 449.89233
621.59070 435.16766
657.45648 435.09238
687.85803 443.32361
709.68109 457.89444
724.53430 501.14102
813.29712 569.22455
701.50232 532.39258
674.36255 537.82593
640.46295 537.81641
609.61719 531.88037
586.67950 522.70892
570.55499 513.73395
824.02612 579.03973
559.91162 605.44971
537.09509 535.39282
529.30457 581.11627
517.33160 593.18170
529.22241 586.44543
553.77521 613.59247
513.53540 594.06714
512.16327 601.79822
571.94080 498.74310
557.87915 499.92572
546.59717 501.24918
687.86554 489.47150
706.43811 479.37717
396.12537 482.06662
428.38153 481.28311
395.33350 449.75916
363.02325 482.57028
396.80283 513.83533
633.03076 486.90234
668.98822 490.09354
635.88324 456.52106
597.39252 483.59644
630.31812 517.21490
