486.36877 747.73822
504.91318 670.53503
505.59781 687.35303
485.26569 573.91150
504.91782 643.00360
505.30115 603.97644
506.57358 508.79993
337.01440 489.94040
507.44754 451.89221
507.90057 419.65225
510.19919 289.19403
486.56659 756.26648
487.92361 764.24768
490.03690 769.15540
490.06430 768.55975
489.05188 780.29053
488.67859 794.46655
489.47720 809.34277
504.65726 833.07446
505.23318 682.22095
477.93988 677.03119
259.54630 393.24014
413.05505 513.59125
386.12070 515.70782
360.73877 513.96979
329.25864 497.65027
435.43082 507.49719
370.32440 442.49646
402.32007 445.37860
342.61530 446.95282
325.93469 456.52911
310.94495 512.86487
410.98782 877.73645
328.47095 481.43719
243.34439 501.91959
285.45572 495.22464
385.84238 622.57751
455.87518 741.53259
461.43600 762.12280
431.12698 745.99396
415.52783 751.45825
440.97818 760.71924
425.93787 760.50433
389.39200 778.47998
483.25089 669.12817
480.44229 642.06409
291.44788 440.55994
438.01727 558.79468
423.35663 647.43225
423.49225 631.01251
316.43225 613.40790
482.90460 605.85205
347.08185 417.30707
312.87909 424.87006
282.99200 352.11136
460.84082 439.34143
429.76349 456.25629
368.85040 753.60266
257.62802 744.63721
440.42639 663.67853
460.51065 672.43903
397.74786 760.86163
403.68793 761.45599
300.67743 410.33240
421.23474 655.37219
395.75601 420.05109
390.06720 402.11749
375.96045 299.79382
298.57721 383.06573
389.29437 351.47211
278.88632 429.67468
274.63922 415.31378
457.73474 753.15558
435.75558 754.00281
420.33093 756.13116
445.61194 667.35913
400.68719 761.18555
409.88409 769.05438
406.91635 761.81482
454.62933 662.46863
430.93640 763.77271
445.98676 765.21991
465.71564 767.39087
471.11533 830.89429
459.77060 807.33606
460.21011 792.16681
462.54529 777.98083
466.31467 767.12500
431.43079 764.63135
425.97668 769.87866
420.55289 776.92303
416.62103 785.10876
396.71106 717.46460
238.30246 611.91412
505.37183 685.32568
420.43256 763.61761
414.96683 766.07587
470.08215 682.86371
429.34949 668.74799
465.37619 677.87634
413.52603 571.69806
374.35303 586.89008
418.66855 640.01624
319.40851 319.75290
334.90778 360.58929
338.42908 399.69855
410.53772 798.73145
450.70975 408.90356
445.60995 350.38599
437.34222 290.61472
340.27814 508.24631
286.46667 528.95819
449.82886 501.60129
304.45746 467.42380
454.60269 543.95032
439.94266 643.74463
261.57474 549.85297
301.16812 547.34131
331.37421 558.07751
378.96130 555.22070
414.45044 545.48126
440.09314 534.83484
484.51346 514.13300
262.25366 602.29913
286.87000 464.79486
491.14697 680.87762
436.67905 586.80182
238.38080 496.76495
459.22882 523.19977
417.36060 638.69006
319.56094 482.62469
440.41318 623.44623
243.68964 676.24634
450.90674 493.17291
461.46115 612.34106
302.97687 810.91028
305.17224 843.95087
239.73242 609.37549
275.31378 773.14661
258.60904 453.83276
403.23608 909.85681
493.80106 684.01770
414.62823 603.45062
267.35526 498.04343
361.96136 500.97955
385.15955 503.24689
405.87848 772.67316
262.93463 655.17511
449.46283 951.21960
372.55267 911.84351
340.50549 883.66315
509.18433 352.19595
504.30991 956.30872
408.45044 501.42371
430.40765 497.39056
444.39526 495.17126
272.68860 459.03522
426.55472 472.93475
402.40994 464.27423
377.64923 462.24863
354.19012 465.92242
340.75058 472.19009
245.55386 438.45032
346.89233 495.89093
505.75143 704.57385
421.23566 706.10657
441.13483 661.54883
468.75830 703.61084
507.17068 478.26675
335.41571 848.99896
367.67331 880.36310
448.86960 928.83875
279.45294 800.76129
443.12662 485.20361
468.30389 556.73981
503.60281 934.10889
407.47482 935.71631
244.66550 667.46771
446.60611 765.58655
441.18005 774.26807
437.17630 785.38251
434.88879 798.81458
436.95157 817.62274
414.59747 760.67511
409.30164 758.47058
405.14954 756.03479
377.40366 733.42108
292.59967 669.61932
470.14493 527.46057
466.36429 475.42957
452.55328 477.04333
420.55930 762.77856
285.67233 733.59247
483.54001 476.49420
424.07065 845.83783
505.65854 570.89050
484.38828 545.05859
506.06845 540.41736
450.04868 597.54163
503.59644 901.88989
504.08127 864.38934
463.44974 861.65717
366.66760 791.35638
397.88553 657.75128
393.04340 822.27051
345.74646 650.67786
375.58551 682.26727
322.41522 690.64282
454.06165 897.52332
434.55692 608.99518
345.05389 814.96857
377.45291 848.64624
346.03644 757.60962
266.11597 700.85278
315.18243 762.93353
254.64841 722.32397
354.32861 712.29590
453.22516 571.40387
447.10468 657.67603
430.28864 657.94379
458.79620 642.95227
444.95551 452.88287
399.78003 437.09586
360.36151 434.44736
329.90137 439.42120
311.01703 450.11597
304.94330 489.07776
238.37585 554.71539
323.16101 524.09430
348.25580 532.58240
382.11401 533.30261
414.72818 527.82233
439.45844 520.07983
456.32947 512.99188
237.79227 553.49078
430.02612 661.93988
467.08636 583.68848
464.63223 663.49548
476.95172 674.87537
464.32785 666.08405
436.36725 668.05865
482.52145 678.45154
484.53201 681.45343
458.91031 494.25650
469.50400 500.42151
473.97681 505.40833
333.69302 477.10715
316.93481 467.73608
526.22369 574.08496
676.10089 490.72079
533.84882 677.05847
767.73059 395.03745
606.59393 513.12238
630.88354 514.77905
654.67511 513.96753
686.21350 499.36658
586.35956 508.29977
645.57678 445.03021
616.60461 446.67975
670.62280 450.76178
686.17615 460.99335
706.69495 516.06750
598.05518 879.43109
685.55646 483.56818
783.55847 505.05847
734.33215 500.51505
629.87811 623.75720
521.21527 741.25269
520.63068 762.02539
557.43707 746.42609
582.86920 751.98840
550.39783 760.95331
574.44226 760.82617
623.78088 778.37781
526.92877 669.19336
529.28448 642.12885
715.85309 448.68591
578.15869 559.39343
590.21436 647.58972
590.50494 631.25732
701.41626 615.63110
527.76276 605.90771
658.69983 422.69617
692.53796 431.97742
743.09369 353.50925
552.52478 441.55316
591.66467 457.11377
645.12146 753.36548
770.77283 749.19952
573.31824 663.62231
552.46796 672.45215
617.91895 761.07861
611.80200 761.69879
704.26367 417.57056
592.88776 655.53558
612.84283 423.53677
616.58356 404.62173
647.31268 300.27124
724.10968 385.06189
630.84637 352.72330
729.43689 437.36832
749.76343 417.87292
521.01056 752.85022
553.67468 754.28540
578.52521 756.46039
567.85333 667.29688
614.73364 761.41913
598.61707 769.01324
608.27325 762.07355
558.09558 662.49127
571.69098 763.87671
547.80530 765.24634
520.40662 767.30505
538.36096 831.32739
524.40021 807.22382
522.17615 792.06384
520.76294 777.87244
519.54578 767.00513
570.87488 764.63251
575.13269 769.70959
579.99921 776.67651
584.25354 784.73370
616.67535 717.41119
792.93018 616.45209
589.23242 763.78125
593.60974 766.10895
542.39532 682.92554
584.90936 668.95282
547.38544 677.96704
603.03796 572.60809
642.59729 588.33514
595.91003 640.41571
705.56165 320.71384
686.45117 362.41626
666.14581 404.46893
601.07623 799.24915
559.65308 409.36658
573.75604 351.07132
584.47394 290.81992
674.73828 509.16107
733.45691 533.02502
573.37048 503.37952
708.01294 473.24677
561.02216 544.35876
572.31348 644.06885
761.57202 553.12445
717.31055 550.58295
686.43103 560.25378
640.02545 557.55316
605.40674 548.17053
580.33478 537.97491
529.07263 514.29163
759.94531 605.78290
726.83832 471.52454
519.38403 680.87885
578.59460 587.24341
792.41077 499.53174
561.10138 526.33014
598.04944 639.07770
694.98022 485.75513
572.42950 623.74597
787.15320 681.18823
574.03302 494.84131
549.83655 612.61499
714.81598 814.20801
714.76489 847.59534
786.75635 613.73169
745.86218 776.77771
767.04370 456.42487
605.58020 911.86609
517.16199 683.96582
601.15094 604.21539
755.28430 503.62268
651.25000 499.35812
630.33801 500.88397
603.46808 772.57007
759.26514 658.80432
558.93713 952.02502
639.91760 913.98340
675.44354 886.58777
610.25983 499.43668
591.11877 496.84265
579.17334 496.11255
744.01208 465.22369
597.28064 472.98834
618.79327 463.34247
640.79785 461.55096
661.82208 466.17114
674.13202 473.53940
783.23157 440.44763
665.77350 495.52945
592.34283 705.91101
572.41492 661.54565
543.54626 703.60065
679.08069 852.06378
644.05219 883.05481
558.27356 929.95679
744.82947 804.62482
581.53033 486.60095
545.02521 557.00702
602.21588 937.10022
781.36731 672.06183
546.86389 765.49658
550.52960 774.01147
553.83783 785.03162
556.90460 798.23352
573.25031 818.14191
594.64868 760.87579
598.89697 758.70959
602.75684 756.40411
636.24744 733.15979
726.16815 672.34674
544.41730 527.83588
555.55750 476.62476
570.99329 478.24341
590.17340 762.98694
733.45197 736.41089
534.82349 478.30566
585.58594 846.94867
528.01428 545.15198
563.35602 598.07098
544.85510 862.28619
646.29645 792.68970
617.22864 658.30243
618.28479 823.50806
670.11304 652.37866
639.03387 683.16504
694.02478 692.69751
553.18250 898.49103
580.17987 609.30768
668.63153 817.20142
633.91132 850.65515
668.10870 758.93030
755.58093 704.30322
700.80664 765.28552
769.85950 726.53638
660.38110 713.30182
561.04919 571.85132
565.35376 657.79028
583.11743 658.05640
552.13062 643.17371
573.64343 454.93457
614.21753 439.91391
650.27533 438.19586
679.18719 444.37689
698.40381 455.93762
711.28583 493.52686
788.13690 558.55914
693.32434 526.50366
668.34363 534.17938
635.74792 534.33142
605.13483 529.04102
581.90424 522.10413
565.97400 515.23676
793.60046 557.03711
583.59637 661.96698
545.04950 584.01135
546.42413 663.63763
534.55444 675.07642
547.62744 666.39142
577.44702 668.03741
528.37848 678.53534
526.69965 681.40417
565.39429 496.21906
553.27936 502.29004
546.10229 507.94403
680.81616 479.19452
695.25269 472.37924
384.32904 481.22321
413.38538 480.80942
383.82312 458.92172
355.43478 481.49536
384.72394 503.34616
636.80463 480.98135
665.36975 480.41614
635.77325 457.59338
608.12292 481.30725
637.96515 504.40683
