517.79596 708.80804
511.16824 625.08643
513.53125 648.92523
493.18402 551.81860
511.05746 601.70477
511.85284 572.13190
515.05573 501.49951
344.31418 494.82285
516.12579 437.30548
516.56799 404.35144
520.26685 294.46854
517.81427 715.50024
517.69739 721.36743
517.81073 724.96600
517.51001 724.81104
517.66931 733.27417
517.66730 743.40961
517.59808 754.46741
514.61346 780.77875
511.90219 637.34930
493.12811 637.09808
278.89648 405.64835
410.11407 515.55591
386.15530 518.45441
364.16617 516.89075
336.00653 502.13934
431.58475 508.94498
378.70038 440.84674
406.74261 444.89862
352.57651 444.69385
335.54050 454.98883
319.65112 515.32050
429.91922 818.86108
337.00641 486.99289
266.02368 506.55057
297.82025 496.02686
396.97742 608.60803
489.79922 705.16730
491.69724 720.58588
463.12097 710.82507
443.07391 715.79218
469.37076 721.10010
450.30502 721.85309
410.24835 740.36688
492.46487 624.39911
489.00775 602.09644
308.19293 431.01599
446.45743 553.11475
442.18701 619.94684
440.66492 608.45679
325.59155 605.76727
490.78360 574.66010
361.13049 406.33737
329.32343 413.45422
296.70673 362.93906
463.76965 430.25122
430.62244 457.10733
391.24393 719.21405
294.34296 719.68054
460.16418 632.56482
478.87445 639.49768
414.47650 721.96722
419.72287 722.50116
319.79218 398.15314
441.90463 630.09711
404.53290 410.04932
401.85400 390.92932
384.04837 306.45059
307.62683 381.75681
394.87485 348.12238
297.94693 420.48053
288.10663 416.50955
490.29996 713.97498
466.10718 716.34375
446.45560 718.88068
465.80328 636.80896
417.15173 722.23584
429.59222 727.19275
422.80807 722.80878
469.79401 624.35907
453.42853 724.07556
472.14780 724.15002
493.43491 724.36017
483.86945 779.26086
488.10339 753.22272
488.88126 741.94165
490.45920 732.10040
492.83771 724.25519
452.46722 723.89331
448.22681 727.12939
443.75732 732.07013
440.37549 738.25452
416.66867 685.50085
271.18637 607.63611
512.63123 642.87170
438.44946 723.56494
434.04480 725.09430
485.35684 648.38751
450.24475 643.30524
482.32248 644.05035
420.80011 566.21368
380.86404 580.43207
437.27325 618.61725
329.37421 329.03088
340.87561 357.67020
355.08200 388.02573
429.50998 755.86945
457.79907 398.63556
452.37500 348.10086
445.97342 296.37579
345.87701 511.69897
297.24313 530.66125
446.28400 502.46774
315.94708 465.39343
463.02164 537.97656
454.78290 610.71808
277.28012 549.54272
309.45859 548.36462
336.84143 557.87262
380.59000 554.68494
413.95465 545.20337
439.60413 534.34088
492.92117 507.12964
278.45447 597.45996
301.64642 461.09924
500.88959 636.39722
448.25775 574.84631
265.78226 505.31467
459.06357 521.76947
435.59802 620.33472
327.23834 486.57364
454.08224 596.89142
279.58734 662.91962
447.96964 493.93216
471.69327 583.07513
335.33026 769.99158
342.26434 795.02136
265.72766 603.50555
306.39020 741.46381
277.00562 458.90192
427.39880 840.90118
504.16922 642.05994
426.83591 591.41052
281.94479 499.56058
365.54733 504.45898
385.54739 506.07706
425.80847 730.07751
282.91351 643.37036
468.97491 870.78088
405.17175 841.57495
376.88373 822.58813
518.36255 349.69220
514.47925 875.71924
406.20465 503.46738
426.49155 498.94769
440.56113 496.45416
289.35760 456.00995
425.77884 477.15588
404.46814 470.20389
383.41516 468.88174
362.71216 472.37531
349.86038 478.13342
269.58386 450.92850
352.62683 500.01697
514.02106 666.82892
439.99261 674.17755
459.78412 628.56055
482.91196 667.87579
516.00403 470.70236
367.51974 797.63367
396.96118 819.09375
466.14752 856.34100
315.76749 763.62390
441.15204 487.13934
477.19055 542.76453
514.17596 860.85083
434.51962 858.44409
273.18555 653.92297
471.19928 723.94348
466.90106 729.75751
463.84558 737.50690
461.90533 747.38843
453.58646 769.49915
434.35614 722.24146
430.21622 720.74426
427.14227 719.19788
398.92429 700.74719
308.88089 654.93970
478.35471 520.75964
464.43723 474.49173
450.83148 477.87659
438.96841 723.73767
310.73230 708.88702
484.95807 472.52542
440.49969 794.49768
512.95825 548.33472
492.83414 530.82965
513.97595 526.13574
460.87262 578.23535
513.83398 838.50195
514.17365 808.82965
475.64474 806.60077
389.85748 752.63422
415.59909 637.86719
413.51523 776.86646
357.85974 634.41510
392.02069 659.11401
339.11920 670.14612
467.97989 834.89392
448.10132 591.80048
371.98065 771.71326
401.45282 796.52679
369.13373 724.98785
290.35590 682.06360
341.00079 731.14526
284.72977 700.29822
373.60187 686.07318
463.34091 558.48059
462.36047 620.53571
449.62259 627.03558
470.75827 605.18134
445.16010 450.31903
405.84607 432.38043
370.90637 428.10599
342.69540 432.83801
323.60986 444.72968
314.58017 490.85583
262.65323 554.74878
329.84198 526.23560
352.64612 533.94885
382.89911 534.53656
412.73456 529.03290
436.99435 520.86401
453.83551 512.99438
267.77176 556.09656
450.46902 633.29883
475.91122 562.44122
477.51538 621.20990
490.83612 632.81085
478.51968 625.19452
457.08832 640.08057
494.31979 634.86548
497.67944 640.49597
455.92661 494.41241
467.24127 499.76257
474.03424 503.36127
342.58069 482.65222
326.12402 468.05511
533.33502 551.99902
687.52759 497.85992
533.22803 637.29944
778.68951 407.86316
621.38226 516.44360
644.92358 518.66034
667.36676 517.85510
697.44049 505.77274
600.86926 510.96997
657.73932 447.95593
629.91162 449.97458
683.31903 453.05081
699.59381 463.50354
718.05798 519.49207
602.48724 821.42590
696.53320 492.12830
790.43591 510.02289
745.27429 501.07343
638.75018 609.66620
546.04803 704.32800
544.18018 719.78943
573.33087 708.84869
593.37085 712.99792
567.02637 719.36212
586.13837 719.26257
627.92310 742.30823
530.44733 624.62372
533.50031 602.29761
733.66870 439.44858
589.16797 553.55957
588.16962 620.57440
590.94324 608.86182
714.37305 607.88788
533.52795 574.80908
678.15125 411.74249
711.17139 421.17828
755.72235 365.03952
571.30255 430.24707
605.88367 460.36108
648.06317 720.96545
768.07495 724.23126
569.69788 633.17828
550.12323 639.64569
622.00189 717.58929
616.74640 718.26672
724.86731 404.90488
589.78156 630.74011
633.01721 411.94073
637.48676 392.21204
660.80457 307.65671
738.34009 385.33484
644.99823 350.40173
748.26044 427.84357
762.59088 420.23984
545.55927 713.18134
570.24005 714.57373
589.95984 716.15369
563.96057 637.36194
619.27661 717.92676
606.36072 723.54700
613.66376 718.73022
557.36157 624.79431
583.11676 721.46088
564.15167 722.38763
542.66406 723.57892
546.17877 780.17786
547.12061 752.53918
546.33344 741.19067
544.91852 731.29871
542.60913 723.41650
583.36658 721.28625
587.68933 724.51184
591.82751 729.36127
595.08911 735.60742
618.19965 686.31671
795.28436 612.06219
597.74231 720.37201
602.06934 721.65039
543.38928 648.42560
581.99786 643.93439
546.46326 644.17706
615.73273 566.84430
656.50183 581.63611
595.60608 619.12610
719.07275 330.68948
701.36322 361.11603
687.31653 392.46051
605.86951 757.83484
579.18597 397.49475
585.83417 349.13153
596.53717 296.90680
686.13208 513.81116
744.46313 535.59552
587.23938 505.48517
722.00739 473.15375
571.52399 538.37543
572.75781 611.38055
771.39349 552.92725
728.68280 552.08398
697.99646 560.49866
651.13800 557.38440
616.74011 548.32446
591.37402 537.94159
538.12048 507.39398
769.12292 600.87537
741.04169 468.30267
523.10571 636.58777
585.88586 575.16083
798.74353 508.35541
572.42450 525.61969
598.96149 620.79816
707.46472 492.07230
575.05847 597.33643
786.01392 667.77179
586.68219 497.10980
554.50745 583.48865
710.75903 774.19580
708.43927 799.61841
790.63953 607.93384
743.89880 745.56885
777.19049 462.10193
605.60944 843.95837
521.29169 642.06610
608.55072 591.98834
765.15955 504.16464
665.14685 504.47482
645.67249 505.61737
610.09650 726.34094
765.55505 647.06458
561.10974 872.25732
633.77014 844.98297
667.73975 826.75568
625.92786 503.73428
606.46808 500.41187
593.30084 499.03790
757.66449 461.87466
609.93707 481.09338
631.12335 475.13129
651.74921 474.89288
671.74042 478.86862
683.94238 484.46289
791.82812 453.30243
678.30872 501.42618
593.16107 674.67151
569.34375 629.23090
546.43347 668.15240
674.25012 801.79987
640.96924 823.03680
563.05396 858.05115
740.86938 768.07623
594.00513 490.71194
553.29535 543.08246
599.12311 860.98352
783.13440 658.57532
564.44995 722.17615
568.69629 727.97375
571.49762 735.71381
573.48956 745.75458
578.77203 771.06549
602.16016 718.74615
606.01245 717.10181
609.18683 715.48828
638.29968 701.92975
734.17694 657.78809
554.45044 521.21228
570.55243 476.49042
584.72284 480.78253
597.84595 720.45837
734.98071 712.17889
548.70660 475.28510
592.20343 796.54755
535.86810 531.04327
569.73615 578.71332
553.81012 807.75397
648.41589 755.26666
619.57587 638.52606
622.37329 779.36383
679.29211 636.18542
643.78339 660.26715
700.31635 672.50592
560.66724 836.35254
584.91577 591.98547
667.61072 775.13269
635.18750 799.76471
670.23871 727.46210
758.48236 685.73621
701.03796 734.39502
769.91870 704.67377
664.27649 687.72650
569.06805 558.85773
564.63739 621.06207
580.00183 627.73041
553.95593 605.65302
590.53046 452.03134
630.58594 436.65704
665.75824 435.23822
694.20068 441.50629
713.40363 453.62552
723.53870 496.38574
793.61920 558.74969
704.98773 529.69080
680.52472 536.26746
648.63831 536.34882
618.43164 531.04272
594.84790 523.64984
578.66827 516.04535
798.38177 559.73779
580.04340 633.95197
552.20929 562.76697
546.97284 621.73254
534.66180 633.28558
547.29822 625.78595
573.84705 640.58051
530.26154 635.19543
528.22736 640.60999
578.67804 497.64609
566.26166 502.62921
558.31311 506.99899
691.03809 488.60199
708.96307 475.66043
388.84564 484.40564
415.94974 484.61859
389.83224 461.01373
361.62549 484.23279
387.84491 507.84167
643.93463 488.82526
669.64209 488.96191
643.70801 468.14566
618.38666 488.63269
644.17712 509.43307
