506.44073 739.56519
500.09973 652.91498
502.83133 673.81818
483.78363 564.75873
500.11707 627.03058
501.44339 591.38025
506.25769 503.44067
350.40985 490.95206
508.06833 446.24255
508.30969 413.14255
512.30981 275.87003
506.85739 747.87878
507.29422 755.27649
507.89508 760.00220
508.20618 760.18420
508.74731 772.61664
509.26703 787.18054
509.93842 801.95905
502.14871 833.52930
500.85883 664.83240
480.05399 661.81226
264.12320 388.99930
412.57056 513.56409
391.08835 515.94995
370.09824 515.20032
342.48987 499.63132
430.59103 508.15073
376.54208 448.72437
402.20139 451.68082
353.43292 452.19678
339.39783 460.44968
325.04303 516.47913
418.95804 869.24158
342.53711 483.48370
259.71164 499.48840
299.46310 499.06934
395.48029 622.54889
477.41095 733.15704
481.70273 753.44373
451.49033 739.17279
433.64139 745.72217
460.11115 752.97339
442.69305 753.68079
405.66501 782.21155
480.98788 651.60016
477.95798 626.79913
306.86481 444.36465
441.97919 557.61243
434.20721 639.78174
434.17224 625.38922
330.02576 617.74286
480.75034 593.69922
357.33478 423.58347
326.72150 429.53937
283.10321 345.59344
457.10486 446.67920
424.49973 461.58423
389.67157 757.29913
296.18762 736.81165
450.56064 654.12439
467.40253 661.83820
409.25562 756.30878
414.75143 756.57141
314.26422 414.02094
434.26538 649.79517
400.03748 427.90985
395.01654 408.81165
375.31158 288.57593
297.77493 375.69009
387.90421 342.33810
293.58875 432.82294
277.20374 409.56757
479.03900 744.85815
455.77039 746.75629
437.86676 749.84631
455.75571 658.37701
412.05493 756.48688
423.70630 761.99707
417.77139 756.67645
459.19635 647.93933
446.49902 756.44958
463.89352 756.97803
484.41730 758.45081
472.54965 831.26648
480.19016 799.25323
480.72345 784.37732
482.23734 770.10284
484.51300 758.48303
446.42438 756.30878
441.84366 761.48730
437.11789 768.44946
433.50174 776.44995
413.17667 715.61017
270.12408 609.10126
501.68408 669.16046
433.14612 756.40759
428.37512 759.00439
474.42331 671.81000
442.65729 663.98853
471.02948 666.93542
418.47070 572.20007
380.92014 589.28351
431.05276 635.82172
318.48877 311.03290
332.95184 351.97632
348.78140 404.59433
422.18350 800.96387
448.45639 416.19583
444.92987 340.61325
437.81982 277.93192
352.48676 509.85883
302.76236 534.05310
442.31430 502.72266
319.00513 470.61780
457.22302 541.33881
445.72076 632.06274
277.14664 550.34167
318.02679 553.03510
346.60004 563.53595
388.64508 559.01971
418.85052 548.15063
441.02362 537.04230
484.65598 509.19550
283.28702 604.60260
301.40433 468.43256
489.12378 663.61365
443.23688 583.99255
256.80295 494.60059
457.74396 524.98010
430.46716 636.14783
333.16479 484.60065
446.65436 614.62213
280.72754 671.27289
441.86478 494.06598
462.63123 601.48694
333.26385 803.50616
337.01181 831.24518
268.29465 607.60022
310.28418 766.58386
267.53799 450.11145
413.74524 895.13611
492.32770 667.93994
423.26279 602.24969
281.99811 502.28625
371.26831 500.37088
389.69904 502.07489
419.70535 765.66272
290.66971 655.89539
453.33051 931.63647
390.19611 893.94843
365.05960 868.13696
510.02002 341.83365
501.52579 937.04053
407.72992 500.21906
424.79669 496.95331
436.15970 495.55817
286.12488 462.67230
421.49780 476.99115
402.09546 469.82492
382.71802 468.11035
364.12219 470.98578
353.18936 475.93347
256.45422 435.74255
358.91150 496.08929
503.31656 694.59033
434.27667 701.85400
450.03732 650.49341
472.86169 695.27045
507.88040 473.21097
358.94006 839.29590
385.06161 867.66290
452.10834 914.25171
315.64331 790.49323
435.30469 487.19440
469.50635 550.63898
501.22235 919.78638
418.29932 916.36768
278.72195 664.05957
463.83655 756.83307
459.63416 765.72009
456.37781 776.67017
454.38971 789.87720
443.81415 818.35303
428.36533 754.89606
423.58368 753.11407
419.90350 751.07849
397.31903 734.71509
316.71295 671.83307
471.25781 523.32349
458.08551 478.78366
444.04941 480.13654
433.24130 756.54077
316.29169 732.22339
477.91080 480.08771
431.17203 842.84698
503.09998 561.24994
483.89609 538.12646
504.59769 533.09198
454.37073 591.33600
501.00635 893.79858
501.61456 861.68176
464.50122 858.35938
383.64758 792.38794
411.52643 656.38422
405.28833 821.05054
360.39154 652.15570
390.57733 682.07263
343.40128 692.55084
455.64673 889.00293
442.89001 604.76312
364.73053 811.48914
391.76025 842.13306
366.85806 759.90729
297.97919 699.34521
340.87799 762.41711
290.80035 716.77704
373.70996 714.69147
456.95673 566.83356
452.17444 643.74451
440.55029 648.46686
460.19290 628.31335
439.40115 458.98624
402.01379 443.71051
369.16196 440.04230
342.80310 443.97842
325.75409 453.78900
318.71851 491.80582
260.72528 552.94592
337.39587 527.68066
359.84991 536.04358
389.07843 535.59735
416.25360 529.39587
437.06055 521.77856
451.54233 514.62811
262.85617 551.28668
441.71542 654.36157
467.80682 575.55243
465.90439 646.67999
478.17838 658.31641
466.95712 649.91864
448.30130 661.30322
482.15280 661.41138
485.17584 665.90460
449.69980 495.65442
462.43765 502.23300
469.90912 507.28656
347.18854 479.92963
331.31522 470.59488
523.31177 564.97473
689.11523 492.06830
525.05707 662.39740
789.89044 388.89624
615.99011 512.31146
640.40234 514.52576
664.69836 514.75201
698.81738 501.14642
595.42981 508.04477
657.27191 447.31357
627.47986 450.26385
684.14270 451.50491
700.71326 460.96747
717.56519 517.43774
591.31677 871.48999
699.25562 485.20416
795.11829 502.39288
745.98199 500.92957
625.29150 624.36725
535.68811 732.28015
533.50330 752.57825
563.65302 737.36774
583.00446 742.83862
556.32928 751.12830
574.90375 750.86053
611.59576 784.31036
519.98145 652.10095
522.90021 627.10773
732.05481 446.84668
578.69727 558.04865
577.71417 641.06866
579.83765 626.46405
698.67749 620.82233
522.98517 593.89099
672.83917 424.21350
708.14410 431.05603
763.16156 344.97229
560.71533 447.93149
601.95416 460.89569
630.13385 759.69757
762.38519 741.24658
560.12372 655.21301
541.36060 662.57733
610.17969 751.17041
604.47369 751.71130
720.84882 415.80502
579.22394 651.16425
624.50488 428.58417
629.00391 408.92993
656.99365 287.87878
740.16791 376.73215
637.34717 342.55035
746.16058 435.29852
768.11047 411.39856
535.12695 744.00653
560.00146 744.94507
579.18579 746.95435
554.69263 659.39172
607.27380 751.48248
595.85706 758.34613
601.33728 751.97174
547.54596 648.81622
571.67041 753.60010
553.19543 755.07928
532.03241 757.62286
533.71967 832.26984
539.88403 799.34113
537.91882 784.13818
535.36633 769.58160
532.37311 757.77148
571.75848 753.75604
577.01453 759.14819
582.30640 766.38519
586.63257 774.79126
602.43958 717.39722
796.67871 613.07166
585.59833 752.97467
590.76202 755.43256
533.59674 672.44849
571.16614 665.37225
537.31018 667.67694
603.69836 573.00031
642.77106 591.02661
584.41687 637.13098
720.60443 310.18054
698.18134 352.65274
681.06256 405.04910
591.22504 802.86963
569.38403 416.35968
577.07727 340.82166
590.05267 277.54547
686.10345 510.56372
743.99518 534.50189
582.00287 503.56357
723.05493 472.57431
561.82825 541.55341
562.29999 633.16510
766.78705 553.83917
725.87756 552.80481
693.05408 563.18665
644.62347 559.16168
609.67285 548.89001
584.15112 538.59015
529.28320 509.27554
758.82330 608.88367
741.36682 470.64490
512.96973 663.95813
575.21545 584.56812
808.35394 496.31995
564.74200 526.83466
587.30640 637.43915
709.51251 486.93286
564.02747 615.48401
783.71344 675.98218
582.62982 495.00299
543.88788 602.09131
700.19250 807.63232
701.16425 834.03906
786.20325 612.57697
731.57709 771.22614
783.04968 452.29053
596.91980 897.40906
511.33972 668.12927
596.72723 603.36816
766.54736 504.32751
663.22131 499.46780
641.80817 499.93695
600.36871 762.01697
751.65277 660.78363
552.04443 932.56104
628.71277 895.19812
662.72382 870.05237
621.23096 498.04773
601.74176 495.97455
588.69232 495.95642
758.18311 464.43146
607.69373 476.69614
629.96320 468.03958
652.27161 465.91248
673.98053 469.41577
686.86200 475.82440
803.49744 436.33731
678.19348 496.38489
579.31146 703.15009
559.63538 651.69189
535.56586 695.89642
666.67059 842.97272
633.30353 870.52356
552.86389 915.84204
733.31140 793.84033
590.76575 488.07452
543.56500 550.95746
592.61456 917.29541
774.66516 669.65417
553.51917 755.21600
558.54218 764.39954
562.70331 775.81958
565.99268 789.63123
565.56830 819.79071
590.23511 750.88464
594.57080 748.96320
598.19263 746.88074
620.56409 736.82599
716.52380 675.96875
545.12939 523.55597
563.04431 479.46484
579.72784 480.44269
585.68396 752.78693
719.28961 736.55005
539.01282 481.35809
579.39111 844.58386
526.50769 538.28772
558.85236 592.06702
541.14410 859.45709
635.91125 795.28381
607.05042 657.98578
610.06897 823.32544
662.73230 654.99908
628.90784 684.29883
682.62604 696.16211
548.97217 890.52869
573.61719 605.44714
657.59875 814.95087
624.86584 844.90332
655.34149 763.23877
743.85797 704.23218
686.86731 766.33557
759.14844 722.11859
647.65540 717.48242
558.93518 567.31909
554.62488 644.76715
570.03894 649.73602
543.81335 629.10052
583.42133 459.65863
625.43579 443.84949
663.12213 439.87729
693.49255 444.37115
713.92688 455.16855
724.75604 494.21832
794.20166 556.90961
703.25079 528.38715
676.48309 535.89893
642.93927 535.03943
611.87653 529.19934
588.25256 522.50250
571.78571 515.79620
804.48572 554.06543
569.99811 655.60455
541.82410 575.98059
537.29694 647.58447
525.97321 659.23596
537.94934 651.03882
563.71643 662.41913
520.79596 662.02112
519.21149 666.27905
573.58215 496.72589
558.96265 503.45044
550.00024 509.04718
693.94519 480.92194
710.54156 472.32666
389.77155 484.13956
411.86197 483.68762
389.18250 463.34564
367.16650 484.70224
390.12418 505.13092
649.66443 481.49847
674.83685 481.68182
650.17139 461.11758
624.51111 481.27762
649.29712 502.07297
