502.56647 732.99500
505.42984 656.52759
509.54645 673.77283
485.23138 570.65942
504.41333 631.65894
504.68695 596.67499
507.19479 509.14081
340.11908 495.49365
506.88898 445.27368
506.05481 411.13690
505.87189 277.41364
502.73770 739.55865
503.42188 745.57800
504.53629 749.35565
504.68405 749.22662
504.15948 757.97327
504.07825 767.92072
504.69327 778.36969
517.00323 806.41931
506.85034 667.36041
485.63153 663.69116
243.31381 391.39893
408.94714 520.46851
383.91495 520.86267
360.06058 518.56818
330.22028 503.92111
429.90854 516.67688
368.33978 450.91101
397.87848 455.49060
342.05719 453.77411
326.16510 462.48877
309.23547 517.89813
429.97070 841.81244
331.82129 488.99182
240.60529 500.15295
282.44019 499.28778
386.81033 620.12323
469.50626 726.57642
473.84271 742.69421
442.01306 727.39453
422.85028 728.73730
449.91272 739.22589
431.22684 736.50122
401.90176 750.59631
485.31003 655.50171
481.22101 631.44391
286.95221 437.08948
438.84982 560.25226
433.43250 639.84125
432.73221 625.36108
311.87491 612.82861
482.82852 599.05261
340.35422 416.87509
307.37289 421.51169
262.25998 349.28052
452.57056 449.62561
423.49854 467.29971
380.20984 726.19659
287.38763 722.58746
451.81552 654.10620
470.94171 661.75037
395.74283 730.46375
401.83047 732.02106
293.69620 403.17575
433.20856 647.22424
387.87039 425.33578
382.13110 403.79486
357.80750 292.58469
278.89960 378.21802
373.52972 344.79449
273.72430 424.15747
258.24139 411.76840
470.87329 735.59906
445.68692 733.60248
426.76834 732.58234
457.20020 657.61700
398.78143 731.24384
411.37979 739.72913
405.04028 732.86829
462.20654 650.84961
435.29871 739.67688
454.28552 743.36365
477.37619 747.11377
482.61536 804.81201
472.60809 776.05481
472.69083 765.29114
474.61310 755.49890
477.61761 747.23535
435.55310 740.08557
430.81192 743.49231
425.92422 748.41241
422.47171 754.28735
405.94534 699.33044
254.83817 602.49915
508.07428 670.76813
421.40289 736.97052
416.20569 738.07788
478.86407 670.89496
441.49072 658.97198
475.10458 666.44452
413.05261 572.91443
370.57138 587.68658
429.15637 633.73846
298.36331 315.43198
315.44110 354.42892
330.91052 395.16827
422.91934 772.37744
442.49579 416.65070
434.71716 342.98038
424.69876 281.05878
340.90189 513.08759
283.30127 533.32092
443.47522 512.17548
302.75256 470.72119
455.15735 545.56006
446.44754 634.75854
259.48969 549.59729
298.33929 551.43890
328.45660 562.25598
376.11807 561.01373
411.66290 553.08838
437.61896 543.39941
484.27631 515.07489
263.44034 600.12732
283.64108 465.75342
494.78464 666.33539
440.48538 585.56628
237.50076 492.21762
456.34509 531.95837
427.49734 632.61346
320.24139 489.46063
446.35065 617.09357
268.42453 661.84857
443.90045 503.88300
463.64276 605.89319
332.43719 781.28455
342.31360 805.38580
250.27267 603.67291
300.71259 750.40955
248.43387 452.21558
429.77362 863.33545
498.50092 669.74133
418.52658 601.47827
264.09335 501.96091
362.41040 504.18738
383.06448 507.03973
407.50186 741.97253
269.71622 648.89624
474.36539 893.64380
408.85742 858.74957
379.34912 836.29993
505.64166 342.79736
521.60638 898.80212
404.19818 506.92355
424.11029 505.39801
437.31378 505.00198
268.40030 458.87704
420.68655 484.29645
398.83096 475.93051
376.68463 473.44098
355.70126 476.12988
343.37680 481.26294
235.89520 436.33047
348.99146 499.94980
510.94031 690.60059
431.70380 690.99988
451.60480 651.78967
476.78619 690.08044
507.68283 475.87827
367.40436 812.05994
398.55133 837.09717
469.84210 881.78809
312.69519 770.59460
436.32062 495.95093
468.98077 556.01935
519.96503 886.17303
438.82901 879.16284
261.46158 657.28308
454.49918 743.72357
449.93323 749.89526
446.59775 757.77319
444.78366 767.61383
449.13467 791.34509
416.05548 734.12164
411.63632 731.80548
408.19904 729.55634
386.73892 710.58844
295.57306 663.79517
470.09747 528.74225
458.81818 486.12424
445.54077 488.27859
421.22681 736.57001
300.66748 718.52710
477.33475 486.46265
438.74390 816.30469
505.64554 567.16205
484.52847 544.42737
506.43796 539.46246
453.44354 594.17963
518.68719 864.75763
517.82947 834.45862
476.17740 832.14795
383.90063 764.74200
406.59503 650.51648
410.15909 793.51630
345.10358 646.50079
381.21381 672.29840
326.57687 681.65277
469.85275 861.34753
440.91626 605.40808
368.56967 785.54852
400.38824 814.32001
360.21918 734.63983
279.21170 689.30872
332.89624 742.17389
276.23224 706.42859
361.30762 696.48944
455.41504 570.59851
454.20941 646.77716
440.89157 648.92865
462.40604 632.56830
437.30148 463.42419
394.25800 444.51245
356.79462 438.85876
327.37897 442.04083
309.04166 452.20416
303.62207 494.14548
242.43683 551.72797
322.15790 529.23724
346.69626 537.55774
379.75943 539.29504
411.37064 535.59686
435.57941 529.42487
451.81201 522.79919
245.55554 546.47729
441.82343 652.83020
467.98874 580.42938
469.58881 650.61761
483.52020 661.07745
470.82999 653.20154
448.20618 658.40643
487.56860 664.25269
491.12476 667.65240
451.91669 505.40305
463.78958 510.63046
469.68097 514.62091
336.71143 485.41962
317.26611 473.44882
527.30499 569.91339
692.25366 491.79718
531.85413 663.26709
806.70422 380.29648
619.15216 517.98206
645.24640 519.03699
670.51685 515.79541
703.84271 498.11176
596.93866 512.45398
659.22839 444.97629
628.51355 448.76614
687.31818 448.30200
704.73438 456.82404
726.86902 510.67346
612.75757 841.91321
701.90295 483.61099
814.37000 490.68338
759.48785 488.97223
643.84680 616.47028
538.76709 726.67548
537.70428 742.52429
573.11041 728.26575
597.15674 728.98169
566.93445 739.11267
590.13977 735.91913
640.76874 748.76416
526.40912 655.01776
528.46478 630.67444
746.28088 431.05310
587.84497 557.73730
588.50275 637.90857
590.35321 623.20087
725.67914 607.03857
527.69971 598.17310
680.96600 413.16394
719.41174 417.20001
778.05017 338.63882
563.19415 444.86838
602.52502 460.65991
662.30542 723.39624
786.68701 717.80914
570.42468 652.83777
550.50531 660.81042
632.38910 727.84802
626.19165 729.51910
735.94177 397.84698
591.30762 645.34375
629.30420 421.12494
633.74097 400.21115
662.83533 285.82874
754.38696 369.60989
643.91687 339.53238
764.21600 415.95374
783.88513 402.74707
538.66840 735.53644
570.10651 733.96777
593.79584 732.43549
565.36133 656.45123
629.11493 728.70142
613.39630 736.96991
622.93683 730.41150
555.63037 649.80188
587.10443 738.62445
563.72864 742.78271
536.45526 746.73615
553.02258 804.62280
540.61884 775.21655
539.24023 764.52173
537.80853 754.87036
536.23395 746.65472
586.74670 738.57971
591.02362 741.50171
595.30707 745.81628
598.56744 751.21741
627.63074 696.76038
817.48315 594.67389
604.29144 734.98169
608.81104 735.75916
542.78210 670.15643
585.02466 657.39130
546.34656 665.65015
615.96051 569.62769
661.00751 583.29785
596.32880 631.62524
731.94006 306.02554
709.45837 347.17065
691.02478 391.28827
617.52972 771.37793
570.79523 412.24414
578.60443 340.10925
590.15295 277.30905
691.71539 509.13635
754.74725 524.90265
582.43677 507.06772
732.12787 463.79578
568.88409 543.52710
571.14197 633.21704
787.59186 541.77948
735.23871 545.40375
701.01892 557.88727
651.37207 557.47961
614.72107 549.60278
587.65979 540.09802
532.19452 514.14575
784.64075 593.13727
755.01819 457.34894
519.27838 666.06439
585.19592 583.24030
827.40308 481.58704
567.29144 529.10504
600.55884 630.43103
714.69995 482.53253
572.73566 615.28424
805.88556 655.68878
582.68005 498.43903
550.48694 604.49512
724.62982 779.41541
721.87946 804.05615
809.40430 596.32556
759.70935 746.68341
800.39355 442.61530
615.42999 864.03271
517.93689 669.48639
609.92645 598.63361
784.11713 488.87665
667.05542 503.40524
645.01746 506.69739
617.43768 738.91608
781.75891 642.68640
570.13684 894.04468
644.39160 859.30762
679.33032 836.48187
623.21478 505.45764
602.34631 501.81757
588.96881 500.19394
776.28058 447.29816
607.12415 478.03497
630.25415 469.85162
653.14258 468.44144
674.95007 471.58252
688.05890 476.64807
821.51941 425.10059
681.91119 497.81610
598.23047 689.01172
569.38647 650.57172
547.32837 689.45471
686.22375 811.83105
651.43921 837.83032
571.50275 882.16016
757.12915 767.37836
590.27606 490.44009
549.15613 554.60925
609.15375 879.77490
800.57751 651.09009
563.44238 742.69983
567.32550 748.47693
570.28955 755.88049
572.37006 765.22235
588.73047 790.72906
609.29486 732.56128
613.12720 730.41895
616.40894 728.43646
651.26654 707.64856
749.17542 658.24664
550.05133 527.34033
565.20569 480.70459
580.34528 482.30249
604.95209 734.87585
751.58740 713.92798
541.66095 482.78363
602.10382 816.05609
529.94891 543.57123
567.27936 592.51001
561.31470 832.01776
660.93176 763.11084
624.23999 647.59308
633.47052 792.75964
689.81720 642.01117
652.95190 668.93262
714.27112 677.21283
569.08545 861.40698
583.81946 603.16687
680.20264 784.39166
646.03748 814.16138
683.92786 731.85321
775.38171 683.81982
715.82642 739.17145
786.75854 701.12555
677.76227 692.94415
566.64801 568.79584
563.18915 645.55066
580.55804 647.33795
550.83820 631.36859
585.08710 458.00714
628.16772 439.53687
667.22498 434.30145
699.34949 437.44693
721.57074 446.72714
734.02594 485.72153
814.96655 543.20123
711.29993 523.50262
684.17273 533.27875
649.14502 535.98114
616.44135 532.05792
591.27625 525.06439
574.11139 518.15167
824.24652 536.95959
581.31091 651.22736
547.91290 579.05353
544.29456 649.82599
532.46539 660.81213
545.24115 652.62671
576.09973 656.96753
527.26605 663.90186
525.94196 667.26581
573.81488 499.80975
561.04053 505.87018
552.16943 511.69778
695.65424 480.44815
715.77661 467.23633
391.51117 487.70889
420.99890 488.04791
391.45551 464.31708
361.92914 487.36746
391.15039 511.12503
642.63904 482.52914
673.13745 482.13153
642.01788 457.16473
612.24023 482.49658
643.25604 507.78949
