516.78418 749.80029
506.64697 672.74512
507.51471 688.67816
486.74387 576.55127
506.57773 646.04327
506.94080 607.03571
508.51288 510.12259
345.16949 487.82782
509.03647 450.80627
509.02689 416.79883
510.25467 269.47214
516.48462 755.39410
515.99292 760.29572
515.57281 763.43195
514.88239 763.55463
514.53943 771.61218
513.89728 780.86597
513.16296 790.44843
507.77997 822.71808
506.94647 683.49915
480.88629 677.93457
245.47455 375.93442
409.88507 505.95398
387.92383 509.28424
365.71524 509.84045
335.73480 496.34680
427.81326 500.55267
367.26761 448.66727
394.07388 449.81778
343.85217 453.06650
329.95386 461.04440
315.49655 511.27737
420.45139 866.79065
335.76245 481.85254
241.95401 490.83173
285.14972 492.20923
389.53021 625.11810
487.75006 743.80121
489.59164 757.02716
461.40704 745.03760
443.00317 746.17535
467.30875 754.11719
449.65384 751.85675
401.97946 777.24652
485.45316 670.98590
482.43781 644.93756
291.23029 442.73291
438.85715 559.84235
429.32138 649.89502
429.49466 633.62592
319.55841 616.45367
484.50751 608.76147
345.11542 425.34094
312.29919 430.18463
265.25940 333.93732
452.84692 447.61334
417.86743 457.61511
382.21069 756.00415
273.91095 731.52594
446.48505 665.50244
465.65161 673.99548
416.18835 747.13538
421.67209 748.32819
297.32422 412.32477
428.55020 657.83698
391.49615 430.00177
385.57922 409.82416
364.20917 280.15216
282.84827 369.15631
379.39355 338.82468
275.65475 427.95721
261.42993 401.77319
488.24152 751.34515
464.21622 749.86707
446.09521 749.01465
451.84348 669.20123
418.96930 747.73682
430.03491 754.23853
424.57709 748.98291
458.22473 663.35059
452.46207 754.15594
470.11557 757.15613
491.31522 760.64417
477.35175 821.05841
484.37949 787.24518
485.85666 777.47894
488.01675 768.47351
490.59259 760.89172
451.87811 754.16162
447.50885 757.22095
443.06589 761.52911
439.41055 766.77295
407.38080 720.86719
249.21704 599.01288
507.11298 686.38770
438.91727 751.62366
434.45935 752.72705
474.80750 684.36096
437.23148 671.05914
470.31644 679.35071
414.67477 573.25055
375.39130 589.51056
425.70514 642.52649
303.00867 300.84286
320.30243 346.72772
334.96878 404.41431
421.77097 794.19196
443.24945 417.14514
440.52963 338.44003
431.16199 270.63626
346.96124 505.43359
290.46503 527.58838
439.18085 495.54681
307.02856 468.22418
455.05136 544.76575
443.76059 645.64349
262.60797 545.59784
309.00256 548.32129
340.44617 560.33569
384.95587 555.87366
416.15912 544.37823
438.35690 533.58228
485.26172 515.31354
268.04376 600.92773
286.36896 463.71503
493.37006 682.03339
439.76776 588.47485
238.17786 480.94141
455.32043 522.37378
424.89532 640.93243
324.41992 482.53625
444.31323 625.75739
258.53555 663.63391
437.54767 486.54706
463.68225 614.92413
317.02045 803.00482
320.76318 830.51166
249.37332 602.09003
289.89523 765.20795
250.96600 441.35764
414.67831 894.36157
496.05280 684.96704
418.65506 605.42383
264.45932 492.92322
367.65936 494.65817
386.60559 494.89029
426.18201 756.33801
272.95615 653.50854
459.05188 930.01160
386.57147 893.67700
355.59857 868.05469
509.74728 340.24710
510.39749 934.88684
404.76285 491.91904
421.76324 488.26379
432.66492 487.31726
268.42188 454.53125
415.92966 470.64441
395.44000 465.30994
375.18152 465.75586
356.62372 470.08105
346.06940 475.20694
237.77393 421.89865
354.62897 491.74753
507.67755 707.74963
430.75873 709.27051
446.55804 663.08191
473.81018 706.79797
509.05673 477.79797
348.93674 839.03894
380.59277 867.53491
457.37793 912.30676
295.14844 787.52124
430.57556 480.03821
469.52606 558.38123
509.55472 916.86340
419.84424 915.56458
258.14197 660.05640
469.49164 757.34570
465.15195 762.97931
461.83960 770.04675
459.30121 778.82837
446.38678 809.70917
435.33670 749.90814
431.48428 748.18213
428.54178 746.50854
389.74832 736.92700
301.13763 670.86285
470.49255 528.27289
454.15619 474.48199
439.19147 474.34036
439.39670 751.76129
297.74130 731.15771
475.45923 478.71228
433.00443 837.75037
507.44678 573.55951
485.67871 547.09393
507.91855 542.54382
452.66537 599.69696
508.72540 888.96021
508.27414 853.91541
469.76129 851.63879
377.35443 790.03839
404.88779 660.07825
403.45831 817.27777
350.47678 653.67822
382.43811 685.13147
329.58508 693.28125
461.08203 885.22357
439.13144 611.10779
356.21722 810.20190
388.53094 840.47632
356.70538 759.41498
278.41522 697.71777
326.48163 761.67633
269.25995 714.11255
363.08719 716.23535
455.11420 572.91376
450.79358 658.90765
436.12524 659.95917
461.49539 644.93890
433.89301 456.91589
393.85541 444.08719
359.20654 441.70618
331.60156 445.47183
313.97012 453.97693
307.09732 487.86758
242.68573 545.93073
330.00256 523.32330
354.26740 531.45935
385.42090 530.31812
413.44504 523.32294
434.21585 515.81604
448.65430 509.39075
243.56693 539.01410
436.72595 664.17120
468.69141 585.99854
467.54788 664.63678
479.69791 675.66931
467.42581 666.86383
443.48340 670.24371
484.97064 679.42725
487.30814 682.38458
445.82391 489.09854
459.35141 497.62274
467.54617 505.16513
340.23096 478.96225
321.81970 469.77954
528.52155 576.72028
685.96564 490.89822
534.04706 678.26660
786.21271 376.41483
610.82281 512.75531
636.05475 515.25879
661.04810 514.75513
694.65668 498.64044
590.09497 507.46503
657.24384 447.35638
626.59186 449.78113
683.68842 451.51617
699.10803 460.30548
713.64880 514.03735
600.89288 869.53735
695.89227 482.88464
793.56836 493.11011
742.75635 495.57141
632.07233 626.91632
545.84344 745.79730
542.01855 759.15253
571.42120 748.92120
588.85382 752.05786
563.89734 758.21167
581.09955 757.72162
620.64526 780.30383
528.05170 671.34381
530.77356 645.12805
734.25940 444.44232
582.28870 560.35028
589.11786 650.45013
589.87201 634.12836
705.45544 619.39923
529.63873 608.83612
678.26361 425.40207
712.46582 430.86688
762.58289 334.60840
563.46362 449.18884
599.62433 459.87537
641.65442 759.12457
773.06879 737.08228
571.41504 665.91974
551.24506 674.25787
614.19934 757.19861
608.60785 757.77362
726.34009 414.14874
590.85376 658.50513
629.58093 429.88605
635.56299 410.16882
659.59674 280.96759
741.56384 371.04150
641.31030 340.45697
748.69287 431.01358
766.90039 403.53845
544.40277 753.44873
567.79712 753.98413
585.30634 754.91400
565.89447 669.59595
611.36273 757.50586
599.34442 762.41425
605.49463 758.06604
557.82703 663.80872
577.49957 759.87036
560.22980 761.15338
539.51794 762.66919
538.67004 822.32391
541.76282 789.17493
541.45520 779.37225
540.53040 770.34644
538.79504 762.75867
577.24530 759.76398
581.48163 763.11182
585.41534 767.74634
588.47260 773.08813
612.88110 722.59332
796.43823 603.31464
590.55463 758.78406
595.01813 760.43085
542.00848 684.65332
582.48090 671.85431
546.58850 679.64624
607.12463 574.17755
647.10437 591.35437
594.55750 643.30603
722.33289 301.69424
701.15625 348.95547
688.00806 405.40903
598.63745 797.03870
574.01617 417.76520
579.74432 339.33154
591.38751 271.16888
682.21338 509.39880
739.26245 530.64697
577.01965 502.61499
721.28198 469.66284
565.20038 545.06897
572.59564 646.30322
768.56946 548.80463
721.63611 550.54980
689.24921 562.33984
640.67291 559.05798
605.74963 548.73456
580.91553 538.62756
532.26929 515.48102
763.84943 604.85620
740.73846 466.35095
520.52356 682.24567
580.81580 588.94543
802.37500 482.86212
562.36768 527.69434
596.56866 641.78357
705.62219 483.87808
573.23145 626.18927
788.75110 668.72400
577.94641 493.83826
551.60278 615.25201
718.10767 808.09644
718.75806 835.88910
789.82843 606.45715
748.78870 770.56012
781.05920 442.99420
608.70581 897.35840
518.32898 685.06177
602.76453 606.49213
762.43689 497.65948
659.89349 500.69653
637.63556 501.72784
603.12854 764.81812
760.96924 658.08368
562.71008 931.37378
642.54877 897.24994
678.84033 872.64526
616.35376 499.22412
596.30981 495.79083
583.54083 494.90317
757.27655 458.29572
603.46149 474.34711
626.94678 465.97675
650.46600 464.56232
672.20093 468.29041
684.52612 474.33087
797.94714 422.73206
675.17566 496.45300
588.89612 710.39771
570.86499 663.60297
542.76306 707.28137
682.11987 843.70276
647.46753 871.70966
562.38776 913.91077
748.78522 793.04626
586.21173 486.33643
548.11908 558.67480
604.80164 918.00269
782.79565 665.21875
559.79083 761.14642
563.37024 766.88611
565.84686 774.08575
567.54657 782.80969
571.55334 811.92413
595.35468 757.53003
599.45673 756.04419
602.81873 754.53271
632.12244 739.29651
727.82611 674.80640
548.29144 528.65454
560.74780 479.12277
576.16254 479.51556
590.62024 759.03760
734.98480 735.70471
539.36481 482.71942
587.21179 840.32159
530.68744 547.23096
565.47955 600.22375
547.47784 853.03284
646.85474 793.48376
616.45715 661.27759
619.23608 820.37122
672.36871 656.40204
638.96637 687.16248
695.48486 696.72992
556.78479 886.75305
581.04095 611.52246
670.92627 814.16443
636.83331 844.16254
668.39087 763.04608
756.81287 702.52979
702.54980 765.97144
771.92993 719.53406
659.92694 718.97473
564.03815 573.34143
565.18988 659.45148
581.72107 660.50366
553.04492 645.41730
582.68652 459.16229
626.79193 444.12015
665.12488 440.87857
695.02075 444.88486
713.91388 454.23273
721.40753 490.07571
794.43433 549.25964
699.25452 526.17365
672.93787 535.02197
638.87469 534.94489
607.37848 528.91425
583.95721 521.85107
567.97107 515.42841
800.01544 542.05231
581.69189 664.70343
547.67102 586.29852
546.78979 665.23621
535.06885 676.26221
547.70746 667.62384
575.24377 670.71124
529.19843 679.82086
527.31201 682.52502
569.19116 495.93607
555.85455 503.46826
548.38495 510.42569
691.09509 479.01492
707.75482 470.32181
387.83618 479.41412
413.36993 478.50571
387.12839 456.79858
361.99542 480.20807
388.30670 502.04724
642.42456 480.84958
669.09369 481.44122
643.29175 459.44348
615.69922 480.16068
641.79004 502.42798
