513.93665 725.59473
521.01691 671.30426
518.44562 683.47321
497.58179 576.25818
520.81384 644.53735
519.64685 605.82568
516.19196 508.83371
345.01062 495.37128
514.70020 432.25195
514.50940 395.65268
512.75305 270.45767
514.13428 731.11877
514.14832 735.73438
514.31433 738.36743
514.68707 769.05011
514.92749 780.15302
514.82733 793.49036
514.70282 806.68579
519.42407 816.85168
520.52039 681.91943
491.79694 676.14996
246.59335 383.90271
408.45840 514.88898
384.96747 516.51611
362.31253 514.49127
333.05243 502.51874
428.88654 509.38690
375.06183 444.35693
401.59509 446.14682
350.23138 449.90286
333.77472 460.61554
310.40668 513.91595
430.25763 845.70142
336.21753 490.24713
240.21283 493.74008
282.70416 494.89807
382.54938 615.97290
474.94669 720.82483
477.66565 732.69092
441.96912 720.08905
418.92999 717.90662
448.84467 728.40332
427.34866 724.41370
384.09116 742.15515
499.27432 670.36212
496.62997 643.61359
298.40451 431.44168
439.67084 557.91223
430.60626 643.73779
429.59116 626.99927
305.71295 603.18915
496.95776 607.81750
356.30225 400.60565
322.54736 411.91779
267.33127 341.14636
463.11069 420.36536
424.62863 456.56583
359.91351 712.61548
273.70178 712.62854
447.98221 659.92566
470.32678 668.65985
385.60852 713.78522
392.88760 716.73206
308.80524 393.81381
426.49554 648.60925
402.25592 400.07861
399.12183 378.29846
365.43271 283.80255
286.13055 369.54880
381.74036 334.41309
283.69421 417.88007
263.82199 404.27570
475.71259 727.56293
445.16116 724.45764
422.84729 721.22705
452.92227 662.75574
389.41519 715.27332
405.42123 735.15735
396.28906 718.19702
466.02875 662.53485
431.91434 726.82629
453.05975 731.19995
480.46179 735.77020
479.49646 814.70483
474.96973 802.88916
476.33374 789.65533
478.94327 776.31287
481.86642 766.12988
433.53220 745.30475
428.48755 748.84344
422.35773 754.95978
417.73883 761.82434
392.12485 693.70905
242.49750 593.20099
519.67059 684.05115
418.00323 733.55267
411.60089 733.75702
479.81729 677.76215
432.79880 658.71057
475.31360 673.42206
411.85889 568.54407
368.76004 580.85956
423.01273 633.71924
304.26093 306.57614
323.05603 344.94012
347.95782 379.42908
409.72253 771.39551
457.85956 384.09149
443.27158 333.70383
432.73108 273.07864
343.71570 510.13788
283.06219 527.99298
442.28098 503.58258
309.34692 468.57050
458.38492 544.57391
450.36176 642.89673
258.20715 542.27911
299.26926 544.27698
329.32349 553.68103
375.01385 553.52472
409.60950 546.31305
435.69391 536.41351
492.83926 514.89307
256.90533 590.24200
289.44073 461.01379
506.73798 680.93732
439.60965 584.45251
233.29080 483.84332
455.52847 524.09149
419.05719 630.38672
323.91565 489.35983
449.23026 621.97888
253.51324 652.04510
442.43637 495.37970
473.66653 613.26160
326.84024 774.67688
337.30121 799.07471
241.71286 595.48779
291.96964 742.50702
251.07709 445.52832
431.90372 868.28735
508.34756 683.07251
414.33728 598.24139
261.43118 497.40210
366.89713 501.64951
386.21164 503.31613
400.34421 737.04889
258.05466 639.14447
475.83731 899.17157
408.36728 860.63898
377.34293 834.18890
513.51099 334.21051
521.04700 902.96777
405.58734 501.85760
424.40826 498.64740
436.54807 496.95831
271.53870 453.05688
420.33459 479.53076
399.49222 473.95496
380.08240 473.77240
361.17957 477.81976
348.91739 483.15509
236.16238 428.67883
354.10822 498.60406
517.91156 696.08954
422.08167 688.92792
449.67630 659.42249
476.45294 693.89008
514.94977 469.51697
365.22668 809.09753
398.76178 837.93011
473.46887 887.89136
303.51968 761.64166
435.46484 488.86517
476.60843 558.36481
521.68079 891.03986
439.73468 884.16785
249.92874 648.86780
455.05432 757.23767
450.15869 764.34668
445.52466 774.67157
442.58429 786.66309
440.27173 797.40503
409.14291 720.60547
404.45074 718.00116
400.57648 715.46545
368.39209 700.13831
283.64157 654.41266
476.26663 528.55566
459.90741 472.13333
445.06201 477.61697
414.14648 722.98956
288.07492 709.57458
482.14697 469.91052
434.80151 819.37311
518.43091 573.10028
495.17081 547.54938
517.37225 542.87701
456.75241 596.61902
521.26086 870.05286
520.22260 841.53223
476.35519 839.23096
374.63159 756.23950
398.07861 646.67487
403.18384 790.51477
338.16138 640.72797
372.24432 667.03479
315.71985 673.35590
472.90530 867.45557
438.73486 605.40564
363.71838 779.88477
398.12317 813.04041
348.10217 722.37598
266.16266 680.08984
322.65060 732.95685
265.46512 698.27258
348.48502 685.71338
458.94891 571.54541
458.35226 657.75702
438.27142 654.77264
472.83755 643.94940
441.25296 445.88730
402.11707 429.49359
368.13660 428.12311
339.71509 435.29538
319.48514 448.43735
305.86594 491.94269
238.44342 544.65552
323.67697 524.34888
347.64948 531.30731
379.33521 533.22119
409.56372 529.29260
433.44217 522.11005
449.83002 514.45178
236.78622 537.42426
436.59381 656.45117
477.05310 585.05121
479.32318 664.91705
491.48761 675.15924
477.47388 666.90302
441.65649 660.79834
497.76425 678.81616
498.95117 680.57428
450.62195 495.62640
462.68060 500.32800
470.60229 504.42523
341.66385 487.11639
323.38690 472.71912
538.86548 575.14514
680.49048 490.11786
546.41754 674.34894
756.74884 373.19232
620.31708 511.89502
642.18036 512.25275
662.97449 509.52948
689.83807 497.21747
601.16937 507.76263
649.39673 440.66211
624.04651 444.17682
673.42975 444.60040
689.12695 454.57697
707.82465 507.53558
606.65588 839.85925
688.23169 484.62872
765.52832 481.32422
730.61841 487.37076
644.98822 609.35291
552.16266 715.94226
550.19604 728.42242
585.47363 710.69495
608.43799 705.93365
579.16431 720.39978
600.74243 713.99188
644.26526 734.57629
542.13159 668.90997
544.38715 642.25366
717.67773 426.85648
587.87781 554.27637
602.85077 639.46246
602.45959 622.76941
716.53442 592.56714
541.79749 606.51526
664.74414 397.92383
696.08478 408.21161
741.09589 332.11285
564.86224 421.72952
602.44415 456.06592
666.28131 703.66980
730.64539 698.36493
585.93634 656.41150
564.99957 666.41681
642.16858 699.12744
635.23047 702.87415
707.03925 390.79907
605.44543 644.24255
622.18268 398.96179
624.44928 377.33771
654.66223 279.07990
729.62122 360.03815
642.81360 329.21710
729.27216 413.67642
747.36157 393.55832
551.61871 722.93719
582.46716 715.78491
604.87665 709.85785
580.88159 659.56500
638.49719 701.02588
622.65527 722.72284
631.96350 704.70715
571.36377 659.49384
596.74133 716.95673
575.28119 723.79236
548.02283 731.86426
558.03717 812.43475
553.58136 799.01965
552.44202 785.74823
550.03662 772.47107
547.30420 762.48651
595.08307 735.98535
599.89697 739.14417
605.88611 744.78320
610.21692 751.46686
637.52106 687.15497
755.87109 579.43530
610.97052 722.45923
616.80621 722.01453
555.97583 676.12891
599.00421 654.83698
560.28418 671.60382
614.36646 563.58936
656.81256 573.70752
607.91974 629.29163
710.17987 299.45117
697.28693 337.17950
671.31653 377.11487
621.85559 765.14655
569.31799 385.35608
583.28558 330.98822
590.84644 270.56204
680.06573 505.00693
730.33551 519.79150
588.35504 503.03854
709.68707 462.71024
570.52893 541.76575
586.13086 639.35614
754.46753 529.95935
718.15759 536.44891
692.11517 546.26697
650.32593 547.93750
618.17065 542.54315
593.53326 534.16345
538.93610 513.74670
757.01965 577.30713
725.63074 455.04413
533.88580 679.96332
589.32996 580.78601
764.85724 471.07687
574.66351 522.71271
609.93439 625.88007
697.92529 483.79465
585.27832 618.53601
746.94257 637.72363
587.80920 494.90182
563.37665 610.80347
694.16028 762.61444
680.68127 787.31384
764.69177 581.45618
723.02753 728.79486
756.81146 434.05237
605.69012 862.26733
530.81769 682.38751
613.20764 593.36890
747.00378 488.61578
660.16370 497.03284
642.05988 499.19244
627.77393 724.14569
755.97723 625.40997
564.47833 895.97302
623.36578 852.76489
648.40356 824.41418
623.57642 498.80203
605.76971 496.95020
593.92224 496.36270
739.46204 446.87427
608.83630 478.39417
627.93738 471.45508
646.48096 469.46283
664.85339 471.98990
676.49158 477.08997
764.06274 416.72314
672.17517 493.68268
609.80322 684.22650
585.11182 655.88727
558.96545 691.93298
661.39001 799.00818
633.29553 829.94019
567.96729 884.49054
707.32263 748.41022
594.54962 488.24857
556.17474 556.33539
597.17017 878.42535
757.24207 634.31647
573.68756 750.30957
578.28992 757.24280
582.82996 767.32385
585.77802 779.23572
594.56866 792.72620
619.48077 708.21466
623.71423 704.89313
627.32788 701.86548
659.03558 692.00336
736.05927 641.86755
554.03729 526.71075
569.43848 472.48029
584.03937 477.59106
614.98340 711.30737
730.18756 696.24634
547.72656 470.87631
600.55322 814.19263
539.05615 546.36481
575.67493 593.81500
562.51862 836.50433
653.03210 747.78564
630.11847 640.87567
628.11072 783.56378
687.99133 631.36127
655.50305 659.53503
708.35638 662.45349
567.80731 864.25647
591.41241 601.74951
663.69879 770.15155
633.87311 805.31427
677.39832 712.73071
748.26562 665.98120
700.42584 721.36310
744.11780 683.66492
677.62073 676.71216
571.75433 568.80621
578.98657 654.31464
595.92603 650.80688
566.19952 641.23578
586.42242 446.32465
622.83026 428.17136
655.34692 425.00262
682.29504 430.67456
700.92822 443.06140
711.76984 485.57224
767.24426 531.36536
697.01428 518.07849
675.36292 525.29468
646.49377 528.42267
618.46875 526.05206
596.06177 520.34985
580.30286 513.42584
760.80212 524.28589
596.32959 652.45129
557.70654 582.93103
560.44672 662.22992
547.64490 673.15015
561.08313 664.18121
591.22699 657.17084
542.28857 677.18213
539.54645 679.20233
579.83942 495.52274
567.57043 500.14474
559.85614 504.10126
683.20764 481.13156
698.46338 466.83185
384.25208 484.83316
407.95935 484.56549
384.44528 462.88373
360.09723 484.96899
384.00128 506.53394
637.97168 480.54950
660.57849 479.53717
636.79321 460.34814
615.51532 481.56366
639.11182 500.70554
