510.20447 728.18591
497.16898 669.84076
502.37924 687.61908
478.16263 574.27533
496.59976 641.75903
497.72937 603.18823
501.99454 509.62451
343.26852 494.13040
502.79025 450.29520
502.54816 417.34515
504.43106 284.02756
510.40265 735.22827
511.08267 741.93787
511.97583 745.75610
512.51434 804.58698
512.58344 814.67303
512.69061 827.27478
513.05621 840.78363
506.86963 854.89056
498.83392 682.22302
472.68564 677.60693
260.13065 399.67468
406.67358 511.46545
383.12045 514.39685
360.33508 514.31494
332.55878 502.95377
427.22601 505.80960
372.57834 451.12341
399.37201 451.92285
348.55893 456.60150
333.22324 466.20691
310.38727 517.29163
409.67416 888.15210
334.82684 489.35419
245.15469 509.78214
284.66345 501.52115
374.93231 624.56323
469.57513 723.79956
473.33203 739.83850
432.71609 727.74738
409.03979 733.08124
442.78140 739.08954
420.46118 740.48431
381.53259 779.20563
475.07239 668.56793
471.66849 641.09650
303.25992 447.75702
431.59201 561.56012
414.51282 647.47290
414.40186 631.40320
302.90344 615.19257
474.67719 605.42230
359.71161 423.01160
326.66913 431.57300
278.58441 356.45627
461.24664 444.58868
422.52316 459.97443
359.67065 748.08325
264.35074 755.90173
433.08957 664.10876
454.51038 672.95990
382.62427 746.95056
390.35114 748.02802
316.03632 415.16013
412.49390 655.17615
404.54065 425.67096
401.55612 405.08148
366.47589 298.59442
291.52203 385.77869
379.78210 350.30237
290.76825 434.80255
271.08057 420.02600
470.52289 732.65100
437.45700 733.96582
414.40979 737.06848
438.57001 667.75293
386.53473 747.49457
400.07318 770.35126
393.64447 748.65656
447.29834 663.06451
426.23248 742.48492
448.18991 742.10284
477.00336 743.75159
467.44006 851.34949
471.46893 836.65961
472.97296 823.39465
475.66919 810.72949
478.80927 801.72339
429.25769 781.82013
423.95798 785.03436
416.97263 790.86664
412.13654 797.74615
386.34921 714.78284
247.33240 622.10034
500.39948 685.90643
413.37610 768.65698
406.46802 768.84521
463.92093 683.02307
420.88092 668.11133
459.26529 678.23639
405.58099 573.91821
363.75034 588.31586
409.54794 640.43335
311.56802 321.77478
325.72678 361.54788
353.57718 403.05545
402.87390 807.47876
455.52573 411.44495
437.12839 347.42352
428.59525 287.08466
342.29211 510.79034
283.60211 533.36969
440.39697 500.34613
310.80020 475.59088
448.86063 546.75293
431.16772 643.75452
256.15894 555.38684
297.92859 550.57178
326.04425 560.30530
370.28723 557.19623
404.27905 547.17932
429.49637 536.41425
478.98380 515.67523
253.09384 606.73474
292.44189 471.81058
484.60089 680.88293
428.92062 588.80444
246.63312 505.53870
448.83694 524.51166
408.18933 639.10333
324.96088 490.75665
431.62366 623.73376
251.23453 686.80115
440.23645 492.16821
453.08771 612.46045
303.86343 818.83490
310.95416 852.65955
238.17035 617.87054
274.09738 783.15228
258.31027 460.67090
404.87732 918.36896
488.57452 684.69580
405.57471 605.05969
264.63620 503.93060
365.00208 499.55078
384.54507 499.95630
394.90463 772.65332
252.40234 660.76917
451.74359 959.07715
377.05328 917.64630
346.25864 890.05579
503.44476 347.93179
506.86835 965.68823
404.09903 497.52612
423.33823 494.08795
435.21478 493.01849
276.80704 464.41531
417.59351 477.51834
396.69684 472.68054
376.66620 472.96368
357.46295 477.41522
345.84747 482.88953
250.24625 446.42993
352.17737 497.17108
504.15439 704.71692
412.04025 704.52319
433.61826 662.10461
463.07880 703.37085
503.10284 478.34799
338.40851 855.84497
370.45416 887.15247
450.43066 939.54431
285.53442 811.68512
432.92297 486.03638
461.85501 558.53992
506.19763 945.84363
410.39288 942.19440
241.76523 677.21204
451.43472 793.62268
446.07208 800.02026
440.94934 809.89215
437.80496 821.68292
429.97916 833.33948
402.38992 743.43298
397.00381 741.51117
392.33145 739.13800
367.01910 728.47107
279.73819 673.66791
464.62579 529.76636
457.53143 476.09146
442.98352 477.64780
407.59546 744.54944
277.99832 740.20068
476.30176 478.19250
420.08002 858.24866
499.24469 570.89026
478.33563 546.19989
500.61310 541.18365
442.11441 598.77802
505.91251 916.34216
506.40283 882.41571
461.38730 878.35217
363.16260 793.31293
388.77921 658.53400
389.28351 829.14465
332.98523 653.21277
365.95233 682.98944
311.52954 692.91736
453.68085 910.96021
426.13507 610.13513
344.40579 819.69031
376.87427 855.43256
340.29727 756.04028
257.42792 707.84760
309.78314 766.80524
252.61237 733.11328
345.42523 709.91608
446.41272 573.59912
439.09750 658.05225
422.11261 658.17603
450.11462 642.53015
440.57269 457.11847
402.14081 443.76990
367.88593 441.92114
339.83160 447.49649
320.48633 458.49500
307.16901 496.44611
239.09357 563.01868
322.56891 527.68817
345.18051 534.36975
376.38516 533.92157
406.38812 527.76581
430.00388 520.09344
446.12152 513.06232
247.30884 563.02795
421.98972 661.90619
459.62341 584.69147
456.69250 663.41217
470.90546 675.24622
457.25616 666.48779
428.31610 667.85718
476.07166 678.63000
479.33774 682.10437
448.24350 493.49219
458.84363 500.37595
464.08600 506.41348
339.41730 486.74518
323.91632 476.95593
521.41412 573.93396
684.97156 489.14923
530.04150 677.54944
786.89441 394.71967
616.70093 505.03027
639.56134 507.48773
663.11218 508.85907
697.37805 498.23492
597.15356 501.04749
652.27576 450.71686
624.89111 452.42850
677.95044 454.38287
695.18994 462.42841
719.37183 514.20679
609.29413 890.64575
696.16833 484.28662
804.98315 508.18433
750.54480 498.62991
642.68573 623.09796
551.54083 722.70032
550.01514 738.84033
590.84003 725.93317
616.77020 730.45404
582.37280 737.26697
606.60168 738.06750
648.20056 778.77478
520.37378 668.49286
522.40753 640.71667
726.10522 447.50961
583.60138 560.16406
593.90039 646.43634
595.39752 630.05164
721.65216 613.49786
521.85278 604.94000
661.31256 426.17322
698.25439 433.03729
758.11499 351.31497
553.57385 445.79559
601.75385 460.45648
671.51727 746.92480
797.57672 758.09113
575.67676 663.38232
552.86932 672.49109
647.28943 743.22827
639.43048 744.58484
712.04230 418.75266
598.68463 654.17389
613.81403 428.74347
617.10413 411.13013
652.41077 294.72623
736.55298 383.03967
633.66620 348.46405
743.25378 436.53964
766.34961 417.45966
551.24506 731.50171
586.65778 732.07495
611.82861 734.40936
570.40668 667.15179
643.31787 743.87164
629.25415 767.13000
636.13800 745.33594
556.22516 662.44592
601.84521 740.24628
578.03613 740.39172
548.18164 742.89166
548.32111 852.13025
554.97052 835.84692
552.96173 822.43689
550.15912 809.67102
546.99622 800.79346
599.35071 779.57593
604.80609 782.48657
611.69360 788.15466
616.68152 795.03979
635.38263 713.55157
819.41895 622.32562
616.34308 766.15369
622.93732 765.89661
543.35303 682.74536
592.32098 667.37903
547.93091 677.88025
611.69025 572.22345
655.62213 586.56323
602.84271 639.21759
716.03278 316.81442
694.27429 359.32803
669.45154 408.86926
621.97015 808.15607
559.25220 417.36343
572.45795 346.29880
584.37384 284.86923
684.22955 505.79657
748.61536 530.77985
584.22247 496.84286
720.32068 472.31561
563.87561 545.67358
572.06018 642.91925
781.58594 554.05524
728.44769 547.86493
693.77301 556.95062
644.77283 552.09943
610.54205 541.67865
585.47369 531.92633
526.77002 515.26031
783.48132 605.86877
741.12799 470.04187
513.54547 680.90924
584.29279 587.40344
816.39606 502.64545
565.47552 521.01819
607.16895 637.80145
707.99548 485.46832
573.66351 622.59155
814.65894 688.36115
585.98505 489.03088
546.99628 611.69824
734.17670 821.82965
733.76825 856.66180
812.71503 618.32977
769.74573 785.34668
786.37744 458.06555
614.14496 921.87366
512.53967 684.58875
610.20215 603.58289
774.90045 501.20868
659.25525 493.47498
639.44745 493.10748
634.64423 769.25793
786.12585 660.77509
563.57111 961.28052
650.62158 921.87073
689.47009 894.58325
621.05554 491.29169
603.19781 489.37518
591.42444 489.48767
761.57703 463.92386
608.59631 476.04822
629.36774 471.02460
649.60504 470.49402
669.58240 473.37689
682.37439 477.83972
805.19568 441.94186
673.72278 491.76221
605.11353 703.42365
573.65973 661.36249
547.37830 703.14917
693.72400 859.64160
655.47766 891.25342
563.54755 941.64661
768.20239 814.43964
593.18347 483.94061
544.05951 557.79346
609.86554 945.58594
809.49524 678.56403
575.69257 791.86182
581.15460 798.08801
586.43896 807.89392
590.08990 819.75732
589.78192 834.27002
626.55505 740.45959
631.45667 738.32501
636.07910 735.93420
659.94653 727.14142
750.88403 673.08160
544.60571 529.13287
562.88690 476.12024
581.10828 476.81653
622.15631 741.84052
758.74933 740.82739
535.82019 478.76306
599.83405 859.90558
524.23767 545.76898
565.41589 597.88165
553.55713 879.41956
665.76276 794.07391
629.37653 657.02557
635.82550 830.54175
688.19910 652.06146
655.44348 681.77771
715.04401 692.40674
559.99585 912.56006
585.64752 608.67316
685.41687 821.81512
648.06787 858.06091
689.81836 755.92139
783.08124 708.41217
722.48254 767.77704
796.97815 734.80493
681.30609 708.89703
563.35358 572.60834
563.84686 657.34045
585.62134 657.31342
548.02289 642.02484
580.83466 457.67868
619.53284 445.01434
654.79462 442.21185
684.94324 446.34113
707.13586 456.03467
726.05573 492.60617
811.39160 562.41766
704.06866 523.74664
677.05756 530.15533
643.45782 528.16675
613.24316 521.97412
590.34509 515.63293
573.74823 509.64664
818.78333 561.46478
587.66431 661.06616
543.19537 583.95868
541.74719 663.29639
529.95813 675.51050
544.03516 666.48798
582.47137 667.13251
523.15668 678.75287
522.57324 682.03137
576.09735 490.75394
560.33173 498.23108
549.49078 504.42795
690.16290 481.48022
706.60968 472.34274
379.95331 481.42328
404.19724 480.88919
379.73248 460.78668
355.59280 481.86011
380.06268 501.97437
650.85132 478.11835
676.05505 477.60254
649.10901 457.35736
625.84076 478.62595
652.71417 498.83597
