499.13397 679.85999
503.42395 622.89789
506.35507 643.95856
486.12177 548.52332
503.09338 599.18372
504.05219 569.23486
507.90958 497.82056
348.94080 497.35980
509.03806 444.23639
508.94699 413.83551
510.75681 303.06296
499.50018 687.81372
500.65234 695.90210
502.35611 700.30511
502.79227 754.24255
502.32977 762.90796
502.29376 774.23328
503.21030 786.49841
509.57788 815.69592
504.42822 635.05066
483.41501 633.83923
272.36856 416.97388
411.42877 516.19934
388.83841 517.21753
367.37622 515.95642
339.50232 505.84509
431.12677 512.34918
379.45673 456.43298
405.13309 459.70996
355.33051 459.63861
339.85928 468.21924
321.87363 519.73389
425.29654 833.93567
341.44446 493.15009
266.01917 513.34668
299.67859 507.83545
391.83774 602.53461
463.56445 675.26306
469.23026 695.38153
431.97235 682.98450
412.83215 693.62811
444.25110 697.60217
426.40161 702.78192
398.90860 746.02429
483.99179 622.24261
480.84299 599.48511
309.73230 449.80011
441.48816 548.99921
430.15118 613.69873
429.35574 601.64685
326.30362 598.90131
483.21957 571.82410
362.05807 424.28906
330.51611 432.41815
290.26245 375.18747
462.78961 446.41815
427.43878 469.36023
381.99982 716.14825
302.43042 725.12329
447.94824 626.95557
467.19449 633.95483
394.35864 718.68781
401.60535 718.63043
319.77802 418.76483
429.04102 622.64575
405.70593 427.71423
402.03845 408.68237
377.52026 317.32364
304.07861 395.49628
389.91815 359.29117
299.13739 441.37704
284.81873 429.23456
465.30884 686.18408
437.71521 691.06348
419.10312 698.65765
453.35687 630.78833
397.97107 718.70215
408.79181 735.51581
405.16058 718.67358
459.73712 621.35309
433.23639 704.84595
450.50098 700.90112
473.82590 699.76208
473.30704 811.97162
467.64639 783.48962
468.52026 771.29041
471.13193 760.05322
474.63159 752.42902
434.85651 740.32758
429.15024 743.64185
422.08578 749.73535
417.17236 756.81824
404.47260 678.54053
274.27579 615.12793
505.41403 639.83002
422.17908 732.02997
415.16656 733.13654
474.15137 642.18640
437.31271 635.00330
470.89569 638.18365
416.38330 560.95776
378.59668 574.14435
425.20966 611.17688
323.34210 340.82391
337.05176 371.09003
355.23846 406.63739
416.78485 770.90399
455.61594 415.69531
445.40869 356.42017
437.90085 305.98422
349.46817 512.48584
299.27380 534.94861
443.96576 507.67468
319.18146 478.84323
457.95187 534.73956
444.75351 606.49567
280.29584 550.59900
311.80469 547.04968
338.24438 553.23529
380.67148 551.13239
413.52267 543.80542
438.65652 534.26483
486.49875 504.00079
282.48285 594.69897
303.88666 477.26419
492.59601 634.18115
440.75406 569.49164
263.43762 513.96979
457.15784 522.45172
423.99167 612.09412
331.51706 494.36896
444.71368 591.81769
284.28467 668.80469
444.40176 500.99460
463.81885 579.74609
343.10400 771.84973
350.54431 800.60254
270.20218 606.62677
316.84653 742.88812
274.81598 468.17523
423.87708 856.60889
495.95261 639.02429
419.25098 584.92291
283.55029 513.40149
369.75275 502.54550
388.68130 504.17563
403.67084 738.44769
287.37915 640.48596
464.66629 891.29895
403.49976 854.57770
379.42914 831.22974
509.60803 356.66562
512.22748 897.75122
407.64636 503.83752
425.95932 502.56714
438.06683 502.07413
291.10675 474.65686
422.98761 488.11902
403.40332 482.46179
384.60446 480.35858
365.74002 482.42462
353.56537 486.68707
264.29156 460.44583
357.31351 500.01230
507.07117 660.42725
427.00275 666.54950
447.98578 623.80243
471.56012 660.62897
509.06677 471.51962
370.25220 803.41907
396.72165 829.19104
461.83243 876.51837
326.17966 769.17206
437.36160 495.62683
470.88370 539.52087
510.87308 882.60315
430.24832 875.72675
279.21063 656.48206
452.29651 747.41492
446.85196 753.12091
441.67627 762.38019
438.69470 773.70398
440.08902 794.59167
412.44067 709.82703
405.76666 707.89374
400.49567 705.17383
388.41382 694.58783
312.14331 649.52777
472.86136 517.87457
461.51431 482.41388
447.30258 486.57425
418.94940 710.55560
316.44635 706.66492
481.22433 479.36490
432.97055 811.71472
505.39023 544.90161
486.14532 527.33142
506.60101 522.26550
453.15302 573.63934
510.07007 860.56622
509.81891 835.67517
468.63913 831.10870
385.05066 754.98352
406.50131 630.42993
406.74463 785.93433
356.65466 628.73138
386.28455 653.12274
340.87476 664.61249
462.86151 855.26208
438.95508 585.49438
371.50638 775.05676
398.85504 804.95282
366.54385 721.64948
296.13379 680.03674
343.44208 729.31696
293.79871 702.51416
369.98105 679.22021
456.70749 554.53662
452.21259 617.18341
437.41388 621.51440
461.81635 602.25818
443.54401 463.10397
405.82770 447.36664
372.32840 443.42767
344.88428 448.23413
326.43317 459.83209
317.85266 500.92627
265.44382 559.61963
332.82336 527.47247
355.07236 532.66760
384.56274 533.19922
413.42682 529.41986
436.58423 523.22247
452.32904 516.17542
268.25351 564.52112
437.82162 626.65222
469.11740 559.12830
468.16815 619.00287
481.53360 630.43060
468.96811 622.88666
444.11615 632.86560
485.49185 632.61481
488.64560 637.39331
452.43521 500.96967
464.37646 504.05643
470.90869 505.61005
346.59418 490.16406
330.43066 479.49878
525.59705 548.28296
681.09467 489.56491
528.77209 633.74188
779.18689 414.66718
617.57281 508.38843
639.93982 508.49365
662.35413 507.94922
693.39484 499.08017
598.78119 505.69452
648.97864 452.73798
623.67584 455.84073
673.75928 455.06519
690.17749 462.69666
714.13721 514.33270
601.63806 836.72546
690.02460 486.83759
784.30133 512.57611
740.91992 502.47491
633.20074 602.77582
537.71216 675.07629
536.63135 694.91858
577.57495 683.41364
603.88239 693.37683
568.09070 697.23193
592.30408 702.11591
631.24799 748.34113
523.63550 622.26855
525.99249 599.37793
723.39758 443.51508
582.28174 548.34711
586.43213 613.61639
588.59235 601.41699
705.42755 599.33472
525.76331 571.57550
664.87177 418.10815
699.15479 426.36169
754.43317 371.95276
561.06934 440.82153
602.12897 464.80658
649.35455 718.37079
753.57159 726.95520
568.53485 626.92102
548.22009 633.99304
634.71826 715.83856
627.09424 716.10529
711.81775 412.39053
589.40076 622.86951
619.60553 421.19534
623.31848 402.08615
651.88068 314.59879
733.92462 392.47388
634.95258 356.86444
737.04041 435.22485
759.40894 427.01648
537.66522 685.73560
572.80402 691.03033
598.20453 698.04352
563.21631 630.87579
630.88715 715.96857
616.19562 733.54706
623.39294 716.33752
553.20355 621.11438
587.45709 703.99554
563.92432 700.29865
535.43091 699.38232
547.69537 813.17200
541.90430 783.76825
539.55511 771.49268
537.19385 760.06573
534.92719 752.37012
586.05829 739.81226
591.01886 742.82898
597.64301 748.70026
602.83917 755.59387
619.83240 679.89813
784.52844 616.26910
603.61115 730.91174
609.82300 731.53693
541.07898 642.38013
582.40192 635.57898
544.39453 638.35345
608.86023 560.46667
648.71844 574.08899
594.50446 611.36652
713.88098 337.39471
694.28479 368.02005
672.82080 400.12390
610.41608 773.19751
567.66705 409.69751
575.77264 355.15747
586.60797 304.42432
681.76404 505.02847
740.22302 530.22754
586.59186 501.64859
715.31195 472.74258
564.28839 534.02618
568.45465 606.27429
761.80432 550.41174
723.76520 542.93970
693.27930 549.68976
647.40234 547.72266
613.24475 540.26233
587.53210 531.02594
530.83337 503.60010
758.61206 595.28845
733.76147 471.44708
516.57629 634.23010
580.97949 569.01996
794.91864 513.45020
568.57495 519.24609
598.01801 612.43811
702.28809 487.86017
570.31860 591.48553
773.53888 670.35602
587.83118 494.83423
547.71753 579.44757
699.59619 775.29657
697.40222 804.49664
779.87378 607.28412
729.27722 745.28912
772.97540 466.69421
604.58685 859.85760
515.13849 638.94775
604.22675 584.80707
761.69983 508.49408
658.56281 492.56448
639.65363 494.02823
621.85803 736.30603
754.79211 641.62933
561.84259 893.28076
633.35455 858.28235
663.13678 835.40515
621.58063 494.68582
604.81390 494.82056
593.66437 495.36270
750.33368 468.82529
607.30969 484.53546
625.68286 480.20914
643.75781 478.34747
662.63416 479.52512
675.50641 482.42255
791.32751 459.11035
671.50989 491.00668
594.17426 667.50421
567.49957 623.70081
544.57391 661.12848
668.36499 807.39960
637.47235 833.14087
561.93549 878.40417
726.16956 771.68640
594.15259 490.46204
546.00256 539.05463
600.71423 878.76465
770.77417 657.64325
562.56329 747.16602
567.02600 752.71161
571.86859 761.96411
575.56842 773.20770
583.83295 796.43359
612.46649 708.27039
618.20135 706.25311
623.20764 703.67694
639.59912 696.36542
723.68408 650.72644
546.90918 517.34137
566.64557 477.41940
582.78491 481.15704
607.26111 709.21033
723.97888 708.57721
543.21320 476.11151
593.06287 814.04797
528.19885 527.00049
564.13025 573.34198
553.16718 832.46045
647.09882 757.63611
617.36951 630.97742
622.97705 788.62732
671.34174 629.50769
639.88477 654.09680
690.93982 666.08429
559.34906 856.92810
581.13281 585.08417
663.65723 778.32141
632.86542 808.19867
666.30945 723.99615
747.24738 681.59863
693.30127 731.90741
755.41907 703.99780
659.79700 680.85876
562.73035 554.06366
560.47235 616.92389
578.43835 621.43042
547.88428 602.06061
584.12909 457.53058
621.44446 442.36938
655.23901 438.33765
684.20886 442.55356
704.87073 453.52094
718.98004 494.97552
784.82611 559.62408
700.92932 522.07452
676.21625 527.24023
644.56451 527.42285
614.81512 523.87445
591.79315 518.41919
575.90802 511.73071
791.11548 564.82111
579.32745 626.75751
545.02521 558.71918
541.48383 618.94739
529.42059 630.54932
542.49231 622.91022
573.79431 633.13177
524.40491 632.67731
523.00018 637.30121
578.37201 495.17963
563.56445 499.59741
554.35699 502.21161
683.58789 484.92590
701.72986 473.30939
386.50439 491.49268
410.20636 491.61487
386.63025 472.35889
362.85645 491.28387
386.36340 510.32190
632.98254 485.89850
655.94348 485.59412
632.90125 466.53622
610.18530 485.98456
633.02008 504.80426
