512.56970 716.28619
509.93759 621.84137
509.94855 649.52094
491.03326 540.40576
510.12070 595.39478
510.73141 562.69720
512.51196 486.51367
343.37595 493.62994
512.79352 432.47272
512.77521 400.48895
514.12408 284.07098
512.44904 725.44690
512.22095 734.30060
512.27258 740.02661
512.09460 739.95392
512.26855 749.04883
512.26465 760.76654
512.28180 774.07117
511.47552 817.60760
510.11368 635.97778
487.08395 636.02130
264.55463 407.64780
411.74759 507.06805
388.63898 511.08618
366.08984 511.93481
333.89957 502.59537
431.43085 500.45206
372.31351 445.57941
399.63199 446.66901
347.41461 451.19049
331.53485 461.61279
317.10196 517.32465
423.93866 854.29645
334.05737 488.76837
254.68094 511.81995
290.00037 503.63266
393.74634 607.54657
483.70135 712.22992
486.24643 734.47339
454.39703 723.22894
433.95227 734.39709
463.09131 737.78632
443.86053 742.25189
404.26495 770.06769
489.57919 621.16919
486.57465 595.94061
298.84821 444.35266
441.66095 544.90771
433.27747 616.97113
432.20319 604.18353
326.57703 607.30713
488.69153 565.70142
353.62384 416.09235
320.37491 426.00153
285.58771 361.41177
461.00861 431.66071
423.74417 454.96082
386.99677 745.02142
287.09238 745.46454
451.28806 631.14673
470.88568 638.68475
408.62881 751.88678
414.34061 750.81189
307.46170 411.47443
432.47763 628.94318
399.80850 416.61038
394.61249 397.13214
378.37286 298.25311
299.98318 382.79117
391.29834 342.64697
285.56247 434.46164
277.58197 419.86069
484.39609 724.70477
458.64362 731.16284
438.63641 738.48956
457.10596 635.95587
411.56763 751.37329
424.01105 753.28546
417.55084 750.23199
463.00327 621.68750
447.97845 744.55243
466.64096 741.52368
488.31870 739.97064
479.68890 815.70398
483.21609 773.24103
484.07672 759.86407
485.80347 748.53687
488.05402 740.01166
447.58868 744.26331
443.35025 748.77649
438.50732 755.21790
434.54150 763.20673
411.19751 698.00409
257.61823 625.31744
510.09698 642.56085
433.18170 747.00659
428.76956 749.84509
478.24017 648.53052
441.57898 644.30267
474.73886 643.71832
416.44025 560.17480
378.79645 577.21130
428.39832 616.20007
321.70084 323.79160
336.15781 356.09509
344.86975 397.66998
423.71353 787.23389
451.40039 400.19409
448.32626 339.20279
440.44910 286.37506
346.13077 509.56638
294.18060 534.48242
444.28439 494.13739
309.66772 473.51801
458.63620 527.81763
448.12216 606.41193
271.56708 552.40332
310.97192 549.07880
341.64099 555.50446
386.31769 549.86597
419.09647 538.74384
443.61685 526.57684
489.77313 492.99625
276.56793 602.98059
292.71719 471.74017
497.70651 634.99115
442.50021 568.11804
249.62415 515.29724
461.75290 512.93683
427.20096 618.76471
323.41608 490.23999
447.76410 590.98761
268.61328 684.21753
443.41168 486.22897
467.93521 575.51562
330.62515 797.42462
333.82449 828.76636
259.11078 614.83905
305.84070 764.42792
265.42780 462.32196
418.31805 881.59576
500.24487 641.53137
421.10315 587.44543
272.08502 508.79999
366.97559 497.98529
386.89285 497.34009
419.60019 757.63788
283.51984 653.31610
462.10565 918.65784
391.72241 885.12134
364.02136 861.87628
513.05023 340.14545
513.75940 923.92450
406.39694 494.07666
424.84641 489.91992
437.26694 487.99884
277.12747 467.61792
419.56015 473.76996
398.67569 469.36005
378.93298 469.22009
359.22256 473.67386
346.72156 479.89716
253.77390 456.01038
353.20782 496.26862
509.88745 670.38348
432.80951 681.85455
451.12534 626.48859
476.53024 671.61169
512.85858 460.25665
357.67200 830.94995
386.40799 856.73163
460.55637 898.92438
310.17831 793.34802
435.67056 480.94830
473.77020 531.66028
512.74139 903.70215
423.22327 904.79163
269.32220 669.35175
466.33231 741.34778
462.23981 748.23480
458.92896 757.53247
456.79767 769.45142
448.04333 803.50891
427.98193 746.63336
422.77295 745.38544
418.68048 743.64099
395.08987 719.67676
312.19159 663.04773
474.71756 508.50598
461.03870 467.58807
445.74243 471.48169
433.38794 747.43646
312.43719 725.76953
483.31546 465.27112
435.78558 827.81934
511.40686 536.26410
490.14935 517.50757
511.97220 511.84955
456.06516 570.99750
512.20605 875.89148
511.77441 844.48291
472.44556 841.89655
382.87677 780.30621
408.62921 639.96558
406.79367 807.63818
358.74139 637.84460
388.61237 666.18036
341.16058 680.05615
464.24869 872.04810
441.31595 586.21600
363.90344 800.65198
393.53577 829.19696
364.89673 747.81409
291.71609 696.42017
338.57703 752.38141
283.33267 719.43823
371.98712 700.49200
458.73672 549.59424
455.58734 617.33209
440.65503 624.88855
466.06848 599.86298
440.70776 448.88321
400.09177 435.84479
364.82104 434.48502
336.39139 441.29449
317.25223 454.04425
309.13904 496.66629
253.22421 562.65637
330.43509 526.17285
355.64999 530.86456
386.80542 528.94794
415.93115 521.83270
438.79770 512.92529
454.43851 504.36780
252.12561 570.36194
441.27078 632.23663
472.87726 552.98596
472.44986 617.96912
485.61176 631.35193
472.78046 622.84741
448.32318 640.10211
490.12735 633.40057
492.50250 639.79657
452.21677 486.35522
466.06421 490.70026
474.60233 493.98059
339.53503 484.68945
321.78772 474.14301
531.92188 540.53625
678.76904 492.71637
533.04285 636.49109
764.44574 410.48654
613.84485 501.95047
635.52423 506.04004
657.19153 508.54623
688.96765 503.20728
595.21869 496.10883
651.83813 446.29205
625.62323 446.09460
676.10742 452.47839
691.53394 463.05676
706.67773 518.43835
601.70923 856.52759
688.57257 490.10071
772.16919 515.32031
734.50531 505.79132
629.47400 609.57983
540.69122 711.26099
537.17310 733.53131
568.15674 720.99951
586.71716 731.62604
558.94183 735.87158
576.73840 739.94342
619.56763 772.90149
530.43665 621.55188
533.67487 596.28418
725.64502 446.90668
583.08075 545.73206
587.41858 618.53809
589.14868 605.60480
697.27759 610.21021
532.87915 565.90039
669.05957 416.32886
702.93451 427.76666
743.50006 363.61713
563.19043 428.37616
602.68701 452.98169
636.66064 748.14014
739.08020 748.33813
569.08124 632.55963
549.43420 639.88861
609.33704 748.96814
603.77588 748.01184
717.05151 413.25195
588.10712 630.70593
622.96283 414.90161
627.98273 394.89374
649.72827 299.28461
728.04590 383.74301
635.02686 342.83188
740.28662 437.20087
750.32849 421.67053
539.42798 723.73657
563.52991 729.16180
581.89893 735.88190
563.00793 637.32556
606.48914 748.50085
594.92767 750.74847
600.52869 747.57153
557.39355 622.63916
572.44391 742.39417
555.01758 739.85217
534.90991 739.19214
543.92053 816.62103
540.13684 772.69275
539.07178 759.16711
537.39679 747.64240
535.05939 739.05811
572.70532 741.95154
576.98511 746.68079
581.50995 753.27435
585.43036 761.50610
610.56738 700.42352
768.12323 629.30640
586.08984 744.56500
590.31421 747.30188
542.10083 649.62946
578.97742 646.16888
545.60925 644.90613
607.78638 561.54694
645.46960 579.35388
593.08453 617.95947
707.42505 325.35913
691.41559 356.50204
678.23175 397.47504
600.26453 789.47046
572.20880 396.30383
577.51624 339.42093
587.40375 286.92377
676.54462 508.16919
730.31110 536.59204
582.95312 490.39569
714.00336 475.54919
566.51935 528.26062
572.57007 607.52435
753.79260 555.78333
712.53674 550.16394
681.85614 555.39935
637.78082 548.50989
606.11407 536.49683
582.49609 524.04578
535.39624 493.12576
747.82794 606.43085
731.86017 474.10468
522.50647 635.29095
580.83130 569.07208
778.18243 519.21313
564.75867 510.01025
594.65369 620.60529
699.81061 491.91833
573.65070 591.97528
756.91797 687.53857
584.09674 482.56940
553.69000 576.03796
697.12042 800.92029
694.65979 832.23450
766.20782 618.17114
721.20593 767.48065
761.76086 465.10352
608.14160 884.08929
519.90833 641.77728
602.00488 588.95087
753.85767 512.42633
655.63599 493.12296
637.09576 491.15634
599.20825 755.17157
741.08527 656.45679
565.66168 920.42529
636.93604 888.07959
665.02148 865.27942
619.09674 487.96198
601.84753 484.84174
590.04663 483.93634
748.24292 470.36908
606.75806 472.02917
626.36536 468.91406
644.91724 469.78427
663.64221 474.80048
675.69165 481.17236
774.67267 459.49652
668.79834 493.30344
588.33228 683.88007
569.23181 627.82996
543.83966 672.68774
670.01593 834.48352
640.64240 859.79449
565.45160 900.44232
717.38000 796.28442
591.52594 478.00839
550.27783 531.92975
604.84338 907.41498
755.76147 672.32574
555.33746 739.54700
559.41791 746.55310
562.66235 756.08240
565.21600 768.45227
575.80151 805.06445
591.18787 744.02594
596.04456 742.50958
600.20325 740.66278
627.58551 722.52411
711.66675 666.04681
550.49725 508.82971
565.82129 464.03583
581.36334 468.27582
585.86041 745.17297
713.45288 728.73651
542.73242 461.66400
588.91956 829.68536
533.81360 517.59924
566.57373 571.83508
551.71820 842.92676
641.89612 783.46826
613.44324 642.10797
618.17957 810.23126
664.55072 640.35040
634.11194 668.64026
682.74182 682.99371
560.70697 873.44501
581.12158 587.31415
662.60071 804.00037
632.53717 832.05792
659.60632 751.20337
733.91351 699.42310
687.24292 755.67999
742.64404 722.25458
651.55688 703.46027
564.95471 550.22681
564.80389 618.29333
579.73529 626.40356
554.39874 600.58325
584.95221 446.18045
623.85657 435.13092
658.25867 434.98407
686.53491 442.49695
705.93658 455.91119
714.60956 498.53625
772.68976 566.20062
692.79248 526.46918
668.00403 529.40332
637.53760 525.93463
609.52838 518.17371
587.73267 509.59805
572.52496 501.06567
774.55994 574.48187
578.97583 633.85504
550.05402 553.33301
547.75067 618.63635
534.62439 631.89117
547.61346 623.61957
571.90747 641.65936
530.10504 633.82550
527.51624 640.16394
575.22369 482.76013
561.06555 487.23611
551.85846 490.60065
682.93097 486.08185
701.23560 475.90070
377.65170 482.08820
401.96078 480.31650
376.28876 460.98804
353.05450 483.72412
378.91034 503.08115
647.39423 479.89392
671.98157 481.79370
648.94159 459.80438
622.68359 477.71680
645.85522 499.66132
