520.12988 743.21802
522.60748 693.93781
519.78070 703.86749
499.49451 596.69415
522.84015 668.36462
521.97571 628.74194
518.82050 525.82904
341.35498 493.24509
518.13910 450.39035
518.40442 413.50311
517.61401 267.57440
519.72015 750.48669
518.86688 757.60242
518.02271 762.28345
518.39264 762.09863
518.41241 772.73639
517.98901 784.69257
517.05524 796.81274
514.21136 826.70691
521.92517 702.82263
494.67795 695.68854
222.29929 366.70203
409.87750 521.34564
384.75491 522.97900
360.42496 519.85303
329.43585 499.91748
431.51526 515.54419
373.09558 444.77145
401.72467 448.69916
346.95715 448.20093
330.20193 456.91553
304.21817 513.83557
424.80762 857.83496
332.53964 483.71878
215.74805 483.37570
271.07584 489.98117
385.36133 632.17810
485.74631 737.19495
486.49118 754.58240
453.89462 737.85974
431.12335 736.62524
459.28876 749.95593
437.77939 744.91443
393.96378 763.16425
501.46997 692.38678
498.65985 666.95758
287.52866 429.34515
440.94861 570.25922
438.80005 663.79187
437.47296 646.37000
304.11951 618.61298
499.07529 630.04755
351.28217 412.26471
314.32599 415.63474
248.92540 326.48636
464.81470 447.29590
426.42993 461.12872
372.37613 738.04596
253.72789 708.28601
456.41980 679.78687
476.59439 688.63531
396.83066 730.91748
402.93890 733.79724
297.76434 394.78198
436.18771 668.54285
400.85709 421.57291
396.79349 400.03351
359.72455 276.90811
271.08710 363.25647
377.80005 336.71637
268.90323 412.75116
243.62669 394.81586
485.59369 746.54907
456.41550 743.91309
434.22028 740.57404
461.15182 682.67444
399.98840 732.38654
415.06143 744.68164
406.04190 735.19995
471.45056 682.28326
440.60782 748.42633
462.15106 754.48779
488.01471 759.67810
478.95215 824.52161
482.63385 793.62695
484.07678 781.33765
486.25879 769.65076
488.73914 759.70654
441.28146 748.41760
436.79489 752.22473
431.90121 757.68414
428.08539 764.08752
403.56262 716.24731
217.75137 580.50903
521.02863 704.11310
424.93842 742.44568
419.94312 743.30945
485.69687 698.13434
442.37347 678.99084
481.39011 693.63464
413.61349 581.34778
368.69846 595.51788
431.98468 652.79126
292.25317 295.56454
313.50046 342.16943
341.50391 389.40015
416.29718 787.96411
458.12524 413.97192
443.70044 338.54013
432.36435 268.55905
340.38058 512.23480
274.14426 529.40192
445.65057 510.20224
302.13165 463.57611
459.31631 557.24200
455.85089 663.60651
242.33180 543.11194
294.28156 552.43719
329.00500 566.65112
378.24106 565.16614
413.64493 555.74048
439.67200 545.52338
494.44394 530.63965
246.22433 596.99670
277.78357 456.27438
508.55844 701.60083
443.36664 599.56110
204.69693 466.31857
459.94537 534.65967
428.15967 648.82111
319.58713 482.70294
454.61258 642.01306
231.55826 643.40979
445.48819 501.09686
476.53052 634.21277
315.66693 785.25714
320.25171 804.98389
222.85278 591.92560
279.82254 748.66833
227.89597 434.78271
422.85886 879.54761
510.18503 702.85028
419.05774 613.76575
245.37772 489.88098
364.66187 506.56979
385.50565 510.06134
410.79666 746.52234
251.12256 646.96857
466.40552 910.53931
395.97012 869.90100
362.71237 842.69989
517.94110 340.40680
513.78027 914.84760
406.24478 508.36859
426.38959 504.26617
439.42862 502.51434
255.21719 445.46194
422.19434 478.08746
399.78757 469.01996
378.10406 467.83228
357.79028 471.39355
345.55133 476.58405
208.50925 410.67505
350.81879 500.22906
518.82458 716.94031
432.22766 710.67249
457.44943 679.19000
482.06268 714.75415
517.85852 484.85574
354.52246 820.53485
388.56967 849.66431
464.63333 899.69946
284.80908 762.56213
438.33191 492.15009
478.17575 575.09857
514.16241 904.11194
429.14050 894.47314
234.01349 647.55792
463.11188 754.66223
458.76514 761.85547
455.20541 771.00525
452.87573 782.19604
444.00766 809.75433
420.10980 739.30469
416.16583 736.41528
413.08347 733.85779
381.35547 724.76752
282.63174 668.21979
477.28491 542.53650
463.02722 483.92838
447.63834 484.54523
424.60992 742.43799
284.36722 720.86658
486.00137 487.27832
433.36157 832.58704
520.93634 594.25726
496.79471 565.82690
519.91748 561.89545
460.39316 614.48938
514.47339 883.20117
514.26666 853.46826
472.76993 850.64740
375.55838 775.90918
405.00610 665.06592
402.85318 806.87000
340.03745 657.82788
377.84967 686.28571
317.55139 691.12543
466.55164 879.31799
444.59134 622.76184
358.43750 795.66559
392.38394 827.50140
351.38794 744.68121
259.93488 687.84338
320.48569 749.53125
250.92177 699.31622
355.06213 708.46887
461.22128 587.02789
463.79398 677.92975
446.37265 674.79803
476.23654 665.68561
443.47562 459.71643
402.14651 440.08362
365.50046 434.48743
334.92444 437.37158
313.69769 446.39740
298.35400 486.42682
216.07788 537.51538
319.82654 528.01221
346.01633 539.08209
380.23886 541.36078
412.00659 536.42755
436.50238 529.09058
453.47940 522.57007
209.75266 521.75702
445.65903 676.52673
479.15015 604.08435
482.82468 685.76843
494.12820 694.86841
481.57068 686.74982
450.81360 681.02686
500.01831 699.03668
501.35318 700.19336
453.95959 503.07962
466.54114 510.24805
475.08917 517.01331
338.40662 480.44470
319.36682 467.08594
541.54016 596.30231
685.58966 490.32928
547.00494 694.68866
784.98077 363.27881
618.95087 517.35211
642.66455 517.88080
665.82483 515.23792
695.05151 497.05026
599.28101 513.10339
657.65796 443.60541
629.36804 448.27533
683.17993 446.31952
698.41565 454.85736
716.37170 510.50143
600.99200 854.19788
693.86682 481.71603
792.21399 478.55893
744.40295 486.69290
643.92554 629.44434
553.17487 735.41913
549.32843 753.14050
581.50214 734.04156
600.51697 732.08655
574.00598 747.22437
592.90344 741.43298
630.06616 759.26672
543.26959 691.62085
546.12823 666.24213
736.40222 426.29718
590.16089 568.97937
598.70856 661.55347
598.51959 644.35541
719.58380 614.11914
544.16034 629.41724
683.37634 408.36188
715.64764 412.24799
764.98169 324.42068
573.00043 441.29596
604.96869 461.16794
651.63336 733.59314
750.72961 700.64844
581.59363 677.93884
562.26843 687.47461
630.79327 726.39862
625.05682 729.49670
729.46777 392.68069
599.69537 666.32141
637.39648 415.92902
641.92401 395.14417
669.37781 276.54254
748.57483 361.90942
653.71796 337.05850
750.61810 411.22327
770.60303 392.18707
551.98193 744.97803
578.06403 740.75433
597.11322 736.49689
576.53418 680.94293
627.79962 727.97205
613.72241 740.92322
621.79913 731.08838
569.98260 680.69336
589.38556 745.37775
569.91095 752.16107
546.37744 758.42035
548.42377 823.39294
549.55829 792.40491
549.73877 780.06787
548.48749 768.41675
546.33984 758.58856
589.22260 745.72363
593.66602 749.39282
598.17261 754.65662
601.27802 760.92975
625.36096 713.14349
782.57166 574.33557
604.10327 739.22882
609.10266 739.85071
553.07715 697.52484
592.76404 677.12006
557.56372 692.85425
615.78430 579.57343
659.02783 592.75812
602.59015 650.72504
729.35254 294.50677
711.87244 342.10547
692.71924 386.48871
608.59973 784.66101
581.25824 408.47943
591.10651 338.58423
601.20966 268.32745
684.63086 508.30847
742.16687 524.64404
586.64783 508.68146
721.57678 460.96930
573.41150 556.23645
584.53931 661.83844
772.66846 538.27557
725.93066 546.52606
695.18964 560.29114
648.62604 559.83118
614.76843 551.65094
590.21600 542.78259
541.97882 530.34802
769.95612 591.64252
741.56958 453.54205
534.98285 701.06299
589.18982 598.18359
796.11804 460.95422
571.67938 532.56543
604.43298 646.74658
705.07446 480.61365
583.99731 640.39465
770.73401 636.41583
586.66943 499.75739
564.62421 633.09015
700.76422 778.60883
692.48065 797.46600
785.37823 585.90869
733.09631 741.57611
782.72021 430.91119
602.09277 875.66626
531.88153 702.49493
611.67816 611.87787
765.26868 486.89368
663.37231 501.97925
643.30023 505.20016
617.61884 742.62927
764.51776 641.05554
559.59509 907.90918
625.14801 864.20483
654.99658 836.05457
623.45996 504.42249
604.66858 501.88303
592.53729 501.05902
758.60004 443.53815
608.07098 478.97986
629.21313 470.02539
651.02679 468.00760
671.03247 470.61880
682.60278 475.23743
794.91492 406.00555
676.57568 496.48178
600.52991 708.48401
581.53278 677.34253
554.93298 713.95752
664.83362 814.70837
633.71295 844.79565
562.17529 897.48694
723.42169 754.72076
593.38116 491.70624
558.78088 574.34827
594.91089 889.99872
774.67212 641.09705
569.66675 752.69641
573.80133 759.74170
576.67810 768.73682
578.00208 779.90820
582.06348 807.26929
608.92871 735.36133
612.85938 732.07764
616.12195 729.24158
644.55725 720.73218
737.63074 662.54303
557.29797 542.03656
570.25793 482.44397
584.57007 483.98407
604.22626 738.99292
732.65625 714.30267
548.55023 484.97910
592.39789 829.49310
542.12878 565.37195
575.94922 613.42999
554.63446 848.97168
647.19427 771.30243
625.33569 662.31262
621.19238 802.84650
686.42706 653.67480
650.03101 682.80164
705.96570 685.89117
561.02740 877.32361
589.46869 621.23328
662.99707 790.18622
631.18286 822.84180
671.25732 739.76404
754.89966 681.38965
699.57428 743.46954
758.94067 692.41589
670.11072 704.11578
573.40460 586.02063
577.62433 676.17981
591.94257 672.71381
566.78339 664.34009
590.69666 456.92963
631.74127 437.21411
667.71350 431.80878
696.15912 434.52533
714.10474 443.72031
721.90808 483.55225
791.42908 532.08551
703.15912 523.82996
678.86755 534.20691
646.41284 536.48517
616.22034 532.60950
593.49255 526.67993
577.90881 520.74927
790.10858 516.03809
591.25964 674.36743
559.86707 603.24719
560.68530 684.32910
548.44043 693.83484
560.91443 685.39380
585.76404 679.10504
543.16968 698.20825
540.38934 699.42493
578.65106 501.87463
565.77808 508.90805
557.72644 515.44739
689.05780 478.82892
707.09344 465.02814
388.40094 484.81757
413.14551 484.58392
389.20273 460.47308
363.16312 484.74283
387.43674 509.32910
635.58087 482.78958
661.27979 481.70410
635.18610 460.64310
610.36096 483.52032
636.28979 504.96561
