530.50311 737.16882
534.49347 646.66760
529.91217 668.93201
510.34314 561.89783
534.78394 620.68201
533.10730 586.38184
527.12299 503.80396
342.57440 491.72165
525.14856 440.67200
525.19977 406.99121
522.66656 278.38229
530.02130 746.37433
528.89740 755.18555
527.72845 760.92419
526.63446 761.63159
527.01184 775.49048
526.74445 791.34558
525.80957 806.74438
528.92572 834.76666
533.14105 659.09857
509.36081 657.21826
246.51929 389.99170
412.43680 514.68652
388.03183 517.55432
364.61804 516.26678
332.39911 500.14667
433.92050 508.40698
377.45599 438.16504
406.23090 442.56729
350.56964 441.91583
332.70642 452.03882
313.07959 515.80981
436.19995 866.31519
333.55850 483.29724
235.82013 502.39752
284.22650 496.23792
399.90781 619.92462
498.51254 730.20862
499.32642 752.50287
467.08170 734.96899
444.44550 738.39862
473.32446 749.83508
452.26160 747.63892
409.08377 773.79724
514.57324 645.79266
511.81833 620.75391
297.91525 428.83493
450.75735 557.17828
454.95480 635.35413
451.94019 621.61987
321.52026 615.86633
511.18774 588.90387
359.10370 404.52026
323.16901 411.10342
273.81244 345.13370
470.05029 435.24664
430.85120 455.41992
389.65479 745.13623
260.41306 740.87140
472.80847 649.64917
492.42343 657.30652
411.64224 741.66388
417.77405 743.35175
309.06238 394.43097
452.68094 645.39166
407.23859 411.29498
403.43768 391.58051
380.42792 288.15753
293.71277 371.02386
396.90964 337.95474
282.42780 417.82288
265.52606 406.96686
498.50342 742.70746
470.13080 742.71405
448.21887 742.96515
478.14648 653.93689
414.80869 742.53485
428.23270 752.97754
420.91785 744.19617
486.00781 643.10699
455.28619 751.26733
476.24438 754.85834
500.46237 758.46967
492.72882 832.96692
492.10925 803.50018
494.14786 787.98444
496.76105 772.28711
499.52899 759.34485
454.66031 751.55634
449.54547 757.04077
443.87799 764.49811
439.18768 772.69574
420.71259 707.29468
230.17447 612.54492
531.58234 664.10944
438.96713 748.18066
433.67383 750.33484
499.45087 667.02954
459.58063 659.15656
496.20441 662.27307
423.73914 570.90649
381.69641 587.10126
446.65164 632.10236
316.83026 310.22122
335.64636 346.57523
350.47583 385.06467
430.15186 797.87030
462.69131 403.07520
457.44836 338.13303
446.88876 278.93344
344.18689 510.59705
288.04080 533.18140
448.50385 502.31390
308.49725 463.60956
468.87769 541.41772
470.91769 627.19214
259.17371 551.56293
306.19598 551.76050
339.29150 561.86334
386.27090 558.15717
420.40527 548.05750
446.25601 536.81732
503.44598 509.64017
262.46851 605.01794
289.11313 460.01135
521.20282 658.09692
454.67032 582.31775
224.47089 498.00592
466.29596 524.05945
442.54633 632.85870
322.32550 483.51270
468.39511 610.54504
240.56909 675.25385
448.59506 493.53955
489.42807 597.11389
324.10413 804.50354
323.31305 832.54773
236.23676 610.92310
289.19513 769.83984
249.70023 451.11450
433.18936 889.86951
522.48236 663.03345
431.33435 599.92816
262.60205 500.63831
366.40308 501.94446
387.22552 503.72006
423.41589 756.13892
266.58807 656.85168
478.49588 922.03235
401.01422 888.04065
365.71960 865.70172
524.13184 340.39685
528.52753 926.04614
407.89182 501.32684
427.83783 497.29657
441.62433 495.52515
270.45459 454.88794
424.53424 474.49539
402.64911 466.17831
381.39877 464.25500
360.26385 467.71490
347.10809 473.79297
231.71725 438.51495
352.25696 497.29395
529.29590 689.05811
447.86810 694.82391
473.47333 645.96344
495.68262 689.55945
525.28149 471.50351
361.60681 837.64185
396.19919 863.70447
477.91800 908.28113
289.46307 793.70679
441.08865 486.08844
488.82172 549.54590
529.89252 912.15143
437.60309 908.04749
244.89120 668.00476
475.41202 755.50531
470.58325 765.16528
466.25757 777.19849
462.95856 791.08167
457.55508 818.64740
434.50952 745.39453
430.02570 742.69757
426.42441 740.13751
399.86896 723.83057
301.09485 671.24500
486.53897 523.64282
467.57986 475.64032
451.77487 477.46790
438.96442 748.11395
299.52872 732.93610
491.78546 475.74921
445.38339 841.62286
531.00348 558.26520
506.87927 537.21484
529.04407 532.23145
472.35284 588.60431
530.27405 889.55835
529.61841 860.56494
486.23291 858.11151
388.29675 786.57758
420.36929 652.65790
414.21136 817.64636
358.39221 649.86108
394.89246 677.56720
337.12582 689.78381
480.17737 886.10510
456.78595 601.97253
368.83014 808.43689
402.30832 838.70764
367.11017 752.27722
274.11618 700.93219
334.97528 760.14264
260.46140 721.09424
373.92358 707.27490
472.20703 565.58435
478.92792 638.82587
462.94400 643.84692
490.33072 623.05481
447.89917 451.55054
406.97913 431.71173
370.64340 426.27136
340.36835 430.69037
318.77393 442.45084
305.97754 489.27734
232.54715 556.16339
326.98096 527.25983
353.23447 535.67371
385.96786 535.90051
416.65332 530.03528
440.94431 521.83258
458.05206 514.09119
225.50702 554.54077
462.40057 649.73560
490.70148 572.82886
496.99734 641.53070
508.37860 653.57410
496.04156 645.12463
468.12036 656.61676
513.50098 656.27698
514.91956 661.18530
457.63651 494.50522
471.38058 500.89972
481.06537 505.49329
339.61517 478.70654
321.82843 465.21320
550.32385 561.83405
684.81580 491.97192
551.56567 657.06000
751.47229 394.85870
620.00287 512.90051
643.45551 515.06244
665.32654 514.17493
693.56390 501.21759
599.16064 507.43423
653.26880 442.65015
625.21558 445.67999
678.79950 446.92850
694.83472 457.03577
710.84222 516.37549
614.75330 862.85999
692.67834 485.62378
765.19299 504.30716
734.29041 498.71320
643.05328 619.31464
560.65137 728.88074
555.57770 751.48529
585.84705 731.83362
601.76160 734.81567
576.78357 747.81464
592.54358 745.13818
634.18268 771.42505
553.09149 645.59387
556.17950 620.57220
724.10388 437.08072
593.00415 557.22583
599.54694 635.00336
600.52606 621.23761
712.05420 614.89575
553.68060 588.76318
671.13196 411.88696
702.89746 419.69666
734.61041 351.16467
570.22479 435.45245
601.46704 456.70639
651.24274 742.81488
738.11804 737.98523
581.65479 649.45825
563.96167 657.35522
624.08612 738.72754
618.28662 740.54272
713.57343 403.86301
599.27716 644.84869
627.64874 415.50742
631.31458 395.66058
653.80322 293.11996
725.09509 376.20563
642.92908 342.50137
735.32288 426.09033
744.32367 411.04352
558.87885 741.57385
581.48517 740.28479
597.58502 739.89752
576.05579 653.75049
621.12805 739.68689
610.40344 750.16772
615.19843 741.49695
573.70667 643.04688
588.35388 749.17126
572.40491 753.16364
552.40485 757.61322
562.34076 831.93030
557.37872 802.42859
556.72394 786.74390
554.60168 771.10730
551.36493 758.25964
587.54425 749.15613
593.20935 754.53314
598.64563 761.69458
602.59534 769.80981
625.45642 705.75208
757.24347 612.87750
599.74377 745.74817
605.31012 747.73785
557.99329 667.03607
591.09625 658.58362
560.78687 662.38855
617.75366 570.78772
657.82764 586.71777
603.68896 631.60718
704.47595 316.43329
693.07587 352.30688
677.93958 392.54114
617.02795 795.45221
577.34302 402.99802
588.39661 340.49014
595.17725 281.69736
683.41528 509.99557
733.66992 533.45746
585.07153 501.85077
715.27844 468.19772
577.13440 541.51117
588.02490 627.10883
756.35266 552.05029
720.34320 551.13611
692.87952 560.59875
649.98505 557.01447
617.53430 547.06805
593.00684 535.95575
548.72186 509.84824
756.45410 604.41150
730.96338 465.26160
544.26819 657.92395
591.85120 582.25708
762.61780 500.59033
574.70532 522.98145
604.79327 632.29626
702.41187 486.59329
587.93005 610.38867
750.98206 673.83771
583.73328 492.99509
571.62500 596.94202
703.73132 800.04645
696.76257 827.34485
767.79089 610.29565
730.01807 766.10815
754.99744 454.15912
617.02539 885.91278
540.36206 663.01105
612.89301 599.63641
750.87030 502.34653
663.34253 499.44092
643.88257 500.83917
614.75806 753.16486
752.97510 655.33398
575.23663 919.41046
638.65112 882.77106
665.65253 859.96887
623.71405 499.11823
603.86841 496.02045
590.39459 494.94684
744.15649 459.84705
606.56024 475.83774
627.65430 468.63000
648.52466 467.14160
668.63757 470.76630
680.79565 476.77634
760.07440 442.24277
676.17896 495.97119
602.55774 693.88348
582.25580 645.91663
561.15741 689.30865
673.57410 832.81702
646.31494 859.10486
578.19641 905.88934
719.52429 789.71954
590.89709 486.12378
564.57050 549.56732
610.12848 903.68384
761.29578 666.23505
571.40186 753.52466
576.69769 763.10327
580.79510 774.98718
583.35431 788.95508
593.87280 816.60394
605.18787 742.71973
609.96606 739.72516
613.83972 736.83081
642.94983 721.88672
728.23566 669.47437
562.45508 523.97363
568.90594 474.17014
581.44489 476.92596
600.24615 745.90094
726.69446 730.00818
551.05176 473.77509
605.32324 838.79132
549.70648 537.20648
580.39221 588.62976
569.62823 856.45996
652.53772 783.48645
624.42340 651.67224
631.19397 814.39038
681.38983 648.52637
647.91064 676.13861
698.92218 687.76129
576.51599 884.11157
592.27515 601.82001
669.67896 804.35486
642.52844 834.79120
671.44177 749.62494
745.75354 698.62939
698.72760 756.76642
750.07910 718.41809
666.17462 705.34186
577.49860 565.67859
581.02057 638.68719
592.38330 643.61298
573.45428 622.84393
587.02899 451.76746
625.91180 435.34103
660.89044 431.87323
688.86847 436.97141
707.55743 448.62323
716.28625 492.79977
769.14026 556.81213
699.69635 527.21350
677.02661 534.31561
647.03900 534.24792
617.83942 528.61615
594.58679 520.95721
578.58081 513.11255
759.92645 556.10724
590.93640 649.31549
566.63232 572.75134
567.28290 641.15649
554.29486 653.29987
565.91486 644.95935
584.57837 656.08978
550.86987 655.99713
546.81970 660.98975
576.17303 493.99985
566.11981 499.61304
560.66754 503.94299
687.53198 481.47559
703.96002 469.48145
384.40018 482.50027
410.06506 482.30225
383.71808 459.58209
358.09576 482.63342
384.75455 505.38544
644.14539 483.28723
669.81567 483.39536
644.15948 461.06561
618.19489 483.04593
644.09436 505.52512
