505.52545 746.78638
514.30493 659.96851
514.92432 678.38684
493.70999 573.54755
514.06171 635.19379
513.78418 600.15613
513.08911 512.25323
347.67264 494.95963
512.26160 452.22601
511.77051 419.95496
509.57828 285.52240
505.74115 753.87939
506.38776 760.44373
507.39948 764.65778
507.63919 764.49530
507.66443 775.89343
507.96844 789.85620
508.81055 803.80835
517.47498 828.82043
514.48688 670.74103
492.19315 668.05621
250.89592 389.14188
411.63007 514.27625
390.21066 517.31921
368.44141 517.89551
338.38550 503.28802
429.49133 509.49707
373.40625 453.97858
399.80371 455.75949
350.03296 458.46918
335.58118 466.97995
318.45959 519.17810
432.79712 861.72400
338.24310 488.24023
247.66328 498.32410
289.83905 500.23914
399.93475 627.15302
480.38925 740.56323
484.89029 758.39166
458.70593 745.32623
444.49643 751.90436
467.32278 757.75092
453.54877 758.87366
417.70789 783.89197
494.95084 659.14923
491.71817 635.28577
302.60406 450.40878
444.64374 562.71179
444.54187 647.00519
442.84973 632.55951
331.20978 622.35730
492.49634 602.56116
356.98938 432.37073
324.62219 437.47620
272.38159 348.80511
459.51266 453.63123
422.52353 464.67276
401.01151 761.29565
286.18860 724.54382
461.79324 660.88483
478.95007 667.65125
427.26218 764.65192
432.31348 764.11304
311.97864 420.81799
444.38928 656.22687
400.92621 436.25690
396.83463 417.06598
369.16458 297.12222
290.61731 380.36349
385.59607 351.26291
288.15387 436.05835
267.32208 411.48169
482.05588 750.88342
462.92133 752.27490
448.76837 755.64331
467.10968 664.65735
429.84033 764.44666
438.30707 769.28131
434.97708 763.83875
471.06528 655.52533
457.40680 761.12915
471.05569 761.19385
487.72943 762.80273
487.87561 827.22870
483.04871 801.85205
483.53549 787.67651
485.38818 773.71204
488.13638 762.91809
457.78113 761.78821
453.07855 767.59204
448.23151 774.94489
444.41763 783.11957
424.13986 720.05530
254.70300 599.59235
514.56372 674.39856
447.41626 762.52539
442.81641 765.73163
486.12091 676.87299
452.51093 669.37585
482.59262 672.38757
421.17520 576.66937
383.41980 594.00012
439.62061 642.34637
310.05054 317.30649
328.33389 359.03217
348.83841 412.78348
435.53845 800.99622
452.19351 423.54315
444.24832 350.30511
433.46637 287.59088
349.46838 513.03198
293.58868 536.13086
441.02228 504.86618
313.53278 475.48584
460.34302 547.39062
456.74716 640.07581
269.86212 552.21112
311.02002 556.42957
341.98926 568.16003
386.19022 563.40546
417.39700 552.32275
439.72794 542.00812
490.45743 517.65833
277.76996 606.21857
294.15356 471.41705
502.50635 669.93298
447.93762 589.68201
241.38412 489.27847
457.02426 531.23328
437.76587 642.01575
328.07498 489.06250
455.78110 622.42578
267.18613 660.20154
439.61667 496.04492
473.10175 609.85645
335.14636 797.42255
336.21307 819.81317
256.81061 604.08521
307.83127 760.17126
255.98071 450.66562
427.46045 885.38782
505.01755 673.44135
427.85974 607.28790
269.78998 501.55682
370.62805 502.66522
389.46875 503.02115
434.38275 773.28180
286.29550 655.61572
469.22147 919.56824
399.46387 881.14575
369.97327 856.01971
510.58267 350.86002
518.99530 924.55542
407.14514 500.36798
423.89526 497.26349
434.85846 496.65009
276.61847 462.38373
419.03275 478.43634
399.12100 471.81183
379.01202 471.59113
360.01941 475.69128
348.94128 481.13251
241.55139 433.51541
357.32513 499.42175
515.44836 697.76434
444.77362 706.25977
461.44754 657.66656
485.08032 699.19427
512.65747 480.19098
364.96448 831.75201
394.96271 858.58209
468.51297 904.46997
309.91092 778.37579
433.06537 489.20093
476.15848 558.50024
519.02362 909.63367
431.41354 903.75293
268.41705 658.80396
471.44522 761.64844
466.96075 770.48920
463.39648 781.58282
461.25214 794.45691
458.60114 816.45251
442.64603 761.09064
437.99731 759.79938
434.23495 758.05286
409.09155 739.23035
317.65253 673.56677
475.56818 530.71069
457.50995 483.23193
442.11557 483.09030
447.29523 762.14612
317.21033 730.21289
479.67044 487.04919
444.81210 838.10229
513.62274 570.10938
491.92291 546.92987
513.37878 542.07550
461.40472 598.39899
518.55090 885.38995
517.98700 855.26331
480.31943 852.45044
392.95810 792.04492
418.15857 661.23730
416.34930 818.11072
365.11414 656.59595
397.88904 686.40839
348.27597 695.53766
472.22931 880.89630
449.12061 611.02875
372.19427 808.06714
402.18457 836.31250
375.08643 761.82788
294.94534 697.00653
345.56259 761.70398
283.33582 710.18341
382.47781 718.82880
462.23297 573.54529
464.02304 651.64233
451.72717 655.64581
472.53848 636.85962
438.90704 464.14203
401.05466 450.34326
367.51935 447.51697
340.33078 451.46423
322.14026 460.61658
311.68341 495.08051
248.83200 550.69623
332.23438 530.97382
356.51056 539.38239
387.27771 538.17188
414.93491 531.49664
435.64853 524.44061
450.22122 518.38666
247.08929 543.48285
452.62717 660.95544
476.25574 583.61725
478.85541 654.75250
490.51996 665.17047
479.17542 657.53955
459.07495 667.14325
495.13556 668.04211
497.56674 671.75812
447.77197 498.58243
461.42404 506.82806
470.02380 514.22815
342.78680 485.17303
326.91266 476.33157
533.80176 572.98541
687.94727 490.21301
537.09265 667.44476
769.50916 383.96857
613.70587 512.82373
637.23260 515.24988
660.88660 515.43237
695.19781 497.29688
594.83679 508.55038
657.85297 443.26990
628.45508 447.88498
683.75220 446.15442
699.52612 455.12463
710.41693 514.17999
604.81006 859.47821
698.28174 480.29227
781.46436 493.48929
737.45239 493.37311
630.15942 624.27582
531.76782 739.84943
529.84760 757.91260
557.24591 744.77472
574.65320 751.06293
550.38300 757.24463
566.82239 758.40198
618.28693 781.04993
533.64471 658.61920
536.79083 634.61188
727.86084 436.78888
582.97400 560.79364
585.99445 644.78180
587.47546 630.15210
699.72363 618.35236
535.27173 601.89380
675.81824 418.28882
707.69702 422.44995
746.11102 344.53360
569.29529 448.13171
603.40674 460.22528
635.08057 758.16980
755.66144 721.99628
568.37537 659.26611
551.08136 666.58521
597.52979 763.30151
592.46924 763.09271
719.09308 406.83472
586.43622 653.92773
631.53577 425.47382
636.09186 407.38269
650.34106 295.08255
729.35687 376.39642
635.65234 349.31876
740.79486 424.74713
754.31561 406.91696
531.04382 750.18921
553.68604 751.63025
570.75781 754.85742
563.14429 663.16174
594.92242 763.25928
585.23950 768.63611
589.53723 762.96838
558.28552 654.33118
564.05432 760.83344
547.82153 760.79370
528.85846 762.52081
547.16663 826.43890
535.94366 802.06702
533.65985 787.68146
531.31244 773.61316
528.93304 762.75647
564.00696 761.73151
568.69312 767.42285
573.75220 774.79706
578.29297 783.07446
609.31012 717.47693
781.87738 595.84613
576.26770 762.30652
580.52759 765.26099
544.11627 676.11316
578.70831 667.45294
547.48657 671.52167
606.69043 574.21417
645.44739 590.90784
591.11957 639.86853
708.61633 314.11865
691.50336 356.19409
684.03967 400.04993
600.36450 798.63104
578.47614 418.87979
577.41479 349.20551
586.24750 286.49316
682.37952 509.46436
733.83960 530.98029
582.78320 504.36115
718.57642 464.92911
567.08301 545.85406
572.94653 638.41589
760.59851 547.57782
716.19958 551.87732
684.21631 564.19617
638.19482 560.15356
605.97931 549.71936
583.38025 540.35815
536.03784 517.07648
755.08252 601.87225
734.99170 461.73639
526.56512 669.56683
580.57568 587.72223
787.83069 484.21155
566.07733 530.49890
592.73358 639.46649
706.61066 480.43359
573.66235 620.55865
772.90918 656.99353
584.96204 495.85172
555.42786 608.62878
705.29724 794.67334
705.36011 817.78296
778.47229 599.94934
732.84753 757.33331
768.99261 445.67798
611.27350 883.20361
524.15857 673.15094
601.12830 604.90326
755.98212 495.35089
660.95258 501.23914
639.32269 502.00128
589.81482 772.48553
749.17987 651.72308
568.70300 918.29614
639.93738 878.79327
670.77448 853.78760
619.49768 499.59839
601.24463 496.78378
589.68994 496.49103
750.65710 454.30548
608.93591 476.05560
630.98364 465.98032
653.45282 462.94250
674.82874 465.51923
687.04785 471.43069
782.39789 427.96164
676.53644 496.75049
588.08063 704.14166
568.44977 656.12830
546.62311 698.40009
674.61340 829.05627
644.76196 856.27051
569.59332 903.20349
732.13171 776.21112
592.67035 488.76855
551.49005 557.44958
607.08081 901.57922
769.86237 655.31586
547.82220 761.54688
552.15833 770.41205
556.24524 781.68182
559.82574 794.76685
576.89166 814.60828
580.26306 760.31866
584.25323 758.76031
587.83368 756.87476
625.54382 736.27802
717.04865 669.74896
551.29193 529.78381
566.95312 481.97516
582.20746 481.56226
576.41211 761.81342
720.37952 726.79553
544.32428 485.91125
592.06866 836.14099
535.25500 546.30219
567.12268 596.91864
555.97778 851.39398
643.54749 788.99890
612.81763 658.28094
620.48718 815.43616
666.80444 653.10693
634.47089 683.28149
685.65625 691.86310
564.87103 879.68475
580.02942 608.93378
665.44446 804.86621
636.16943 833.72412
661.13361 758.62091
742.43549 693.52014
691.81482 758.35614
756.79010 707.21509
651.74353 715.52344
565.69116 572.09491
565.39929 650.24133
578.60474 653.71478
556.27429 635.67065
587.91467 459.37921
628.71161 441.12128
664.63098 435.40765
693.01770 438.24536
711.26453 447.75269
718.72723 487.05804
783.16345 546.08807
696.82349 526.57928
670.61041 536.27704
638.23987 535.41968
609.20294 529.31677
587.92297 523.08691
573.20074 517.73700
785.78027 539.03296
577.86975 658.95514
551.55139 582.53955
549.95636 653.81763
538.62823 664.61243
549.84155 656.78259
571.77448 665.30286
534.04883 667.52454
531.62634 671.21497
575.84332 498.19431
561.92053 506.58072
552.99335 514.07703
693.64087 476.29907
707.95837 465.74402
385.49493 483.91486
408.77756 482.68942
385.06180 462.46722
361.85278 485.14255
385.69366 505.44507
652.09705 480.54346
675.36902 480.43231
651.44287 459.82034
628.62549 480.48438
652.67889 501.35645
