503.61185 717.16650
499.30359 656.11536
502.93054 672.93665
481.59991 568.55310
498.92480 630.60352
499.87476 595.32294
503.97855 507.72607
349.00348 491.70599
505.26389 444.66614
505.20029 411.04028
507.19568 275.95895
503.81561 725.88770
504.42325 734.82159
505.35797 740.43213
504.17151 775.74280
503.88049 787.56250
503.79034 801.99518
504.14047 817.28320
506.43268 832.58893
500.34457 667.37097
477.01083 662.96649
271.73938 383.76917
412.70300 512.45941
391.03506 513.75360
369.61456 512.85034
340.76428 498.99155
430.62308 509.24872
374.32281 448.95233
400.63889 452.36905
350.93066 452.73773
336.74164 461.59436
323.81116 511.84277
423.27338 853.92639
340.55518 485.20374
265.73914 491.97516
299.40393 493.67902
385.12610 612.88269
468.18698 710.31348
471.65027 731.11212
436.32715 711.65369
415.64444 713.66492
445.61182 727.19958
426.45035 724.66656
391.52899 757.16644
479.35156 654.52911
476.25406 629.64575
305.90051 441.37888
436.65033 555.16034
424.34039 635.06989
424.13620 620.21674
318.42407 602.53137
478.54437 597.01422
354.07379 421.81735
324.57568 427.16174
287.86658 342.63983
453.54352 446.98312
423.45676 463.22931
372.43661 726.13287
304.82812 714.59564
441.26346 650.43451
460.81479 659.21869
389.67670 718.49298
396.22055 721.05414
313.04663 410.51324
423.03949 642.34906
396.09421 426.81476
391.47406 407.00339
371.59625 288.00128
300.06091 372.05234
384.37762 341.24963
294.04999 427.72357
281.68500 404.20660
469.06277 721.42944
440.77142 719.79944
420.79102 719.23383
446.42618 654.11609
393.01645 719.75897
405.98557 741.87189
399.45978 722.48932
453.35834 648.67621
431.45837 728.43005
450.36783 732.10315
475.01208 736.72736
470.20581 828.79816
467.60733 811.87341
468.55841 796.85815
471.14908 782.47540
474.53217 772.13464
431.49127 752.29547
426.40332 756.13562
420.11014 762.82343
415.80939 770.74438
397.30676 695.38104
277.03400 593.38025
501.43655 670.83240
418.07788 740.16693
411.87262 740.29291
468.92520 668.49109
430.53317 654.28064
465.04614 664.04474
411.73068 566.14948
372.51678 579.10583
419.99106 628.47778
319.06073 309.77719
332.47379 349.86301
346.07492 402.04224
411.66849 784.92450
445.09088 415.67554
440.35468 340.24722
432.25021 277.69937
351.34891 507.95963
301.54523 525.90045
442.04501 505.53259
317.46143 469.90091
452.93988 541.69476
438.74622 631.12213
276.74777 540.11786
315.87683 543.58496
343.22632 554.27460
385.43671 552.96338
416.58347 545.41479
438.91534 536.89642
482.02408 513.07574
277.78293 589.14435
301.20410 464.67612
487.90649 665.95709
435.78723 580.49445
265.45798 484.08151
455.43906 526.87769
418.55566 626.89362
331.25525 485.75256
439.00854 612.89136
287.77014 652.25519
441.28412 497.54291
458.55261 602.93115
341.52917 779.70447
351.88449 805.15149
269.74570 593.59790
314.86267 744.80353
272.87787 444.29578
423.74191 876.14325
491.10992 669.60297
414.05243 595.08856
282.95032 494.71252
371.10349 499.23465
389.96957 500.46625
401.16193 744.27368
282.60760 638.19891
464.03931 909.99219
405.56699 868.80518
381.80414 841.78076
506.01138 341.54468
508.62964 916.42920
408.12045 499.32166
425.22369 497.87631
436.34088 498.06674
287.26608 456.18494
419.72626 478.32452
400.13440 469.57886
380.33347 467.36407
361.49933 470.68335
350.41342 476.64307
265.00360 428.38940
358.09357 495.94415
503.92862 688.50806
421.46991 686.86530
441.38397 648.36414
466.97995 686.87738
505.27716 474.58325
370.68372 815.70496
396.89886 845.42963
460.73303 897.80627
327.31219 766.09424
434.15976 490.19183
466.00397 553.21545
507.54004 904.26160
431.34109 893.14709
279.16406 647.32739
450.45978 763.76410
445.26691 771.24347
440.67737 782.33685
438.04837 795.90002
436.35864 810.53143
410.05991 722.68188
404.80188 719.29907
400.43433 715.89856
379.36517 707.82074
304.12930 654.03168
467.95874 526.00665
456.35095 481.56396
442.95410 483.15002
415.54718 725.58850
310.50781 711.48285
475.43811 482.84528
429.70187 830.09436
501.30008 565.73749
481.67648 542.44629
502.59039 538.15637
447.82135 590.10876
506.80725 883.25031
506.68732 856.04089
465.68268 851.20398
380.40497 767.59015
399.92841 644.37128
403.29822 801.64246
347.64429 638.80292
378.39948 666.59344
331.32239 674.14624
460.75931 877.39185
433.87061 600.30457
369.28998 788.08069
396.91165 821.74078
359.30353 732.14380
291.90222 680.03925
337.62585 738.65631
293.33514 697.85968
360.72699 690.90564
451.60599 566.76599
445.88739 644.04230
431.15427 644.75897
456.35461 630.09235
437.21573 460.53214
399.26624 444.05505
366.20764 440.01544
340.15686 443.89081
323.50024 453.76062
317.65146 489.92148
265.07996 542.52014
335.86353 522.74896
358.63220 530.76575
388.10852 531.66925
415.49274 527.61737
436.13318 522.21161
450.17209 516.54877
270.79318 537.90302
431.48401 648.52533
464.03363 577.56006
462.53223 649.16791
475.49091 660.41620
462.72833 651.85034
437.34036 654.29663
480.21130 663.73761
483.01245 667.23462
448.88150 499.45978
460.68073 505.25952
467.51605 510.54205
344.57336 481.34491
328.99780 471.92001
522.13861 568.80762
680.92944 492.73578
527.21375 663.70477
772.85968 385.82141
615.41516 515.59430
638.31781 515.71033
660.83716 514.25769
691.72998 501.71497
595.68842 513.04749
648.54016 449.45636
621.19403 454.01221
674.17383 452.39212
690.91156 461.34039
711.89148 516.31158
597.92194 856.95654
689.96777 487.22003
780.53485 495.96667
739.22083 500.40942
633.86853 615.43781
541.64728 711.89160
540.80444 732.26801
579.31012 715.12177
604.39404 717.27264
571.32654 729.46313
594.61597 727.26434
633.79675 760.32440
520.05621 655.12988
522.47705 630.08698
724.08759 440.91968
580.62408 556.20789
586.07446 636.74933
587.87701 621.57257
707.44812 606.76971
522.23346 597.22137
664.21899 418.39618
699.48401 424.45752
750.07532 343.75378
558.28235 448.86560
598.37122 466.08789
654.12415 729.67438
750.41016 720.55048
568.36926 652.06683
547.35913 660.12579
637.82404 720.57654
630.88275 723.06360
712.69177 408.50348
589.33014 644.17664
617.86462 425.43927
621.17963 405.33572
650.73639 288.08987
731.38116 373.62347
633.49860 341.51874
738.47137 430.04712
756.06750 406.94202
541.79999 722.77557
575.40790 722.64050
599.75323 722.26361
563.15820 655.61084
634.28967 721.78735
617.54285 743.50836
627.51501 724.37915
551.97723 650.00726
590.49554 730.58435
567.54626 733.87982
539.32196 737.71936
545.04041 830.08551
543.47540 812.85071
541.80688 797.79565
539.56213 783.33575
537.04883 772.93335
588.14978 753.84326
593.06165 757.62030
599.14453 764.19250
603.59802 772.08630
621.90503 698.00574
780.64832 598.75311
605.21997 741.81897
611.40723 742.00616
539.33899 669.24091
582.84015 656.06689
543.13507 664.92072
607.27075 567.75507
648.46765 581.81458
593.98987 630.13934
711.40033 310.18686
692.33374 350.65720
672.05310 398.84610
610.44897 787.71143
564.79523 416.82645
573.65955 340.44406
584.84802 277.70541
680.30438 509.81769
737.71997 531.84167
582.53748 509.59448
714.63104 471.77887
562.40161 542.41223
567.44800 632.55585
760.66125 544.80145
720.92639 547.63141
689.87305 556.57965
643.82599 555.21320
609.87518 547.99567
584.53302 539.31580
527.59656 513.34851
758.44202 594.51575
733.17743 468.70654
513.30786 666.40686
579.65015 581.49451
789.06622 487.62146
565.33295 528.36804
597.66052 628.65363
701.00574 488.38657
569.24683 613.95221
769.58630 658.23419
582.98907 501.91779
545.42645 603.61554
697.05811 785.30609
692.68945 810.54846
777.09265 599.15198
727.83813 750.51099
769.12988 447.56940
598.73669 879.36475
511.92679 669.84058
603.49115 596.72766
760.49066 504.13681
658.20831 499.61160
638.86188 501.75348
622.71576 745.86194
754.90442 643.91003
555.61902 911.57800
625.64349 872.14893
656.19617 846.27722
619.76660 501.95782
601.40375 501.70535
589.05707 502.62158
750.64612 463.25223
605.52356 483.36053
625.40833 474.28287
645.21448 471.29562
665.02783 473.69324
677.30957 479.07812
784.46899 431.06729
671.48779 496.32214
594.29883 688.76483
567.05365 650.02094
543.09595 687.94489
663.28717 820.82526
631.87421 849.74048
556.94781 899.74390
723.25842 771.63782
590.26117 494.84860
543.51495 553.71790
593.20758 895.48889
767.84662 653.33148
564.75177 765.03497
569.52405 772.43756
574.00623 783.48151
576.97668 796.94678
582.10577 812.50244
614.78711 724.94745
619.73505 721.86353
624.05524 718.83557
643.86432 711.01361
726.73096 659.13123
544.41406 526.56140
563.44879 484.65054
579.16016 486.82806
609.74426 727.59747
725.69867 716.83276
539.52136 484.76208
590.86285 832.63470
524.88470 542.67181
562.69598 591.08154
550.42358 852.65936
646.92072 771.55371
618.17700 646.57166
621.28674 804.99573
674.56702 642.57727
642.24841 669.60767
695.34607 678.74487
555.67230 879.20502
580.00372 601.27112
661.01654 792.78967
629.43329 825.69830
668.84552 736.50708
747.24896 685.67401
694.53534 743.81091
752.98395 703.74994
664.00598 694.65051
560.99890 567.58197
559.35120 645.52081
578.16467 646.53168
545.60028 631.13696
581.02112 463.02921
619.10443 444.25287
654.19373 438.41278
683.76349 441.97083
704.63867 452.82266
717.16895 494.41870
781.65112 547.42389
698.42090 526.04419
673.34851 533.11865
641.62195 534.18073
611.99744 530.89581
589.03802 525.81415
572.89874 519.70447
786.52521 542.29926
579.26038 650.25800
542.53467 578.12439
539.08734 650.32104
527.58319 661.49707
540.80896 653.24182
574.04315 655.86578
521.74969 664.48157
520.58813 667.72137
574.11768 503.14218
560.28937 507.95197
550.86719 511.67175
684.34521 483.43826
701.31982 472.89700
391.00690 482.63202
415.40045 483.31128
391.10114 460.49615
366.27713 481.94067
390.64899 504.71747
641.05621 485.68182
665.62231 485.08127
640.08643 463.82504
616.77448 486.25314
642.17493 507.57227
