495.16064 715.44702
482.12024 609.04431
489.64880 641.79712
466.04236 537.91064
481.00397 584.35791
483.22449 555.81421
491.45996 488.90524
336.82336 502.05850
493.49835 428.68661
492.78955 396.27625
494.67450 295.98917
495.33096 725.09985
495.91937 735.18713
496.88330 742.22302
496.78009 742.69470
496.74033 751.60138
496.77960 762.39044
497.18768 774.32300
498.80524 806.83978
484.97885 624.11829
468.26703 627.60577
259.19998 419.79437
403.43414 522.60785
378.99658 525.83081
356.22443 523.69446
328.43729 509.76453
423.14603 513.40338
360.85379 438.09235
388.94910 438.90625
336.44507 446.68900
321.99951 461.16180
309.87585 524.48712
410.73053 846.61731
329.45316 494.30408
248.74991 521.17218
283.24722 506.67065
376.51929 611.66235
467.33167 710.84497
471.88754 735.38062
440.81628 721.04138
423.59857 732.50244
451.63922 737.81854
435.33298 741.92969
391.31152 769.65277
462.84842 609.54651
458.27307 586.40680
287.35388 436.43756
425.28027 549.41846
416.65131 614.59375
415.22833 603.74664
308.05267 615.66302
461.57394 559.65540
333.22006 395.73840
305.05258 411.82477
275.99368 374.21121
436.99918 407.09540
414.32428 450.28308
373.73953 747.06604
287.02673 751.28772
436.72952 627.14191
455.91132 634.03540
404.57715 752.13770
410.43878 751.27271
291.17181 396.79178
418.90939 627.80048
375.17694 390.81754
368.88498 369.66827
361.16895 312.46759
285.54294 389.83615
370.79535 349.16800
273.54935 426.55692
267.26691 427.76178
468.81836 724.29242
446.05936 729.98889
429.16595 737.29584
443.62561 632.26978
407.60196 751.75317
417.58066 753.40222
413.56354 750.74811
443.45010 614.42017
439.98590 744.91309
455.90509 742.79504
474.97110 742.10461
466.55222 805.62250
468.41287 773.43103
469.03156 761.42371
471.18158 750.99030
474.45374 742.57001
439.38593 745.12183
434.45801 749.58105
429.13129 755.31879
424.84296 762.35687
396.88870 697.51428
261.44937 633.12671
487.57953 632.32971
427.22430 747.45648
422.45267 750.28119
461.81696 643.80676
429.97922 643.67529
459.10034 639.05170
399.90067 565.69470
360.69629 583.92615
413.80856 616.65540
308.04712 337.49185
318.17090 362.63367
322.76010 376.50092
410.42010 783.58704
426.35645 371.48233
426.96756 346.15872
421.19641 300.34888
338.37494 519.20398
285.84631 542.23169
435.68591 504.43024
301.86569 474.70819
441.58362 531.75946
427.32477 601.30725
257.64337 561.71375
301.21506 557.64929
329.99249 563.80487
374.11700 558.49866
406.92279 547.64197
431.21863 534.01581
469.49567 495.76672
261.27774 612.40436
283.40344 469.57263
473.68915 623.72546
425.62384 570.80811
252.09842 525.25128
448.40002 518.69263
414.05902 620.76068
318.70789 495.08777
427.38647 588.28137
271.22372 691.33850
436.64203 495.46338
443.58768 570.91290
320.22168 799.09106
328.94611 828.44745
250.93329 623.21863
294.77084 769.20459
257.94702 471.71024
407.97711 871.91614
478.89838 631.84436
405.41534 591.16840
265.14169 512.51868
358.06439 512.36884
378.15125 514.55310
412.99878 757.32135
269.16992 661.43585
453.95886 907.33167
386.93744 875.83307
359.75339 856.42358
492.54047 345.92020
506.89548 913.13245
398.93274 511.81036
418.00540 505.27948
430.22141 500.00995
267.37524 465.87146
413.82599 473.71625
391.96619 465.96112
370.37469 465.89478
350.74222 472.43152
339.48871 481.21396
252.11157 467.56146
345.08850 507.48969
490.52847 663.76099
418.19690 680.09698
435.00494 621.61798
459.21869 666.98370
493.83209 460.83060
348.71143 828.02234
377.35760 849.72467
448.90082 888.80371
306.71381 796.82855
429.32739 486.45856
452.83264 532.74408
503.28491 894.08240
416.47385 893.29498
260.65903 676.71466
455.22397 743.17004
450.26788 749.83948
446.35028 758.25732
443.84161 768.97467
434.90436 796.17346
422.27612 746.50409
416.53662 744.80981
411.70508 742.62146
381.23947 720.67389
295.59009 670.40662
456.07004 511.81573
447.84271 465.82190
436.30170 473.56790
427.93286 747.54163
298.68552 731.35944
465.02600 459.04346
421.98517 821.28912
486.22000 533.18121
467.33093 517.99396
488.82620 511.88300
436.15167 570.60388
500.66513 867.45215
499.51929 835.62567
458.36267 833.20776
369.36389 780.47565
394.81573 642.33173
393.30963 804.47400
340.52496 642.78088
372.78836 668.50970
324.34332 685.13043
450.15179 863.29620
424.24420 587.26227
351.80170 799.87482
381.10022 824.66125
350.31091 750.73309
278.32227 703.36853
324.56287 755.93036
273.36292 725.82141
356.59314 703.91479
439.96008 551.38220
435.20679 610.38776
424.46973 621.01965
441.30963 592.06232
425.36792 436.90863
383.74268 421.42026
349.61551 423.07632
323.51746 434.16284
307.36267 451.17682
303.29193 500.66425
245.88937 571.62323
322.41296 534.28790
345.21191 540.12317
376.06421 540.23169
405.90894 533.64246
428.67917 522.78467
443.58887 512.13513
256.50656 579.10077
427.23444 629.48663
449.77539 551.32672
448.61902 608.28058
464.66510 621.64270
451.65433 614.00574
435.79068 637.92700
467.47705 622.87335
472.58572 630.80920
443.88007 493.99139
454.35043 495.71948
460.04504 496.86908
333.75726 487.83771
314.95233 476.66635
508.44434 537.11890
691.22644 493.93408
510.40903 626.54895
788.40887 408.45670
613.70831 514.55713
640.83057 517.96118
666.56226 516.89655
700.88293 502.00610
590.95355 506.26959
655.55090 428.59033
622.69037 430.97833
685.74506 436.13947
704.63544 450.24164
721.31830 518.69739
602.94275 848.73688
700.89392 485.19354
803.80371 513.11200
752.41754 500.14990
625.79175 608.47986
524.16040 709.83887
522.31903 734.18506
553.82178 719.43079
574.07800 729.23383
545.49908 735.73029
564.28406 738.59436
619.13068 768.74011
503.36130 608.65082
505.84305 585.40009
740.73621 425.91675
574.97272 546.80383
569.78137 611.91095
573.51758 600.90796
707.60486 610.93201
506.97168 558.80786
678.41858 387.31381
715.50085 401.43442
756.40851 362.78842
557.46484 405.57178
594.65973 444.39700
636.80981 745.18787
795.82690 748.65063
550.86945 625.14124
529.94574 633.03973
599.32397 744.93152
593.51392 744.73352
730.74341 387.37183
572.31244 625.68140
627.86591 385.75345
632.34314 366.55136
642.50836 304.75012
732.72668 380.76147
624.50812 343.78873
757.23572 417.46637
765.07037 418.04388
523.62415 723.05225
549.66302 727.98315
569.35480 733.82050
544.81207 630.86743
596.25616 744.87787
584.58704 747.60510
590.22144 744.58221
535.72437 612.00220
560.85632 741.59955
542.33374 740.65704
520.98370 740.99622
533.49066 805.55194
527.86163 772.05249
526.12524 760.03284
523.97394 749.69458
521.34857 741.35370
561.18683 741.64111
566.05316 745.59155
571.06897 750.79883
575.45135 757.42487
600.87372 695.40515
822.01624 627.94232
575.45667 742.98572
579.78162 745.12366
522.45142 643.34503
564.62408 642.71002
525.91595 638.40363
603.50226 562.43964
645.72717 580.06567
578.99872 614.15295
710.09192 327.18716
688.01477 355.33646
688.49408 369.74011
596.63416 783.53754
566.20898 371.64688
561.52319 342.99820
573.06445 295.83130
688.53522 512.17981
747.99713 536.78754
575.21112 498.37897
728.11377 465.13147
555.21454 529.61194
551.77405 598.73517
778.82117 554.94348
729.40649 553.37909
694.26489 560.11835
643.05786 553.83014
605.43060 542.47754
577.09589 529.65814
516.45599 494.90948
775.53101 606.66614
748.50616 461.72525
497.07318 623.27991
570.32410 568.36230
820.25635 516.92407
555.71851 515.24158
583.62805 618.44012
712.06232 485.87402
555.02924 585.90912
814.62415 687.38708
574.58875 489.25220
531.09033 569.36365
724.83289 800.16528
731.23883 831.02155
808.91821 617.39575
759.78210 767.83722
785.47131 462.29886
611.40857 875.27747
497.00653 631.45789
594.53046 588.34918
775.21960 505.60944
665.05304 504.37195
642.13116 506.06396
589.33594 750.98450
772.54883 656.56354
563.67596 909.60504
650.39984 880.61023
688.06165 860.91687
619.21289 503.19104
597.49359 497.36859
582.47076 493.30499
768.16589 458.49457
600.69946 467.70648
624.91156 458.70642
649.24805 457.98810
672.81598 463.86490
686.78284 472.35840
808.11249 457.23065
680.68079 499.69772
575.00299 678.44073
550.22656 619.28693
524.63293 666.21771
688.40607 830.89673
652.09564 853.77100
561.46283 890.51184
766.09351 796.51776
582.76453 480.92816
532.64594 531.16699
609.48376 897.33960
803.03516 672.14227
542.84161 740.78455
547.66479 747.12482
551.47760 755.19080
554.55933 765.73804
568.29523 796.19470
579.82941 741.58264
584.72589 739.58032
589.07184 737.28918
622.35492 718.37048
730.80603 666.14740
535.42322 510.35626
555.49780 463.11066
571.53741 468.84332
575.16901 743.14374
739.42877 728.51825
529.60956 458.54077
587.26190 822.57178
512.67035 517.08362
550.73792 568.75775
544.26959 833.87305
647.33630 780.40430
605.97040 639.94446
621.01483 805.54938
667.02216 639.06549
630.19324 665.89105
691.49976 681.77899
554.89996 864.43176
568.52698 584.76404
674.44940 800.95483
639.81030 826.96338
665.83643 749.22467
767.29919 699.42737
703.21948 754.68805
789.70160 722.54120
651.83331 701.39258
551.19879 549.44708
543.19916 607.80249
561.12250 618.51172
529.77631 590.20056
578.09912 433.54272
623.95435 415.42212
664.25232 414.61884
696.53271 423.96970
718.46942 440.30151
729.07294 492.75525
809.99176 564.55804
706.82043 528.64130
678.76398 534.92395
643.02161 533.94458
609.09235 526.99939
583.02545 516.99994
564.69934 507.33240
822.80017 572.30426
561.62408 627.45886
530.09979 549.87555
522.50061 606.53674
510.38367 620.74890
523.89935 612.24072
555.28644 636.64636
505.06628 622.16760
504.79694 630.20465
564.79877 488.52136
550.31390 491.94424
539.89185 494.45386
694.65436 478.92792
714.40771 466.26697
390.48743 489.63141
419.78488 487.09222
388.48102 460.52203
360.41507 492.03848
392.34021 518.50507
641.63684 482.64304
673.28613 484.33075
642.95001 456.55487
610.05182 481.01987
640.29797 508.75586
