510.94168 730.81152
514.86572 654.57532
513.71051 672.65179
492.24939 565.72821
515.06531 627.80243
514.72852 591.95190
513.59509 506.49823
340.67896 495.93024
513.77277 456.98004
514.23212 427.33478
514.59747 301.48874
511.28415 738.34570
511.39929 744.47955
511.55957 747.29852
513.44910 803.47943
514.36621 812.55273
515.13782 823.42249
515.80255 836.21039
514.39087 844.94086
514.51746 666.92920
485.36798 662.94476
239.49985 412.08350
409.96729 513.24500
384.64038 515.08759
360.18585 514.57037
328.17270 503.94623
432.03085 509.14804
371.21216 456.61621
400.59097 458.65179
344.90540 460.94434
327.94507 469.44064
303.29373 516.72675
408.91101 877.21912
330.80945 491.44073
222.94702 514.69104
272.47433 502.23386
374.69464 614.29095
466.34882 724.80310
468.47153 740.56744
425.41776 724.87439
395.71997 724.97571
432.89423 736.52380
404.77411 733.31250
371.50916 764.63458
491.59140 653.59259
489.15262 627.34412
290.02646 452.48270
434.70911 555.76959
421.73761 634.31500
420.81577 619.23938
296.15829 605.77039
490.67355 594.23474
354.04422 433.19986
316.63983 438.71613
266.14197 370.45093
466.11380 457.61511
426.09213 467.39111
348.49872 730.54193
243.85022 747.78656
440.44220 650.18402
463.57745 658.90527
355.13184 727.97742
362.21643 730.84479
302.31104 423.71307
417.70367 641.86432
403.82953 439.01245
399.57513 420.93738
369.67786 314.23764
285.13229 397.54156
386.37805 362.67130
273.56027 441.06744
257.13974 430.29620
466.92249 733.89941
429.09479 731.08911
400.17947 729.22363
445.99234 653.89697
358.74207 729.30939
378.57220 758.05017
365.51312 732.51648
458.51932 648.75159
408.72260 736.20795
436.75912 739.95233
470.72427 744.05750
470.35614 841.78522
469.71814 831.66418
470.00363 818.98517
471.12085 808.22369
473.34406 800.06378
411.20569 775.73254
406.82202 777.78162
401.39194 782.60278
398.12830 789.18750
382.16342 698.06085
216.54483 622.97858
514.11932 670.55194
390.57288 758.75043
384.35825 757.57001
473.16766 668.55103
424.91449 654.35406
468.54919 663.94434
406.10623 567.05798
361.64633 580.22992
413.88177 627.94623
307.50034 336.65295
326.38635 373.86063
345.72778 415.27252
396.80414 795.28625
458.44189 429.50479
446.55029 359.29037
436.22888 303.62466
339.81805 511.01117
273.24149 531.27069
446.53876 504.96643
301.60779 478.24731
454.20718 541.97858
442.13672 630.44769
241.88913 553.61475
291.54337 546.47186
325.20959 554.93921
375.07300 552.36224
411.77808 544.18127
438.60001 535.07056
489.16241 512.48676
240.22464 600.37927
279.74963 475.04474
499.91983 665.74829
433.30096 580.56036
214.90070 513.03027
458.91077 524.77563
410.45596 627.01514
318.39456 492.46576
441.39496 611.86987
225.04184 683.48779
446.34955 497.67722
466.50854 601.14020
298.04089 803.96204
303.36572 839.06232
218.66071 614.99536
265.09476 769.31885
239.44641 468.35587
405.49042 907.38074
502.22156 669.53510
407.31158 595.66608
249.15970 504.77948
364.71344 501.23035
385.45764 502.21021
374.12329 759.77649
240.05112 651.50446
455.65945 947.71033
375.21457 905.86316
342.06561 877.25879
514.34491 360.04953
513.02765 953.13770
406.46906 500.83246
427.05447 498.74054
440.42981 498.42023
260.01724 468.57724
420.99896 481.68024
398.42639 475.31558
376.75751 474.72223
355.95078 478.69559
343.39960 484.18042
223.71832 456.65393
350.66864 498.80692
513.74506 688.25610
412.25601 688.31586
441.84259 648.13507
469.78860 687.17828
513.44263 479.91846
333.99902 842.50702
368.54102 874.84705
454.56497 928.55603
272.33960 799.73853
438.32602 491.39087
471.76181 551.93463
513.57983 933.93982
411.50641 930.89471
224.84006 670.43512
439.58539 790.35608
435.06552 795.77295
431.88687 804.32501
430.56241 815.53638
428.14404 822.98547
379.86838 731.21680
375.51630 728.31348
371.95535 725.56793
358.47757 710.96692
271.08527 662.10394
472.46875 525.91418
463.78223 483.68045
448.45724 484.57281
384.46649 733.63300
269.09650 726.57062
485.24429 485.48120
418.69168 846.88708
514.25793 562.33337
490.53024 540.13904
513.90540 535.16870
450.47263 589.27472
513.90302 905.07007
514.15405 871.73993
464.42947 867.99756
356.20490 778.40192
388.66000 645.98730
384.56158 816.22614
329.58887 641.65381
362.77045 669.38623
305.29221 679.58752
457.25900 900.37311
431.40521 599.93823
338.85773 805.78357
373.86963 842.80450
332.66431 739.43689
246.04300 696.34814
303.30765 751.59802
239.26389 722.61420
338.38025 694.21771
453.47287 566.30005
450.40430 643.90601
429.80560 644.36200
464.67062 629.05609
444.35452 466.57767
402.38278 452.53479
364.92029 449.14514
334.03461 453.31500
312.50494 462.74774
298.24146 497.20480
217.60834 564.05597
318.30804 525.99890
344.76587 532.19360
379.31113 532.23865
411.54486 527.59296
436.67108 521.38739
453.75922 515.35724
213.97430 567.36877
428.37720 648.11859
471.26276 575.79846
471.15836 648.89880
484.63855 660.63123
470.09024 652.02289
434.23581 654.11676
490.72067 663.68884
492.49051 667.18567
455.02353 498.99472
466.84225 504.47668
474.10147 509.28574
336.30005 488.24860
317.32477 479.48297
536.08630 565.35931
685.43237 492.31146
542.32758 661.99469
771.52612 410.87524
616.87378 510.68768
641.33350 512.24725
665.12872 511.80231
695.86078 500.05957
595.82037 506.74493
656.58624 453.83173
627.42633 455.90454
682.03638 457.89417
697.60590 466.08826
717.49609 513.51678
616.19989 874.94965
694.65057 487.05026
788.84045 512.69226
745.26062 498.04623
649.25085 612.16498
554.57892 724.07690
553.55530 739.74316
594.49237 723.63525
622.79169 723.47156
587.83380 734.92139
614.42120 731.46631
652.41675 760.42822
537.82361 653.09253
540.56396 626.83521
732.21826 448.78091
589.60602 554.82361
604.69202 632.52948
605.09082 617.45966
724.91815 602.90613
538.45380 593.73999
674.87366 430.30334
709.16309 435.49792
749.37256 369.86200
564.95166 454.20886
602.07397 464.99670
674.67749 726.10156
766.88977 745.14923
585.86206 648.45380
563.01917 657.63159
661.90186 726.53955
654.78094 729.28772
722.04004 420.41199
607.69336 639.84204
627.58075 435.36401
631.90607 417.58926
655.67419 314.31284
734.09204 396.47650
640.17157 362.64514
745.95380 437.24274
758.29742 428.86929
554.58588 733.17432
591.20953 729.86047
618.87781 727.53387
580.00940 652.22888
658.38519 727.83167
641.67914 756.44861
651.51099 730.77539
569.36041 647.54175
610.56940 734.06525
584.11127 738.13519
551.68408 743.21429
557.86920 840.71008
560.59229 831.38086
558.87335 818.30200
556.27203 807.46509
552.52167 799.27209
609.98749 773.83087
615.48236 776.23572
622.08435 781.27173
626.51892 788.12347
642.60693 694.69391
790.12512 620.58026
628.34460 756.99341
635.31396 755.90912
553.79272 667.55536
599.97394 652.39685
558.18292 662.88617
617.27771 565.74884
661.45697 578.34290
611.32794 626.00031
713.36060 336.50430
696.60760 373.48657
683.09460 412.36664
628.73108 791.85986
573.07068 426.33057
581.72333 359.28302
591.82623 303.63736
684.77148 507.85242
743.27753 527.38770
582.20490 502.76526
720.72095 474.41464
571.09918 541.28015
585.54010 629.18445
774.23389 551.32605
727.80762 543.60687
697.42578 552.65051
650.42944 550.28796
615.11761 542.21783
589.38892 533.64978
537.75031 512.23438
776.46228 597.66309
740.30920 471.13538
529.03094 665.34827
591.34167 579.28870
791.88879 511.02579
570.01581 523.94183
613.74951 625.00671
705.11841 488.11951
585.51111 610.63660
783.21838 680.83936
582.42200 495.21515
561.72162 600.26392
721.14240 800.83154
713.65955 836.62592
793.62329 612.08105
751.55060 766.15515
773.64746 466.72272
618.76184 905.05835
525.90015 669.13611
616.53052 594.02887
765.02069 499.39972
661.75226 498.59332
641.33203 499.72546
646.65027 758.29242
776.79523 648.36237
569.20703 946.47858
646.22150 903.16736
677.63672 874.50720
620.88568 498.36914
600.82300 496.25995
588.00073 496.01935
756.85083 464.32928
607.40302 478.78680
629.64001 472.04968
651.54517 471.25006
671.74121 474.96594
683.52606 480.25073
784.70911 454.98462
675.70032 495.74524
613.42975 685.72235
584.88440 646.54706
557.67499 686.15759
686.67487 839.32202
653.71637 872.04352
571.48639 927.21185
741.64056 797.17810
590.49805 488.77856
555.21576 551.37555
611.85773 928.59509
787.80432 667.36420
584.15527 788.80072
589.97443 794.44415
594.64941 803.19788
597.79980 814.83435
598.85315 820.36841
637.84552 729.28131
642.06995 726.60455
645.62555 723.93384
665.42035 706.88593
748.81042 658.81207
553.57471 525.61499
565.47247 481.96063
580.31232 482.51984
633.44025 731.52393
749.91022 723.07867
544.48615 484.62018
607.22070 844.54596
537.04926 539.76123
575.69012 588.39569
563.00684 866.81989
666.61060 774.91296
635.04901 643.51794
639.58051 813.11029
693.73944 638.81952
661.10016 666.55902
716.95752 676.39996
569.53009 899.17664
593.49042 598.50287
683.11566 802.43079
649.59686 839.95593
689.72034 735.85553
770.97791 693.00128
717.81525 748.08398
774.71521 719.55566
684.89850 690.78784
572.21936 565.51270
577.52808 642.58191
596.76538 642.64978
563.98633 628.10718
584.98083 463.83493
626.57953 449.60297
663.30365 446.52811
692.53998 450.44751
711.86841 459.40216
722.44287 493.20581
794.13068 561.55670
704.11676 523.04663
679.25500 529.70117
646.25507 529.72241
615.05835 525.16547
591.12714 519.33960
574.79810 513.66284
791.98254 565.10291
597.38379 646.23938
556.19409 575.13892
557.57440 647.88080
543.60974 659.83459
558.17407 651.07855
591.29462 652.18506
537.98511 662.99939
535.25171 666.42200
574.11523 496.89911
562.12170 503.13599
555.11609 508.77676
690.04663 484.16882
706.68158 475.57874
381.41452 487.01947
408.52875 485.96872
380.89175 465.79462
354.08612 488.00769
381.89563 508.30292
643.59949 483.33997
671.19226 483.70728
643.58350 462.83014
615.96356 482.71970
643.62085 503.78595
