512.14832 715.40204
515.28467 637.96167
513.98126 663.68085
494.76709 555.09375
515.50928 611.11786
515.43994 577.76556
514.89313 499.42676
342.48938 494.69180
514.62744 436.04517
514.71191 400.82532
515.53888 278.70309
512.16272 722.53400
512.12805 728.88025
512.22137 733.04449
512.60596 777.32001
512.81213 789.41302
512.69263 804.61908
512.56250 821.28149
512.81525 839.51880
515.02051 652.02856
492.62042 651.42767
243.99036 407.88019
410.05042 513.26636
385.80740 515.16620
362.17249 514.71185
330.68921 504.43488
430.78619 508.48480
373.14871 447.21893
400.95395 449.35425
347.00562 452.13062
330.16766 462.44589
308.82126 520.09015
422.60696 868.58441
333.17023 490.48764
231.82675 518.45667
280.51300 504.55112
386.85318 619.14624
478.03226 710.45392
480.47565 727.22162
445.80121 717.13794
423.83951 725.13928
453.90915 728.51520
433.71588 732.08136
393.30847 773.89661
495.10974 637.32404
492.31622 611.44647
293.72217 440.17004
440.65936 558.08704
435.96158 630.10718
433.92407 616.90839
310.07339 616.64166
493.59937 580.63916
353.49597 409.19220
318.15897 420.04944
269.35437 358.56326
464.11209 430.09430
425.02173 459.10526
373.77393 743.78992
264.12540 762.26929
454.70807 645.03833
474.86893 652.71613
399.25531 742.10181
405.87891 742.55280
304.01587 403.57532
433.75623 640.86609
401.31689 410.22397
396.70557 388.36063
372.57974 292.34091
287.47797 379.22598
387.22324 337.72812
278.69864 428.68445
261.37259 419.48853
478.57410 719.87378
449.73486 723.42255
428.66675 728.89893
460.06021 649.47467
402.54773 742.32385
414.50354 758.10498
409.03085 742.84631
468.06940 637.29175
438.24738 734.09644
458.07318 731.60681
482.93091 731.45544
475.62576 836.93896
476.41895 816.74872
478.21136 800.49237
480.60406 785.27222
483.49060 774.39856
439.76657 762.09796
434.95837 766.07281
428.99860 772.92517
424.46356 781.15955
401.94614 703.64545
232.89136 637.33624
514.59106 658.02350
425.64389 754.69409
420.08276 755.75195
481.70541 662.22430
441.40518 655.11890
478.56223 657.58472
412.75879 572.20154
370.42456 587.57648
428.62677 628.23834
310.34677 318.75565
327.29968 350.47174
344.41931 388.43921
413.68628 798.52618
456.16907 394.17532
447.39087 336.38596
438.67377 280.57874
342.30145 511.49625
282.80145 537.50421
444.17371 503.14639
305.38651 473.56195
459.03983 541.40863
452.43005 620.81421
252.87344 561.24744
298.97427 553.43860
330.00507 561.49652
377.56824 558.08252
413.16528 548.56342
439.74197 537.31909
491.80258 506.08533
254.53607 612.79993
285.50751 470.29056
502.90414 651.01556
441.71310 581.14758
224.89587 520.77722
459.56186 523.87897
425.74078 630.13623
320.87283 491.30084
451.15094 604.82831
243.40625 699.12842
443.33701 495.20853
472.30148 590.07910
319.88577 810.72766
325.13080 843.03906
233.06369 626.85803
286.14221 780.52319
245.80215 465.81219
420.92175 893.06488
505.31641 657.05945
417.89490 599.29883
260.23425 509.42896
365.77393 499.11548
385.85309 499.88757
409.71780 761.37549
258.36826 665.41278
464.99338 927.91968
394.77170 894.40253
363.50064 872.84454
514.98114 338.30191
514.05157 933.20428
405.69339 498.71521
424.67432 496.66785
437.09018 496.13071
267.70193 465.28430
420.25665 481.09180
398.83682 475.50787
378.81671 474.49609
358.85760 477.98926
346.31470 483.22540
230.43735 458.90607
352.26071 497.11523
513.45270 682.77417
428.46906 690.13208
455.34073 641.03638
477.47192 683.30054
514.71844 468.81299
355.21405 842.15448
387.84344 866.91907
462.86465 911.66040
293.20172 810.12476
435.86502 489.36890
475.86584 545.75134
513.87518 916.16052
427.01205 913.79346
241.77924 684.22070
459.30731 769.00378
454.41174 776.78363
449.95166 788.21265
446.71661 802.18488
440.13477 820.86523
417.95416 736.76373
412.86902 735.03265
408.58820 732.88306
382.10596 721.05261
289.72662 674.69373
476.07565 521.89343
462.55887 474.19073
446.81958 478.61142
422.71362 737.83435
291.40460 739.11523
484.89603 472.10638
430.77756 843.32996
515.26794 551.08978
493.21472 531.84326
515.03986 526.38220
457.74805 584.66400
513.53644 892.42072
513.14185 863.97101
470.00885 860.90833
375.87735 786.88721
404.92456 650.72614
401.21616 818.35510
345.22742 649.07379
379.93817 675.86945
324.66443 690.22327
464.09409 888.68567
441.71881 599.06726
359.43567 810.14111
391.54852 840.02936
354.29132 752.00946
266.73074 710.28119
325.29391 762.26917
257.86316 736.30615
359.12970 705.50378
459.70630 563.38196
460.52783 632.60718
444.05585 638.68408
471.57520 615.10126
442.87766 450.97855
401.70221 434.90698
365.55972 432.43231
335.15604 438.91681
314.58948 452.50116
303.38199 497.60431
229.21646 572.20105
322.63348 529.57196
347.85925 535.38898
381.04645 535.08545
412.25659 529.82275
436.75009 522.41461
453.48224 514.61316
227.64029 578.86035
443.62048 645.00208
475.82791 567.34869
478.16086 633.94354
491.12958 647.12457
478.16434 638.66382
449.57956 652.21564
495.47897 649.38934
497.87814 655.32764
452.83777 495.56042
466.25232 500.55673
474.20361 503.99408
338.90900 487.23584
319.60211 474.92078
535.24249 555.24591
680.48389 498.95728
536.22095 651.51038
776.32983 410.83466
619.07892 517.43250
641.33862 519.35687
663.22479 519.01086
691.84918 508.52655
600.01086 512.27045
651.96332 450.26114
626.46667 451.91382
675.97900 455.53235
691.47510 466.11932
714.29602 523.95142
603.10352 869.63812
689.03503 494.45938
789.16510 522.00757
741.73157 507.73895
638.59271 620.25934
546.67584 711.20331
544.27979 727.76141
579.61328 718.46478
601.64062 726.46375
571.23639 729.61548
591.95563 733.41608
629.21619 774.88440
535.18506 637.47974
537.94397 611.57147
726.82788 443.46982
586.41510 558.56238
591.38678 630.67212
593.24640 617.41595
713.72437 618.39050
536.86151 580.76086
669.88678 414.00348
703.22089 423.92120
751.95221 361.94733
566.87659 434.88568
604.29175 461.72668
648.35095 744.82233
760.01038 764.78149
572.70007 645.43854
552.84033 653.04913
628.64954 743.62299
621.92761 744.10352
716.64392 407.18311
593.04199 641.47198
625.56049 415.37106
629.23322 394.14917
655.04810 295.07275
734.55157 383.19714
639.72766 340.93628
741.75006 431.83499
760.05591 423.16028
546.05396 720.53186
575.52673 724.64648
597.16418 730.10699
567.06335 649.83966
625.30725 743.88385
612.76154 759.56470
618.86688 744.34406
560.69623 637.61725
587.23889 735.41235
566.91437 732.60516
542.11194 731.91571
549.27051 837.38635
549.03033 817.50360
547.49951 801.04004
545.16516 785.79755
542.01361 774.81793
586.41119 763.04724
591.75958 767.22772
597.85840 774.13092
602.38995 782.47467
621.32312 704.33795
788.85413 640.46558
600.90527 756.03558
607.06024 757.19293
546.02570 662.61176
585.06812 655.75018
549.18005 658.03949
613.37573 572.97528
654.84546 588.87134
598.11603 628.87952
713.92438 322.12799
696.54041 354.69116
678.22717 393.38562
609.66919 799.44385
573.60492 400.41269
581.48822 338.03821
591.49200 282.09644
681.28680 515.84882
741.25989 541.71301
587.48792 506.82300
715.68250 477.26538
568.77808 541.73273
575.88531 621.30481
769.37012 564.18054
724.74353 557.43164
694.12146 564.97559
648.48779 561.19531
615.00189 551.32672
590.21075 540.04041
537.37567 506.35059
768.33844 615.40466
735.67114 473.53723
526.76593 651.10663
585.25049 581.58850
795.72491 524.00732
571.64679 526.86426
600.71381 630.80432
700.65540 495.41748
576.99866 605.22430
779.55432 701.91162
587.75195 498.59869
556.92432 590.38416
704.67395 813.01770
700.82031 845.51886
789.50171 629.89600
737.92340 782.87622
775.58521 469.28265
605.70117 894.38580
523.87244 657.09192
608.23511 600.05902
763.33350 513.45844
659.47211 503.95514
641.18488 504.90100
617.42957 762.84082
765.05591 667.75806
562.70404 928.62817
632.46741 896.09528
663.41034 874.96289
622.99329 503.48706
605.43585 500.95996
593.71533 500.04248
753.64801 467.96753
608.50482 482.20895
627.77148 476.46387
646.68604 476.32733
665.18243 480.60785
676.65497 486.38962
789.99603 461.84970
671.63495 501.62305
596.50580 690.78418
572.38611 641.55334
548.97668 683.63983
669.83118 844.21057
638.29700 868.89050
563.97235 912.29999
731.97534 812.55780
594.40076 491.89191
552.89813 546.03107
600.36841 915.00879
781.40283 686.93042
566.41858 769.63416
571.76331 777.59949
576.34454 789.17212
579.63202 803.32825
583.94061 821.51123
609.00677 738.18054
613.86597 736.43976
617.94824 734.34680
640.17145 721.80591
733.64026 676.56158
552.43500 522.30719
569.93268 477.62738
584.66791 481.84894
604.16547 739.35162
731.96692 740.97375
547.68970 476.21497
594.08496 844.24963
536.37665 532.00867
570.09424 585.14838
555.42529 861.37000
647.07806 788.31598
620.31409 651.56085
622.79645 819.58936
678.97296 650.40802
644.02087 676.88074
698.73242 691.77551
561.87494 889.26709
585.39044 599.45898
664.67920 811.86951
633.75739 841.65051
668.19458 753.57178
756.69318 712.46454
698.03583 764.05530
765.84778 738.76196
663.72925 706.74292
568.11334 563.80640
568.22687 632.96405
583.40039 639.23212
557.85376 615.42633
587.75458 454.31781
625.25726 438.68338
658.54022 436.61670
686.49146 442.98981
705.99500 456.36340
718.28381 501.05743
792.13513 575.53418
700.88715 533.69464
677.08673 539.27710
645.83752 538.78784
616.61707 533.17126
594.06305 525.57458
578.45599 517.58368
793.21814 582.12476
583.28278 645.50848
553.29144 567.64838
551.38745 634.16949
538.08777 647.32312
551.04871 639.00195
577.17462 652.63757
533.97229 649.49518
530.99023 655.37000
579.42474 499.03778
566.34241 503.68439
557.74371 507.43472
683.54089 490.80286
701.42761 478.96701
387.63153 486.12360
410.86966 486.12549
387.68872 466.09103
364.15594 486.17657
387.42291 506.14069
639.23425 488.77240
662.46869 488.42230
639.28333 468.22406
616.18378 489.02600
639.41510 509.40024
