519.62170 718.32941
524.55621 631.41022
521.51556 657.54431
501.88449 552.57385
525.27356 606.54254
524.60706 574.69440
521.05511 498.32361
350.86826 489.75916
519.79456 440.92731
519.80035 409.35593
518.63037 294.29361
519.12061 727.70166
518.26154 736.79681
517.48071 742.23016
516.61145 775.53577
516.61353 785.48395
516.15491 797.90472
515.46582 811.55463
516.76050 838.45264
523.41650 644.64941
500.37436 644.39886
234.08740 406.40338
412.05502 509.58411
389.71960 512.12128
367.23462 511.86877
337.48624 498.65207
431.23712 503.74545
382.05334 442.80389
407.70795 444.30682
357.43701 448.17157
340.50348 458.30405
312.54614 515.31769
415.47604 869.48657
341.67432 483.46722
221.59167 511.87573
280.41827 498.15814
388.94080 616.17059
486.07553 710.98132
487.10593 734.08887
452.39172 718.83612
429.32623 727.56970
460.18253 734.03363
439.03677 736.53174
392.01257 772.24756
503.84375 630.77417
501.17252 607.24945
306.01779 438.69910
442.34988 553.64087
443.54535 626.31989
440.54550 613.85162
309.88058 614.17920
501.64374 577.66162
369.36066 409.29282
333.99438 419.96722
263.92932 362.89822
472.15497 427.69571
429.26501 453.64587
373.27567 741.85718
241.99457 747.86298
462.10229 639.80627
482.01880 647.43170
401.63739 744.07172
407.97742 744.52612
319.08499 405.11310
440.97314 637.60956
414.40045 409.14075
411.40347 390.41382
373.25385 306.21146
285.65210 385.31836
389.83704 350.44092
287.19525 427.76813
255.82263 420.48065
486.03442 723.95435
456.24600 727.18164
434.16733 732.30176
467.45703 644.73840
404.89880 744.28229
417.75043 758.00446
410.98697 744.88037
476.15695 630.34882
442.93973 739.13788
463.71115 738.06982
488.72214 739.56195
477.90076 835.88214
481.32944 807.44043
483.12723 793.82550
485.62616 781.67444
488.42603 772.45117
443.43369 761.11023
438.89142 764.69080
433.35101 770.71991
428.95856 778.31653
407.16003 701.42200
213.62283 622.12695
522.33844 650.74860
428.17014 754.80951
423.02661 755.79779
489.01227 657.27386
447.97876 652.36908
485.76297 652.41199
414.74921 567.84412
371.64172 584.52020
434.97186 625.28625
308.63226 328.54953
328.63995 360.74487
360.63049 391.12811
413.14127 798.33264
467.30228 395.86932
450.78439 348.73935
440.79398 296.23593
348.25861 507.48111
282.44458 533.21167
444.18500 497.71405
313.37891 469.21686
461.03207 537.58569
460.18341 616.03839
246.14777 555.71771
302.83270 550.56110
336.38507 559.83600
382.91296 555.19232
415.97922 544.29633
440.85928 532.91852
496.53430 504.63593
248.43954 607.00732
290.33618 465.85309
511.42233 643.79926
444.97238 577.17712
208.52393 510.63617
460.77933 520.56665
430.78030 627.09412
328.62677 484.24371
457.80194 601.16962
223.07770 683.52441
444.06195 489.26288
479.35739 586.76276
304.56970 806.34930
302.76849 836.45752
220.56305 616.93018
270.74670 772.69922
237.54907 462.64526
410.84888 895.05127
513.15845 649.81842
421.04175 595.68878
252.05473 502.25427
373.04852 497.14072
391.59988 498.48218
413.14966 761.32495
251.32243 658.23248
457.54657 931.04425
377.82648 893.21997
343.43399 869.58496
518.96912 349.56323
512.69269 935.70264
409.43491 496.57831
426.69800 492.98743
438.30347 491.01709
266.87469 460.32452
424.49823 472.41730
404.57294 466.80148
385.26074 466.86926
366.25067 470.86829
354.29669 476.07745
216.72302 453.09558
360.24976 493.82370
521.02161 679.24719
434.74319 688.09863
462.95642 635.22083
485.24432 680.65356
519.83398 469.94778
340.18585 839.79053
374.02060 867.02856
457.82764 914.91034
270.25235 799.21484
438.18820 482.46234
480.49921 543.04913
514.71326 919.80414
414.56720 915.15710
227.67468 673.19995
464.11230 767.14227
459.49423 773.80518
455.32303 783.47626
452.31229 795.66077
441.03677 820.46515
421.52899 740.17102
416.71939 738.03064
412.54987 735.52423
385.42120 718.98651
287.55804 670.14294
479.20712 519.33185
464.32974 470.75970
447.64709 473.31628
425.80826 741.54785
283.31207 733.18103
488.58704 471.41876
427.17084 843.62036
523.47260 548.51959
499.06659 529.71960
522.30811 524.27875
462.92856 581.16608
515.75659 895.22375
516.25305 864.75305
469.60132 861.37476
369.82764 785.44128
408.15594 648.07361
395.23926 818.10596
346.46948 646.52393
382.31244 673.25916
324.00955 687.18311
461.38257 890.69800
446.43158 595.39514
348.66394 808.75281
381.44116 840.33789
350.29761 749.84644
257.87152 702.30444
317.45697 759.35437
242.26451 725.52179
360.21658 703.40826
463.25958 559.87183
468.60815 626.33569
451.91376 633.87329
479.55948 610.19226
447.78680 447.07568
411.14938 432.81830
378.45465 431.35358
349.06461 437.66217
327.24832 449.88007
307.61029 490.95465
217.71848 563.65039
327.60779 525.50653
352.53192 532.67206
384.74915 531.72906
414.16241 525.41327
436.81534 517.40985
453.25864 510.07617
209.60553 565.53235
451.13803 640.88000
481.73224 564.40125
486.50180 627.27673
499.34058 639.98468
486.36896 631.47003
456.90182 648.63214
503.95935 642.24982
505.63962 648.24506
452.33163 490.18033
466.51895 496.80746
476.14862 502.02911
347.48593 480.04407
329.25995 469.63037
543.89514 552.24756
688.02014 487.54596
542.63153 644.37335
767.96997 405.41388
620.50641 508.97763
643.73712 511.06699
666.47552 510.62805
697.03265 495.32541
601.12134 503.92865
658.04022 439.01993
630.35626 442.69403
683.28748 442.61661
699.00763 452.32477
715.35547 511.42468
610.27576 864.54016
696.91107 480.06552
781.08496 509.35446
740.26978 492.24411
641.00238 614.41760
552.18579 713.26746
547.98431 736.07690
581.50171 723.00415
599.73859 732.38092
571.69739 737.77649
589.31567 741.10907
635.10229 769.44275
544.36359 630.54968
548.33716 606.92133
730.26855 427.66785
589.54419 552.86218
595.84174 625.46045
597.62451 612.70111
712.48975 611.44507
546.48389 577.27777
678.68073 403.49323
709.92236 410.50439
746.44348 362.69235
574.07654 430.33176
606.54773 454.18631
653.66046 739.09412
748.72479 739.85724
576.32764 639.44714
557.75568 647.21826
621.15765 748.95483
614.95776 749.39648
721.16522 393.89227
595.95624 636.52740
635.34326 408.09619
639.17004 388.73108
654.95728 307.23425
733.18268 383.81424
642.17926 350.24802
742.73730 416.10715
755.87512 418.63492
550.74890 726.05817
576.76288 731.10529
594.89526 736.90186
570.54919 644.27838
618.00781 749.18774
606.61176 762.01880
611.89929 749.65332
566.13354 630.39307
584.37451 743.48700
567.19055 741.48840
544.96375 741.38251
554.31488 834.93561
549.07349 808.70087
548.29773 795.01562
546.63531 782.98584
543.80267 773.85828
583.24023 764.60669
588.31006 767.95526
593.54126 773.62988
597.31989 780.87598
625.47437 699.65747
773.68225 617.52142
595.99164 758.91461
601.60748 759.92426
551.63855 657.14288
587.37183 651.30188
554.42688 652.33374
614.71527 566.78833
655.84900 582.94196
601.22791 623.96002
711.04419 329.10043
697.19543 359.89282
686.43036 384.23865
615.33630 795.36084
581.82178 398.42722
584.80273 348.82599
593.22565 296.99390
685.84253 505.44617
739.46777 528.39960
588.52197 498.73615
719.92395 461.76678
573.26233 536.93921
582.33185 615.56989
765.40967 552.78613
724.72467 546.55981
695.42334 557.00372
649.93115 553.55420
616.49219 543.64703
592.17120 533.40417
543.86279 504.36505
763.35400 603.38055
736.90985 457.65588
534.89008 643.65350
588.70801 576.32971
782.49927 508.04657
574.05695 521.81299
602.75964 625.71368
706.54071 479.89172
583.22491 600.42072
765.10010 677.20081
589.04492 490.33905
565.68958 586.15247
705.76575 797.78430
699.39429 826.02509
780.36401 612.19287
734.45160 764.71252
768.98889 460.75409
612.11292 888.82336
531.24048 649.76227
610.27319 594.43689
758.07141 496.16183
664.48041 496.24579
644.48578 497.55676
610.75800 765.14844
758.82544 653.50378
565.64166 927.32721
636.08575 883.94177
665.52777 859.05286
625.09351 495.74921
606.67322 492.78473
594.69574 491.62390
751.81982 451.43939
611.05267 473.65033
631.86719 466.50739
652.77307 464.96567
672.92676 467.85144
685.11414 472.86060
779.32654 451.31967
678.19653 492.40936
600.89435 686.90961
576.49506 635.09204
555.51178 680.52911
674.31073 831.32294
644.01245 858.96307
569.58521 911.72058
725.72131 789.80524
596.13190 483.79651
559.69055 542.54199
604.58539 908.10413
772.21149 667.22498
565.79694 769.72931
570.62872 776.21838
574.41992 785.52283
576.85724 797.49658
589.26263 818.06476
603.41766 744.88031
608.41766 742.88739
612.68848 740.48462
644.20435 716.78223
729.90027 665.98993
558.08551 518.98334
571.81171 472.29486
586.00269 474.82782
598.49060 746.25897
729.35437 727.17297
550.67499 472.93222
600.45123 839.76544
544.19092 529.36194
575.87018 580.61401
561.21741 859.44006
654.06036 780.91333
623.18042 646.17285
629.87964 813.41010
680.23425 643.82275
647.53345 670.96033
698.94336 683.41199
568.40991 888.22491
589.12689 594.41772
670.91089 802.17322
640.61444 833.97388
673.49908 745.83905
750.99725 696.54907
700.46472 753.43005
758.53284 718.41455
666.99341 700.56152
573.40466 559.32819
574.12610 626.16302
587.60455 633.34534
566.57947 609.76129
591.82855 447.96826
631.62878 430.27875
666.31714 426.25577
694.21619 430.81714
712.34851 442.03601
720.76807 485.80121
783.66296 560.12982
703.03027 522.64685
678.95221 530.83734
647.35260 530.51434
617.75830 524.81622
595.23669 517.67511
579.73859 510.83966
778.32300 562.19775
586.63129 640.12427
561.02649 563.86877
559.25873 626.97485
544.87628 639.90948
557.48413 631.51025
579.99713 647.73828
541.56464 642.06421
537.87665 648.10706
580.47571 491.58557
567.65210 498.17654
560.08923 503.71539
691.99365 476.82532
708.04785 463.86261
390.71582 479.34314
412.44049 478.95270
389.99069 459.81384
368.35461 479.54681
391.14377 499.18768
641.00342 479.82642
665.87451 479.97913
641.52515 458.80817
616.20026 479.48700
640.75861 500.87268
