504.74088 767.51416
504.01172 675.88379
506.87158 693.78625
484.00046 579.21655
503.54541 647.94781
504.05692 608.60199
506.65933 511.61703
345.62811 495.68604
506.54959 445.10492
505.97256 409.06488
505.55771 267.12070
505.08325 773.59186
505.52039 779.20953
506.13632 783.06909
506.96536 783.29663
507.09326 795.98621
507.44052 810.42456
508.00067 823.93768
511.23648 858.13611
504.85663 687.90570
479.30084 682.83618
249.26697 388.22427
407.88904 517.64771
385.08624 518.99451
362.80310 517.97046
334.42444 505.72485
427.23376 513.25836
371.78583 452.02289
398.15875 454.89600
347.66187 456.04419
332.49518 465.30975
311.64072 521.62378
419.34070 893.42938
337.34906 490.83084
238.84796 505.02570
283.02972 505.11185
380.24927 631.17926
469.87305 760.21747
474.36676 775.61255
441.32559 760.59271
421.12521 760.31976
449.35117 771.61060
429.91437 768.05170
388.67679 785.73260
482.40912 674.39496
479.13715 647.35107
293.87958 444.08817
435.26605 565.58984
422.91177 653.56287
422.64230 637.32379
305.80606 622.60339
481.18170 610.96729
349.90298 418.34271
316.63403 426.34900
268.69373 343.08347
455.59354 446.27777
421.10803 464.98468
367.04370 755.50543
267.57520 754.58380
441.15723 669.51953
462.04520 678.81665
390.90637 758.80890
397.61951 761.28864
302.19031 408.82678
421.29761 661.54041
395.92792 423.73593
390.90948 401.63757
361.75439 282.82037
283.27841 373.91922
375.89255 337.77576
278.66003 431.71234
262.02081 409.94202
471.50607 768.87488
445.05484 766.16193
425.21036 764.03180
446.60614 673.50031
394.34741 760.11353
407.53668 771.60419
401.06232 762.47748
454.31226 667.29913
434.03058 771.48340
453.55441 775.84357
477.48471 780.14545
473.73648 855.46442
471.73633 820.70282
472.38455 806.89801
474.89966 792.64899
478.42996 780.64856
434.59457 771.92383
428.45459 776.97815
422.15503 783.72253
417.50470 790.93463
395.30585 723.18939
243.19833 618.89417
505.69623 691.43268
419.34555 767.76416
413.21240 769.51538
471.18872 689.30255
429.73993 674.81616
466.78024 684.23181
408.63400 578.79114
366.43069 594.69141
418.03802 646.52490
303.86517 306.80725
319.11255 348.40704
340.70401 396.65247
410.48441 813.28577
447.18280 411.81750
436.12769 335.77222
426.78336 270.78116
344.67017 513.78210
284.84128 539.29382
439.83456 508.46518
307.87225 475.47754
452.69653 550.12860
438.76642 649.03271
254.60632 556.53406
301.67773 556.80457
332.38354 566.33582
378.16943 563.16400
411.51587 553.52209
436.10394 542.40979
483.59113 517.99677
254.51151 611.01874
287.17902 471.97882
491.37604 686.52972
434.49701 593.48541
237.31549 497.80255
454.39172 529.68127
416.36011 645.01038
325.08096 492.06949
438.88330 629.10608
250.89935 685.09570
439.17874 500.27063
459.87430 617.88544
315.08594 821.79846
323.23950 852.34570
238.01056 618.31421
282.76840 785.27502
250.31479 453.01758
416.66623 920.77576
494.64825 690.16510
411.26294 610.48993
262.25171 509.49045
366.41016 502.00397
384.89755 503.82336
402.66461 773.83093
256.68927 665.80945
462.72852 957.08594
391.82458 917.48633
360.93387 890.20941
505.83362 335.69894
513.29901 962.21423
403.61163 503.02060
421.43607 501.20023
433.22986 501.02536
269.26474 466.05353
417.74570 483.51721
397.81976 477.18378
378.65005 475.99237
360.17917 479.21106
349.04117 483.97943
240.04208 436.68817
354.16504 498.96210
508.19974 713.74701
421.43695 712.99066
441.57794 667.10632
469.96204 712.40320
507.19537 476.62183
350.94492 859.13037
383.03439 890.15173
460.05560 941.16968
293.16400 810.63397
432.25598 493.24622
466.84390 562.39825
512.11737 945.92908
424.08237 941.35974
244.92154 678.45886
454.38635 776.45813
448.57889 785.44489
443.91708 796.62915
441.27972 809.22894
437.42291 838.06445
414.00134 764.67126
409.04327 761.91919
405.15204 759.42273
375.03113 736.69879
284.46442 680.91315
468.69733 532.40662
456.03632 482.05228
441.75992 484.63074
419.22699 767.63129
285.73486 745.66681
476.29745 482.38641
428.26727 864.07037
504.99594 575.51709
483.55154 550.11096
505.83542 544.83105
448.17972 603.75531
511.59113 919.74164
511.48184 886.70166
468.24615 883.55280
371.61981 800.94910
396.33411 665.14349
398.16779 835.93091
337.91376 660.94983
372.63843 690.68182
316.88116 701.15155
461.88989 915.61694
432.93826 615.35413
354.95566 825.92120
387.37378 861.17725
348.13446 764.31390
263.96692 712.56342
318.90094 773.44543
258.36505 734.63171
351.75571 718.81830
451.52481 577.71460
446.43900 662.65399
430.45477 663.78888
457.62769 647.87177
437.09698 460.70660
397.82874 443.71838
363.39978 439.77295
335.02136 444.68683
316.17929 456.40964
306.42148 498.66064
235.64865 561.18469
325.43326 532.20026
349.28937 539.23694
380.88763 539.43286
410.40631 534.36194
433.16214 527.23212
448.68002 519.92859
239.81311 557.26355
430.49149 667.92810
465.36182 589.54352
464.25162 668.24023
477.83392 680.20361
464.39734 670.83038
436.91318 674.25391
483.01935 683.99561
485.83850 687.50702
447.62866 501.42365
460.32803 506.91327
467.60928 511.12817
342.59338 487.71054
323.20993 476.59760
526.91449 578.45154
684.83887 486.56885
533.05530 682.46906
789.77496 377.60904
617.20477 512.32947
641.78802 512.95813
666.02673 511.13281
696.78027 495.60699
596.17975 508.77988
656.05878 443.31320
626.78223 447.23584
682.45428 446.48788
698.54565 455.03577
720.85651 510.52832
609.07074 892.44678
694.02917 480.07455
802.99268 496.03549
750.30756 490.10504
643.62915 627.72894
541.34003 759.13843
539.04517 774.60065
573.90332 758.81104
596.47192 757.85840
566.87549 769.81384
588.39606 765.64319
644.20270 783.86810
526.17676 674.09949
528.58887 646.63660
737.49677 430.73041
585.89734 562.97247
593.87244 651.95142
595.27606 635.38837
722.78021 616.85120
527.62976 610.11304
676.69910 412.11572
712.75354 416.24542
763.63080 332.64374
562.21997 446.41089
601.67834 458.91449
666.79254 753.16309
784.30670 749.24390
575.55341 668.51154
553.66870 678.16833
630.16956 755.21790
623.61176 757.69818
727.37946 395.44000
597.33551 660.11938
626.99530 421.34906
631.11261 397.87808
655.74036 275.93628
744.11481 364.33710
639.37897 331.68594
753.08124 414.86826
771.30402 400.35300
540.74768 767.86877
570.57050 764.47992
592.65924 761.60565
570.09900 672.67542
626.72192 756.52655
612.97345 768.16370
620.17188 758.92987
558.82190 666.35455
584.91669 769.00665
563.22968 773.95251
537.26276 779.12781
550.76715 855.27338
545.75092 819.90802
543.70129 806.05078
540.71417 791.78070
537.56067 779.83002
584.93561 769.64178
590.92456 774.47937
597.15668 780.83411
602.06061 787.84534
631.91058 721.22266
808.47015 611.53802
601.38403 764.94879
607.29425 766.41663
544.70331 688.91547
590.07544 673.71149
548.97046 683.75110
613.92981 575.56348
658.18842 590.41162
601.69684 644.77069
721.05005 297.43893
702.14099 339.99121
685.34436 388.03741
619.75098 811.87531
569.79712 410.80063
576.32959 332.51553
586.38623 267.00137
685.66876 505.47116
749.19305 526.74860
582.45337 504.79962
724.09131 462.89496
566.87311 547.91180
574.50323 647.57959
780.84949 548.64050
732.44196 547.79974
700.53687 560.59125
651.27417 559.29340
614.89191 550.48724
588.06317 540.77399
531.19244 516.95660
780.80042 603.92523
745.41669 457.39258
518.67419 686.38531
585.60162 591.15570
811.37604 488.30756
567.95239 529.41180
605.22137 643.24255
706.49036 480.74506
575.80499 627.34406
801.39258 678.91693
582.30371 495.63263
551.42847 616.52667
725.29065 818.36218
722.22833 849.12457
804.74994 610.83276
759.91516 780.51361
787.48682 443.52386
612.30542 919.95471
516.83051 689.95087
610.74176 607.84052
772.02490 491.38367
661.85413 495.18970
641.55334 497.60104
618.12817 770.22607
780.44489 659.50427
565.33350 956.69806
644.09033 915.71814
680.00336 888.01917
621.22504 497.09796
601.42773 495.73331
588.44617 496.21509
763.80359 447.56683
606.34430 475.22598
628.02106 466.52328
649.79510 464.56909
670.39392 467.58087
682.38562 472.83563
803.97839 426.31955
675.40790 491.05804
602.18878 711.54834
574.09473 666.10645
548.75262 712.04065
686.25208 856.97400
650.25452 888.72791
565.95105 940.91602
756.13892 806.16333
590.11548 487.64825
548.30591 560.91840
607.17480 940.14270
798.57886 671.92999
563.26086 774.86469
568.96790 783.65765
573.92670 794.59277
577.59845 807.03717
589.69098 837.06342
606.16681 761.52161
610.67535 758.73737
614.48169 756.29425
655.92419 734.42236
748.52100 675.40460
548.40564 530.88611
564.31616 479.28198
580.02686 480.33905
601.50458 764.61426
752.38159 740.73645
541.49609 482.62979
600.03723 863.01904
529.26880 549.21167
568.16766 602.06714
556.72156 883.16333
662.00568 798.66113
627.51263 662.62585
633.21582 834.21350
689.10767 656.63794
654.56354 687.64020
714.20581 696.76715
563.30103 915.35327
586.22186 613.18024
680.17645 823.43274
644.65222 859.49249
685.92358 761.39374
775.44592 706.78491
717.01715 769.76685
785.84521 728.69067
679.64783 715.51746
566.15552 575.86047
566.50610 661.48413
585.81079 662.52411
552.43793 646.81573
584.12512 457.65253
626.06287 439.03644
663.80151 433.31223
694.29456 436.05688
714.80865 445.49387
726.02380 485.92432
806.62024 552.86353
706.53326 523.44202
681.05164 532.71002
646.95117 534.19562
615.05969 529.91290
590.57159 523.86603
573.69629 517.35834
811.12823 548.68530
586.96918 666.75134
547.74017 588.12598
545.94141 667.61621
533.60980 680.03101
547.41138 670.42273
581.20648 673.20532
527.58453 683.76367
526.02850 687.15155
573.95880 497.98218
560.65027 504.91910
552.67639 511.45499
689.07568 476.87054
708.17303 465.47205
390.40912 489.28381
414.32364 489.47696
390.38376 469.07922
366.01013 488.99808
390.04547 509.49484
642.15485 480.40674
666.01221 479.95428
641.20447 459.01721
618.56659 480.71350
643.34320 501.83212
