519.26898 729.09509
516.84363 643.37762
515.74042 668.22546
497.48416 557.39404
517.20117 617.06311
517.19037 582.49921
516.65857 498.88678
350.59100 484.80121
516.44397 440.07294
516.68573 407.75848
517.13391 288.27466
519.46088 741.80524
519.21075 756.04388
518.78638 766.20264
518.34143 766.64923
518.79303 781.25610
518.95258 798.73065
518.89453 816.77643
514.13916 837.67291
516.47467 656.55365
493.77554 655.53107
268.84149 399.84653
419.03580 506.89099
394.26120 509.46588
370.76019 508.83914
341.67932 494.90680
440.31854 500.93381
380.01508 439.26086
409.25775 441.26154
354.46329 444.16827
338.96399 453.74109
322.00363 511.70230
425.50882 872.87903
342.28714 478.46542
257.04779 507.21362
296.29514 494.12280
400.86679 620.11682
488.51306 723.35339
492.04938 755.63812
456.42377 735.41455
435.61151 748.28436
467.96460 757.75409
448.74536 761.48499
407.34985 786.53076
497.25687 642.52783
494.45459 617.28595
304.73624 436.18512
448.03384 555.05487
441.93533 635.04486
440.27368 620.93634
334.08890 616.32861
495.93036 585.15643
359.06476 412.26236
325.84619 419.82269
292.68576 355.48080
467.88617 434.55240
434.75876 450.95160
391.03708 759.91101
281.26465 747.52240
459.06723 649.72620
477.40930 657.24396
412.33868 769.28662
418.68954 769.01025
314.11768 403.69574
440.18250 646.55194
405.87317 415.40140
400.95212 395.07965
387.33813 298.83356
308.62234 379.48846
400.06821 345.15988
292.86737 424.13306
284.43726 414.88925
489.63367 740.30493
462.19177 747.24078
441.96918 755.02710
464.20721 654.46033
415.63977 769.21924
427.13367 774.50220
422.24689 768.82043
471.59607 641.47620
453.13803 765.74365
472.11807 764.65411
494.17279 765.05212
481.85144 835.80780
485.93362 814.21411
487.67023 796.17493
490.21790 778.74152
493.39163 765.52740
452.43686 765.97180
446.91711 772.39349
440.61133 780.83606
435.48395 790.68298
417.36005 714.42822
254.22372 620.10876
516.08594 662.12933
438.19836 767.18304
432.85989 770.55945
484.70361 667.17645
448.09515 661.86725
481.17590 662.30072
423.64905 569.89874
386.72510 586.88440
435.81372 632.59070
330.48239 320.65210
345.47888 354.98886
351.17700 392.32956
426.20285 805.60449
459.15884 401.65808
455.32111 344.30109
447.47809 289.41574
351.94095 504.12909
297.20013 529.51642
454.02112 494.94464
317.00739 464.49023
464.51514 538.37146
457.04514 625.46136
276.68112 553.60706
311.64905 548.74255
340.65085 559.68896
386.23572 555.69177
420.52875 544.59125
445.78839 532.73914
494.93417 504.88409
281.20392 606.76379
299.17322 461.76349
504.58328 655.56970
448.95593 580.58234
248.45352 506.58978
464.53790 519.70728
433.63593 633.96307
332.50235 480.49396
455.96585 608.57599
263.97058 682.24268
454.80713 485.59244
475.66440 594.02606
330.71899 808.69446
330.55615 839.22852
259.34921 614.19568
304.42056 772.57446
269.97931 457.25372
419.62097 899.30695
506.60004 661.08862
427.73215 599.66864
278.26086 497.48767
372.98087 492.73795
393.74417 494.22858
421.80173 779.24634
286.69806 658.44061
462.07852 936.73779
391.63522 900.16602
362.90457 875.10089
516.90894 346.16437
512.92981 941.83020
414.90561 492.22943
435.33624 488.66956
448.63373 487.17792
285.18491 455.50021
431.91351 467.41180
409.80002 460.59644
387.53210 459.80505
366.31183 464.11603
353.86597 470.24567
255.18442 447.49457
359.54572 489.02454
515.71191 689.48657
439.57751 699.49640
459.56848 645.40588
483.06165 690.78473
516.32080 469.29578
358.79282 844.50610
387.71280 872.27179
461.40219 918.26099
304.87155 799.91650
447.53369 478.07275
479.95004 545.52173
512.98065 923.09875
423.57074 921.76062
268.31821 670.84607
471.23383 765.11304
465.79010 775.49615
461.00885 788.70801
457.62820 804.58606
450.33774 823.11121
432.97913 765.06348
426.55637 762.37708
421.01196 759.10919
400.21878 735.08795
317.30347 672.10504
480.20901 519.72601
470.60645 468.95993
456.63550 470.46036
438.81329 767.14709
314.43988 735.09210
488.15927 470.73022
437.60556 846.73828
517.06061 553.63184
495.92841 532.18512
516.88580 526.92218
463.16638 586.20300
513.41895 896.35144
513.78583 864.69385
474.15250 862.01752
385.99634 795.86407
414.89093 655.06775
409.06580 825.01184
365.84540 650.28235
395.05606 681.03485
346.94177 692.09479
465.58292 892.34235
448.31470 600.67883
366.46613 815.31860
395.56177 845.78607
369.09882 761.91211
293.43991 702.79266
341.58887 764.86957
281.48752 723.65637
377.69098 714.59991
465.06357 562.69092
464.51187 637.08319
449.32565 643.58362
474.48569 620.17896
450.55130 447.70612
408.25458 432.82233
371.37537 430.41870
342.40082 435.50369
324.08908 446.47040
316.71255 487.36108
254.41843 559.95996
334.06042 523.07489
357.68396 531.01398
389.83597 530.65900
420.78842 524.20172
444.84454 515.92511
461.19858 508.19574
249.47858 562.77649
449.09320 650.53632
479.75125 569.19366
480.70102 638.75940
492.71533 651.41467
480.83801 643.01764
455.26187 658.27960
497.29590 653.82001
499.08392 659.36444
462.51999 487.36389
473.71637 494.71295
478.72357 500.43866
347.16351 474.77307
330.11533 465.09235
536.31696 557.65088
676.58105 492.18881
538.07050 655.74072
752.64026 405.37598
607.69775 508.80780
631.85211 511.88287
654.76770 512.76038
685.67194 501.97729
586.79266 503.09998
648.60132 443.48877
619.23303 444.32733
674.18207 449.57825
689.78406 460.50806
703.06982 518.10931
600.15546 873.58112
685.56989 487.04169
764.31793 512.86993
727.56665 502.76233
627.76019 621.66223
549.28308 723.70306
545.51019 756.16687
579.76520 735.79071
598.78705 749.27173
567.89404 758.47034
585.34290 762.52148
620.93506 787.48578
536.15826 642.77606
539.56927 617.54657
719.94946 446.82523
581.78766 555.87573
589.07843 635.91675
590.53467 621.78680
692.06024 618.95074
538.12329 585.38696
668.78662 419.86301
700.04932 429.42270
731.61584 360.64047
564.29175 434.75055
593.47913 453.52771
637.76971 761.16309
734.85425 751.02545
571.64502 650.33044
553.58606 657.83142
618.93530 771.76038
612.80219 771.12469
711.17371 415.26398
589.99237 647.40790
624.77399 419.35095
630.16351 400.56042
644.24451 301.89700
717.74933 384.21356
631.77209 347.89227
731.31787 436.06766
739.54822 420.23016
548.34106 740.80426
574.01654 747.97882
592.44904 756.08057
566.19696 655.04230
615.72485 771.55432
604.92334 776.09534
609.27594 770.73560
560.38251 641.96552
580.05322 766.55212
563.00513 765.31921
542.68170 765.50500
546.14874 836.26556
550.95483 814.41754
549.11035 796.31665
546.26080 778.92267
542.60901 765.64081
580.14124 766.24475
586.25287 773.07788
592.74695 781.73798
597.97229 791.67358
612.31061 715.56476
761.32538 625.43042
593.25690 767.92773
599.05853 771.82867
546.48608 667.76367
581.59479 662.63330
549.87036 662.95221
605.09161 571.07751
641.39062 588.73364
594.36792 633.54358
697.63586 324.98706
683.54797 358.99899
676.87848 401.82532
601.87903 806.35712
574.53241 403.31689
578.08380 345.69067
586.19421 291.06244
674.13519 509.63751
726.95618 535.48492
573.07800 497.21527
709.69116 473.32654
566.30524 538.93964
575.01349 626.24591
746.52209 558.12115
712.74158 552.65088
683.98639 561.61371
638.58301 556.90601
604.66797 545.85535
580.03461 534.31116
537.81384 505.16776
741.80328 610.81323
725.77112 471.83545
528.17358 655.68567
580.97894 581.38214
769.61182 512.31610
562.29047 520.98749
595.76001 634.92914
695.69800 488.88876
575.77673 609.30194
751.62476 686.70288
572.12738 488.07574
557.36975 594.56323
692.16656 811.12494
689.19653 841.00177
760.49927 619.14264
716.98413 775.71478
752.52637 462.72079
604.80414 900.06482
525.47009 661.17908
601.17603 600.80127
743.50885 507.29495
652.97443 497.10883
632.70367 496.93066
610.29962 781.06860
735.99969 662.31274
562.71228 937.01196
630.92358 900.46204
658.78027 875.91266
612.11755 494.43512
592.04193 491.23389
578.56689 490.01080
738.53424 466.69830
596.15869 471.69269
618.16699 465.30902
640.14594 464.96649
660.98999 470.09464
673.56799 477.19928
764.58417 453.03729
666.78040 495.06366
590.77026 700.39618
571.52625 646.07623
548.46173 691.35632
664.51270 846.19940
636.13727 873.40967
563.76282 918.77100
712.86542 802.46625
579.83514 481.52020
552.45679 545.95697
600.19421 921.96014
751.21735 675.34332
563.15771 765.17395
568.95032 775.73767
574.08466 789.06287
577.90833 804.93762
577.61804 823.59930
599.56714 766.49146
606.04022 764.07880
611.74658 760.78717
629.02380 736.33972
707.53345 675.07410
551.56293 520.24683
558.54639 470.29883
571.12750 472.39221
593.21155 768.27374
709.30066 737.96411
541.56378 470.92831
589.14032 847.30872
537.45673 532.41882
568.07904 586.94904
552.99023 862.37604
640.61890 797.19458
613.75317 656.17163
617.47644 825.87787
661.79535 652.32458
633.57251 682.44318
679.60461 694.36072
560.60620 892.91382
581.87195 601.45490
658.64734 816.80859
629.93695 846.82764
658.00793 763.69806
729.13464 706.36682
683.67029 766.99921
738.50037 727.61591
650.67126 716.24268
565.98572 563.38654
567.56323 637.68939
581.67419 644.37726
558.57281 620.77856
579.27728 449.22159
621.22400 436.06415
657.51154 435.50537
685.56860 442.42914
703.28278 454.83356
709.49945 496.05078
765.75098 565.34564
691.03632 528.17462
666.87628 534.21564
635.39978 532.69183
605.16101 525.91675
581.68835 517.79712
566.03076 509.79614
766.72656 568.44574
581.25061 651.24585
552.94440 569.66040
552.12738 639.15851
539.53790 651.71338
551.48468 643.48297
574.81885 658.87286
535.32422 654.01086
532.74957 659.49542
564.56451 489.15198
554.23468 495.89258
549.17596 501.40091
680.54907 482.57333
698.28400 473.06799
391.08441 472.98785
417.95151 472.18524
390.36798 450.01587
364.38318 473.63638
391.67645 495.89667
631.64209 479.19531
660.63599 479.48492
632.26807 457.03241
602.05640 478.74597
631.03528 501.43542
