520.67743 728.99902
525.26379 654.57269
521.65955 672.24927
502.82788 569.28442
525.64014 630.47186
524.51031 595.87329
520.15002 506.95248
341.20648 491.67963
518.43188 436.63986
518.49475 401.26175
516.70886 269.52560
520.40845 736.53601
519.56262 744.21338
518.68799 749.38043
517.99078 749.42023
518.12408 759.90833
517.83704 773.05212
517.22424 786.63409
518.19836 803.77600
524.13550 664.97455
501.06638 662.59058
233.78748 376.32123
409.15216 519.04480
384.72122 520.48090
361.26746 517.55823
331.40002 499.36020
429.88904 513.44299
371.98553 439.46759
400.80203 443.69699
345.46164 443.48932
328.85907 453.63394
310.56317 514.60730
435.65839 834.39380
332.97314 483.11713
234.19592 487.35184
282.92816 493.69931
402.05017 621.78839
494.53830 722.74805
496.36588 742.44409
468.50391 730.82782
450.41525 740.08258
475.67542 743.64233
458.69849 746.97015
420.48187 770.44739
506.10846 653.80841
503.04770 630.55493
292.64429 428.32941
447.29889 558.62091
451.36646 642.71069
449.03485 628.34760
329.02701 616.06866
503.02618 598.20386
349.47229 403.41696
315.46033 410.74228
258.55267 333.78162
460.63788 430.39258
425.51926 456.92142
403.94070 750.95367
278.72375 706.27753
468.61368 656.14777
486.13913 662.51172
427.73642 755.47992
432.64261 754.71136
301.64130 392.72614
450.23526 651.94122
396.66696 407.55817
392.12393 386.36929
366.62851 279.53790
280.51035 364.06354
383.98309 333.15424
277.87366 414.77460
254.85161 397.51569
495.12198 733.75439
472.18665 737.94867
454.46088 743.73962
473.56668 659.85187
430.29477 755.13293
440.42044 758.14111
435.42322 754.27313
479.57968 650.55457
461.67810 749.10541
478.47900 747.21320
497.63248 747.72864
490.18628 803.45270
491.22815 785.43433
492.81552 771.44226
494.87115 758.25287
497.17410 748.11792
461.39108 749.49182
457.28491 754.81482
452.66122 761.98169
448.78912 770.14642
428.64417 711.67822
240.54556 586.57251
522.90759 668.50549
448.81244 751.70148
444.84476 754.61823
493.31366 671.18335
457.70551 664.63391
489.86826 666.94232
422.12384 572.61523
383.23749 589.29773
444.96207 638.01355
301.01709 300.46582
321.51453 341.01129
340.36227 382.33893
438.64276 783.19946
452.51221 395.36328
447.17520 334.22711
436.26538 270.57904
341.92291 510.53394
284.73425 531.50500
443.56897 507.74161
305.84296 463.55725
464.13968 543.02362
464.98288 635.47681
261.51877 543.78156
300.63712 551.11932
331.39847 562.77496
378.71561 561.13721
413.94720 552.28888
439.87970 541.76697
497.01239 512.25885
271.80298 597.93799
286.37567 458.15027
512.43066 664.23999
451.91269 585.34723
222.19299 477.38260
459.33478 529.50745
442.00464 637.47107
321.40387 482.81808
463.24118 617.98547
256.64581 645.23102
444.02408 498.64233
482.32697 605.42255
337.08691 775.95624
336.76178 793.66663
248.30560 592.89508
306.55386 741.59631
242.57059 438.62927
430.99835 852.24731
513.68457 667.62207
430.63007 602.72992
262.97876 496.66473
363.56110 503.58701
384.11810 506.95010
436.39838 762.34009
282.27612 645.58704
469.89474 878.21069
403.26086 847.03967
373.27570 825.62708
517.69678 336.13617
514.74945 881.51105
404.58368 505.71539
424.17798 502.27567
437.33276 500.56281
268.98462 450.42050
421.60471 477.42700
399.96124 468.44839
378.36746 466.51028
357.62201 469.67181
345.16736 475.14447
222.76370 421.59390
350.19592 497.85181
521.21844 689.83264
450.29819 698.66589
468.91986 652.95551
491.65472 691.47491
518.55591 470.66388
368.61118 806.92413
398.77625 829.74432
470.00403 868.50568
306.19214 756.22363
436.87698 490.37372
482.66165 553.90521
516.76257 871.05414
434.67075 865.68231
262.42389 645.90155
478.15573 747.76514
474.13449 756.11633
470.62216 766.79529
467.89383 779.44342
461.81778 795.07861
444.76511 750.84106
440.48120 749.72949
436.89645 748.12476
412.58279 730.18085
315.54440 664.48639
480.79199 525.76862
461.26151 477.41711
446.32300 480.78427
448.92743 751.65417
316.57135 716.35083
483.77924 477.05432
447.31662 814.74280
523.06061 565.96216
499.81082 542.46692
521.67157 537.78613
467.60654 593.95728
517.62537 852.76868
517.92859 827.43591
481.85495 826.47235
395.95969 776.54193
421.67426 655.52454
419.47318 798.48401
366.10492 649.61749
400.72629 679.09906
348.69159 686.43542
473.80057 850.83667
454.10980 606.63800
375.67188 788.34326
405.62262 812.48474
377.59857 749.73206
292.28516 684.58179
347.56537 746.57733
279.06763 694.68573
384.59756 710.11365
467.48889 569.09906
472.72186 646.85852
458.85620 651.07703
482.70477 632.09509
440.92111 450.61819
399.49896 430.93741
362.93793 426.64612
333.38589 431.57056
313.98349 443.31897
304.88153 488.20016
237.46240 539.95135
323.64612 526.84460
348.37601 536.71265
381.09583 538.69800
412.12457 534.09473
436.15140 526.59460
452.66113 519.09912
229.71683 531.11786
458.97617 656.42603
484.14401 579.19763
489.21237 649.74060
500.01080 659.74548
488.57507 652.46533
464.88464 662.46594
504.94281 662.49054
506.36984 666.11462
452.28030 499.69409
465.33481 505.39752
473.70041 510.23413
338.25732 479.33524
319.60577 465.73154
542.14929 568.95496
683.25024 488.81601
543.61444 662.14337
765.87988 375.49890
618.33093 516.32275
641.49255 517.72198
663.39160 515.00330
690.67285 496.36115
598.99792 510.02106
655.01959 435.94434
626.81500 440.02850
680.29285 440.07275
695.06647 450.31488
708.34778 511.81628
593.76294 830.29907
690.43970 479.39355
767.49670 485.11545
733.01996 489.37885
628.68005 619.41742
545.87042 722.85492
541.52441 742.70258
568.71802 730.62482
583.31519 739.73993
559.80609 743.83850
574.14172 746.96033
609.08643 766.76801
543.46436 653.44513
547.07843 630.13190
728.22778 425.53305
584.49481 557.50946
589.13385 641.15051
589.94879 626.65753
694.36194 612.51422
544.97974 597.71826
680.02179 400.92883
709.79559 408.26147
747.93561 334.07101
575.14856 427.41418
602.78528 453.50522
625.11224 746.97107
718.13763 700.45880
571.80554 655.02924
555.28845 661.71143
601.03271 755.41357
596.24908 754.58032
721.79657 391.37927
588.27716 650.15393
636.94836 404.56464
641.69904 384.77661
657.79114 280.79636
733.31531 364.61200
644.51062 334.61877
740.10559 413.25061
753.11005 397.19449
544.44000 733.95947
564.39264 738.03198
579.10052 743.55475
566.34021 658.74713
598.56226 755.06494
589.15558 757.71619
593.49408 754.08997
564.47382 649.80212
569.91827 749.05621
555.75299 747.40930
538.65875 747.95190
544.66455 802.33948
542.47064 784.97510
541.77881 771.02783
540.29871 757.98969
537.89868 748.03937
569.44366 749.03406
573.92511 754.26593
578.34497 761.25189
581.81921 769.26160
605.33655 708.87891
751.53510 583.12909
580.53461 751.17853
584.84180 754.20483
548.70178 670.56445
579.55756 662.94806
551.88214 666.31183
607.51611 570.96393
644.60352 586.97302
592.34296 636.10681
714.28320 301.49045
699.10651 342.60983
688.73022 381.08331
592.43073 779.86792
583.79608 394.43274
585.90594 334.86359
594.19159 271.26157
681.11957 508.12701
730.55078 527.80035
586.22937 503.64279
715.00909 459.92548
569.56360 542.23145
578.51404 634.45239
749.69421 540.61676
716.94177 548.80493
689.02380 560.83838
645.45129 558.56177
613.03357 549.08563
589.13593 538.30219
541.64160 512.09674
741.49878 593.96082
731.91467 454.59088
535.33502 663.94824
582.09747 584.07678
769.88818 474.97156
571.58521 525.98352
592.85583 635.46167
699.90369 479.24414
578.38940 616.79169
737.41705 640.58856
585.35724 494.00101
562.76331 604.61462
677.75134 769.76300
671.13232 787.04156
754.97681 588.96240
703.36792 735.62488
761.91199 437.22003
596.19995 847.74811
531.87762 667.44672
601.28857 600.90643
750.22113 491.25714
662.56934 501.57236
642.98413 505.01758
592.97253 761.83990
730.86389 641.04779
557.19873 875.75635
615.41803 841.13586
640.85022 819.03290
623.22070 503.70370
604.54156 499.42694
591.94922 496.82132
745.78802 447.59180
605.35803 472.53400
625.82697 463.60083
647.56268 461.73712
667.97656 465.21191
679.54187 471.00803
772.61139 419.84695
675.14697 495.49033
586.82947 696.62012
572.57715 651.93848
550.13184 690.77490
650.14490 800.74023
623.82605 824.04041
561.14343 865.98364
695.75574 749.80872
591.56232 485.47388
556.79016 553.33746
588.76984 861.19305
741.45831 641.08240
555.10339 747.48767
559.13965 755.63306
562.39093 766.03369
564.65234 778.53326
571.11603 792.51367
585.73401 750.56726
590.25861 749.41736
594.05170 747.68494
618.76917 726.67078
704.45770 660.09619
555.30066 525.44934
570.32684 474.10358
583.22266 476.86145
580.87701 751.42523
699.61597 711.06940
550.81720 474.17148
583.53375 811.31305
542.29248 542.14703
571.23029 593.05414
552.07898 824.64319
630.47675 772.08911
611.01904 652.90137
608.74951 794.21478
661.98132 646.26270
630.41785 675.98535
676.29108 682.27100
559.30762 848.65564
582.09174 605.23090
647.17090 782.79456
620.37665 807.42480
648.40466 745.41266
720.24268 679.48853
673.55371 741.36987
726.33356 689.15594
644.15601 706.36230
568.98535 568.25165
571.54236 645.95038
582.21265 649.73566
564.34570 631.29565
590.40753 446.92477
630.55579 427.43304
665.57727 423.77823
692.54199 428.88599
709.04053 440.44168
713.98273 484.10751
764.56091 536.84924
696.96960 524.48169
674.36194 534.25439
643.92279 535.86438
614.85486 530.85681
592.68231 522.95459
577.42188 515.18719
761.27942 528.38727
580.53772 654.92938
558.14539 578.49915
558.09985 648.99445
545.97571 659.22626
556.98804 651.84106
573.89307 660.97894
542.10767 662.01807
538.64001 665.70197
577.80725 495.37894
565.72534 501.74332
558.59845 507.01816
685.74731 475.40558
702.74915 462.29144
384.96210 483.44128
409.70615 482.92386
384.73743 459.46515
359.66058 483.82193
384.93689 507.36700
634.27576 481.12497
660.48145 480.79138
633.94006 456.54163
608.13483 481.34750
634.89294 505.76102
