508.31140 721.50098
477.74963 641.69489
490.43073 664.31451
466.36954 559.96094
476.67377 615.57526
480.21741 582.76367
493.75220 504.47427
350.70160 493.54388
498.29489 451.69159
498.51608 420.91382
502.78204 285.02060
508.74249 727.82220
509.89380 733.46735
511.56149 736.54919
512.21332 794.92499
511.65179 802.55884
511.33734 812.27063
512.01428 823.34375
506.86536 854.22961
481.26471 655.07953
462.08978 653.78412
283.75717 405.55957
409.62561 512.46027
388.16193 514.34003
367.59363 513.83728
342.21487 501.63531
427.90219 507.92316
375.20416 452.85962
401.18768 454.41284
352.66797 457.73999
339.11346 466.48145
323.76492 515.60706
416.10999 883.21729
343.25299 487.87112
270.91833 513.39996
300.91632 499.98526
378.03265 614.71759
469.64661 716.51129
474.03699 730.33789
438.11554 717.35876
418.06128 719.18024
446.99454 727.24524
427.81458 726.05280
390.76190 772.08301
458.47961 641.10339
455.65234 615.98376
309.89758 451.57233
431.04456 555.45062
413.74289 628.92694
414.13779 615.50928
310.23004 609.92725
459.78082 585.48193
357.37531 430.91858
328.75778 437.64478
301.76239 362.20755
451.48267 447.85486
423.52515 463.13684
371.57938 737.04614
300.12799 753.29895
431.15549 644.15900
449.78485 652.64941
394.77429 728.40088
401.23590 730.37921
318.42285 423.75861
414.02655 637.89154
397.38721 432.60297
393.31091 415.27032
377.75015 302.62335
310.22913 388.92087
388.89468 354.08896
298.78088 440.40692
289.82144 422.46582
470.97281 724.18457
442.18280 722.63043
422.58710 722.75842
436.88202 648.32831
398.03131 729.36493
410.07629 755.10089
403.99670 731.46259
438.68948 639.92987
432.98868 728.34430
452.03259 730.27087
477.95715 733.80127
468.08636 849.89209
474.08002 819.08051
474.61334 808.08215
476.78329 798.73724
480.16364 791.77002
435.76331 769.88306
430.54236 772.10529
424.58676 776.70789
420.75500 782.59717
391.76303 698.35291
279.77954 624.97589
485.24005 660.36078
422.07147 754.87683
415.52563 754.23431
457.37424 661.72693
422.28796 651.19470
453.50360 657.43854
406.40610 567.41711
366.56262 581.82831
411.24109 625.28174
331.00235 327.38879
341.76440 365.40576
350.46960 413.83389
409.44427 803.29651
444.08804 419.73120
439.65259 349.56372
432.61505 289.57700
351.12024 509.63397
300.77255 530.90216
439.78125 503.16522
320.28223 475.76697
447.04935 541.18518
424.82816 622.77869
272.89218 554.98199
313.19440 547.44885
338.94510 556.70227
380.20734 553.35199
410.85074 544.33508
432.98767 534.61731
473.23853 510.80499
268.11398 604.12024
304.07117 472.82269
469.34869 654.18738
428.01294 579.22522
276.02066 512.04291
449.55258 523.83386
410.58969 625.71771
333.85785 489.09543
426.27692 606.05127
286.26782 686.77325
440.31619 495.22791
442.73840 593.63245
330.55191 812.79614
340.78394 847.32623
262.25378 617.15283
303.41107 777.39563
279.40814 464.37604
414.52319 912.39404
474.96814 659.42822
407.13965 595.24774
284.80334 502.81564
370.21466 500.52319
388.08014 501.77466
405.92456 756.75085
270.25900 656.28491
458.71008 953.49829
394.65677 911.57617
370.23846 884.57281
500.41238 348.29706
510.37515 961.74194
406.18756 500.20374
423.59155 497.53094
435.02704 496.51074
290.77081 466.77542
420.68396 477.03052
401.32898 469.99432
381.60406 469.41345
363.24405 473.80048
352.77234 479.87531
275.60086 453.11792
358.58142 497.34369
494.79572 681.45673
413.48044 686.16083
429.91541 641.22729
458.09015 681.34937
497.78925 476.63086
360.22208 849.88672
386.66187 880.77228
454.90262 934.69611
319.23212 807.40045
434.06717 487.99338
455.86670 549.13745
507.41010 943.23962
422.21359 935.68268
267.99048 674.06464
455.08591 782.85120
449.82574 787.67810
445.67392 795.55914
443.47287 805.69531
433.38293 831.08990
412.44095 727.00317
407.64566 724.79327
403.91510 722.42822
376.49182 714.32501
293.76035 667.67035
460.76297 524.57825
454.28842 479.80225
442.07394 481.15381
417.14157 728.58997
300.42188 734.03583
470.41467 480.64124
424.81586 854.45227
485.02676 556.24548
469.70316 536.77478
489.41953 531.50952
436.96634 585.57245
506.17108 914.80914
506.60431 881.78662
462.30475 876.03229
376.70389 786.34894
392.85580 645.86847
398.49573 823.92450
340.15967 644.46417
372.72089 671.24713
324.17352 684.84308
455.85577 907.26331
424.58472 597.54919
361.86404 813.80652
389.23041 849.89075
355.70892 746.79126
279.92319 702.39661
329.86963 759.79144
281.75494 728.31293
357.04120 699.21320
442.64191 564.18915
431.03726 634.98767
420.23926 637.99591
438.50894 618.90930
436.80066 460.67456
400.15808 447.79651
367.86990 446.08289
342.63208 450.82220
326.65570 460.57739
319.87939 494.41229
263.86588 564.67151
334.52252 525.35602
355.35498 532.24200
383.99054 532.06000
411.18329 526.97559
431.92529 520.29889
446.11420 513.95563
278.48285 568.07477
421.98804 643.00488
450.50879 570.82422
444.06195 637.70026
458.85382 650.20721
446.18021 641.94348
428.46881 649.65228
462.43286 652.60309
467.49335 657.56110
447.13553 496.69470
457.14502 502.45337
462.05725 507.31238
347.25812 484.30615
331.81323 476.30499
507.50745 559.55914
692.95435 494.79819
512.40887 653.77716
805.70386 395.60022
620.31787 512.47076
644.73883 512.86597
669.79004 512.50732
706.66669 503.53326
599.41138 510.56662
656.88086 452.20877
627.70355 455.96948
684.97900 455.44147
703.74817 464.49176
729.91602 516.92542
614.76526 887.46552
704.29431 490.42075
824.15643 508.38034
762.71387 503.29602
641.17780 612.61877
550.08899 714.49493
550.01971 728.75757
590.56189 714.31836
618.05664 715.63470
584.03003 724.58472
609.61523 722.95648
655.94989 772.04468
499.71704 640.95874
502.24985 615.58130
740.64923 448.06042
580.70007 553.79205
577.99921 628.05927
582.16608 614.10217
727.67468 607.15533
504.01114 584.97046
671.41174 425.71527
711.21442 432.19690
767.74219 351.51639
554.53308 448.99844
603.18347 466.88620
678.74371 736.29987
822.07983 761.18158
559.32770 643.91608
537.10016 652.15143
652.53894 725.40503
645.79590 727.41327
726.75464 418.45044
584.02887 637.04529
620.30127 429.89337
623.94708 412.02301
648.91492 294.78259
740.64636 381.18909
627.93323 348.21143
758.98138 438.88403
778.30554 415.44208
550.31262 722.36157
587.16742 719.78735
613.85980 719.37518
554.57397 648.12616
649.13477 726.36639
633.31152 752.65186
642.77948 728.48846
538.12836 639.53088
606.18591 725.24292
580.78827 727.65216
549.24884 732.37225
551.18640 850.57471
552.74542 818.90662
551.17035 807.70288
549.55157 798.11841
547.66669 791.05670
603.13385 768.10394
607.63629 770.33728
613.38715 775.04663
617.47650 781.12177
634.79724 697.02173
850.57996 625.33661
621.91321 752.80609
627.70099 751.93091
529.60223 661.37183
580.10681 650.67828
532.92365 656.96008
610.58069 565.25262
657.31860 579.11725
590.90063 623.89099
717.12598 317.15805
692.03271 358.22855
680.45300 408.61588
629.00366 803.92419
561.82178 419.69958
567.11578 346.02829
580.17999 285.08533
692.61188 509.82401
760.35406 531.77380
585.41522 507.68372
731.87921 475.76324
559.97534 539.97150
555.04956 622.01758
795.01898 551.66766
738.88385 545.62646
701.68591 552.89185
648.85388 550.36566
611.66101 542.99005
583.65808 534.61932
519.44922 510.16071
796.53882 602.52527
754.02283 473.62976
495.21588 654.22180
578.42725 577.60785
845.90216 505.68939
562.32642 524.10504
597.58112 624.27325
717.51355 491.78091
559.16614 604.93750
842.95532 691.11420
586.39899 500.93024
531.22345 592.89343
743.99408 821.22748
749.52417 859.58423
833.18774 617.11731
782.85876 784.80280
802.79614 457.54004
618.36365 918.59082
496.06085 659.29059
605.61475 593.34430
789.86456 508.22073
666.32452 498.73248
645.28552 499.60287
638.18195 754.38782
799.12866 657.19733
566.97546 957.62018
659.05511 920.82831
700.82166 895.88416
625.29504 499.75049
606.29523 500.09857
593.19189 501.33276
775.93359 469.65527
610.25128 483.05603
631.29913 474.05499
652.92096 471.27411
675.30469 474.23688
689.55438 480.47238
830.16858 444.11655
681.47620 497.02606
599.79181 685.01416
556.76825 641.01312
537.97925 681.20270
701.18585 858.19928
662.30109 889.11737
565.74164 938.16772
788.24371 817.84961
594.09387 494.31317
535.01813 548.24152
615.24445 942.43573
829.14307 677.34088
577.85437 781.43927
582.00110 786.41223
585.78125 794.49438
588.49573 804.75879
595.14667 831.58911
631.22375 723.74823
635.23248 721.40289
638.94965 718.94910
663.51941 712.93524
759.52405 667.57867
538.92090 523.79095
562.86749 483.78955
581.95746 486.37555
627.60791 725.49335
768.26526 737.51605
533.47412 482.71072
606.83344 857.20789
513.34705 536.19940
555.57959 584.60919
557.56641 877.73767
672.13721 788.29919
623.54901 644.07629
643.19739 826.72797
690.32001 642.78003
654.65637 669.62311
719.25958 684.44250
562.78046 909.77258
576.61426 595.87592
691.55786 818.55371
654.89581 855.33649
695.58545 747.61664
795.26343 705.45276
729.46680 763.44055
813.97076 733.93567
684.05469 697.68646
556.09558 563.03864
545.49908 634.65784
568.88507 637.56476
528.70374 618.49951
582.56213 463.54675
623.91803 447.13998
661.86713 442.58917
694.60077 446.49570
718.88879 457.49496
736.79181 497.63275
831.59045 561.86212
713.45398 525.34033
683.82581 530.59241
647.89801 530.52521
615.52771 526.94952
590.62158 522.41388
572.77539 516.67365
850.33545 564.58258
571.92584 642.49890
531.01373 570.06812
521.65338 637.69043
511.44067 650.63861
525.09540 642.13660
568.24976 649.23700
504.66931 652.73413
505.46057 657.57806
576.16840 501.74640
558.83771 505.53552
546.26672 508.28067
697.76459 485.79456
716.45013 476.48889
394.16443 485.28900
418.45187 485.60986
394.73303 463.98105
369.73727 485.12921
393.41510 506.82379
653.66815 486.74274
680.96960 486.63876
653.86865 466.68552
626.40375 486.75986
653.40198 506.71677
