512.56750 743.24579
505.90192 680.72644
507.17694 693.14929
485.87766 586.21906
505.63477 654.82007
505.85342 616.39948
507.49118 518.55682
342.32800 491.18188
507.84210 448.41962
508.03583 412.64008
509.91516 271.15811
512.97601 748.58551
513.29913 752.99225
513.55444 755.36682
515.78485 777.55713
516.20801 787.59583
516.46466 799.91553
516.79889 812.28662
508.39108 826.96625
506.30832 690.68384
481.59100 684.31512
236.94562 376.45956
410.04626 513.49347
385.76450 515.45013
362.17755 514.15302
332.62616 498.71259
430.55209 508.85907
365.81488 448.63095
394.94550 450.73566
340.88937 452.95227
326.51678 461.37204
310.01523 511.83771
421.41705 852.82385
333.35513 484.33368
233.47519 489.35327
279.88150 490.14850
380.79028 625.73138
476.71411 736.85968
479.45016 748.37378
446.53470 734.54291
425.51703 731.88074
452.84015 743.21277
433.11066 738.73193
388.43738 757.09100
485.16730 679.08276
482.20660 653.52002
286.02222 437.30457
435.51059 565.53583
427.41034 653.42804
427.07913 636.96082
305.53839 612.63330
483.66425 617.89191
339.39868 419.86551
306.66977 424.54327
257.93726 335.54803
451.82611 445.54474
420.86099 460.60858
367.02466 729.17920
277.02728 710.96576
444.61792 669.30121
464.54422 678.38898
395.59070 726.89716
402.14301 729.78076
292.20673 404.95920
425.23022 659.04584
386.69794 424.93640
381.01447 403.88458
358.47260 282.36072
276.44714 369.69739
374.77246 339.84216
271.18658 420.64423
253.55280 401.75775
477.53143 743.45844
449.48871 739.07635
428.94263 735.28986
449.54666 672.51978
398.97601 728.32660
414.65228 746.21460
405.23077 731.31470
458.08038 670.32806
437.39990 741.34619
456.86804 746.13916
482.17145 751.41394
472.30621 824.30151
481.44476 807.29364
481.86472 794.83295
483.53949 782.67383
485.49988 773.55212
440.36035 754.93420
436.30676 758.13245
431.40234 763.82208
427.85434 770.55536
395.46222 707.78052
243.85886 588.09424
506.72058 692.65338
425.17560 744.77100
419.93469 744.89508
473.15610 687.91321
432.06683 669.97705
469.05667 683.36353
409.00452 576.54663
365.97751 589.88538
422.02368 644.03760
296.15311 303.16028
314.78424 347.51910
329.52658 397.76559
410.42618 783.94690
442.11105 412.82874
437.33612 339.65442
427.46637 272.61832
343.23181 508.54962
282.97870 526.80621
443.62164 504.38220
302.98639 467.05804
452.87039 552.12585
443.05026 651.86084
253.96335 543.31366
300.07391 548.45831
331.19073 561.86359
378.15607 560.08899
412.66589 550.80908
437.29410 541.18958
484.30255 523.82904
256.87390 594.56311
281.52692 460.01300
493.54465 689.40417
436.41858 593.27167
227.90634 476.28128
455.64722 530.73792
419.44760 640.95569
321.96783 483.98987
443.02338 631.51196
256.92215 648.55731
443.18515 495.35141
463.01642 622.89136
326.03705 779.76135
335.05408 801.56458
242.02579 594.15125
294.13086 745.39301
242.09027 441.48065
421.16174 873.34729
496.19687 691.42780
412.79526 607.53711
258.65530 490.11932
364.92209 499.97675
385.04547 501.62683
410.28467 748.27271
261.76843 643.80859
463.24341 904.68152
399.89209 864.33856
371.53137 837.68713
508.80112 341.16193
508.50787 910.22711
405.24658 499.61661
425.01028 496.56570
437.66422 496.00333
263.62347 449.07947
418.75366 476.69214
395.89996 469.98434
373.80798 469.75061
354.13461 473.64023
343.25073 478.51593
227.80658 420.63629
351.54089 495.93814
507.68207 708.25562
422.54218 702.16138
445.32034 668.16364
470.73590 706.11029
507.81201 480.95090
360.55850 814.47693
391.03220 843.25104
460.07568 894.34698
304.44641 762.29449
435.37411 487.87985
468.25082 567.21570
508.04059 899.49976
428.97220 888.45953
252.88705 648.45892
460.76373 765.24176
457.10907 771.64331
453.71161 781.14929
452.03708 792.54431
437.36951 807.85095
416.67752 734.33081
412.36887 731.64240
408.98370 729.18188
374.82095 715.89825
287.67117 662.61987
469.09412 536.59998
457.44308 480.15857
443.70374 480.80865
421.48059 736.93481
292.59668 716.06189
476.79944 483.99454
428.96466 828.89172
506.42426 583.54254
484.95898 556.98297
506.97668 552.76349
450.71259 606.01428
508.05966 879.67535
508.27768 851.76843
466.80365 848.40259
374.31851 769.11987
398.19330 657.72998
400.22382 801.64722
338.32849 650.89819
373.16205 678.87024
318.68903 683.97400
460.85431 875.34204
436.09949 615.01105
360.86578 788.98865
392.32785 821.29846
350.57785 736.41290
271.02322 684.46637
324.79712 742.64197
268.72003 698.70941
352.08881 700.00861
453.06439 580.12781
450.39508 665.80042
434.55856 664.00360
461.47382 652.83307
435.49884 458.42310
392.29962 442.75806
355.53827 439.86639
326.96945 443.58826
309.57794 452.22012
303.42535 487.11389
235.06311 541.63617
324.12549 524.89282
348.39700 534.26440
381.36829 535.29987
412.14410 530.14935
435.45462 523.61707
451.12619 517.69702
235.19849 531.13538
434.20453 666.39331
467.30994 594.51587
467.81934 672.78345
480.38480 682.92700
467.57495 674.41913
439.67474 671.37903
485.49292 686.89337
487.89008 688.81726
450.97409 497.87210
462.59946 505.81299
468.88187 513.32880
337.44037 481.90704
318.62317 470.32819
527.73181 586.14331
683.74054 490.03479
532.54016 683.72198
791.63403 376.26361
615.91357 512.65973
640.57111 513.77478
664.72925 512.49866
695.19409 498.74463
594.84174 508.65961
657.05621 446.65646
627.16113 449.38757
683.38147 451.09930
699.18896 460.35144
719.24988 512.83740
598.48474 853.28455
693.31696 484.50662
796.27466 488.92914
749.21887 493.83810
640.40143 625.22986
548.09241 736.91742
546.79120 748.72363
579.63477 734.84595
601.98859 732.56879
574.12225 743.78284
595.12579 739.54236
633.25458 755.64423
527.14453 678.89734
529.64923 653.31445
737.59161 439.09735
584.09894 565.36011
589.35193 653.10284
590.32007 636.68060
718.73926 611.98779
528.56720 617.62079
678.17743 417.53778
713.72998 423.96136
768.55872 335.22134
562.82239 445.62555
601.14508 460.35883
655.24518 727.68024
756.08331 712.11328
571.76105 668.86304
551.17194 677.69861
635.56372 729.27240
629.21545 732.03711
728.20178 405.84241
591.74646 658.67194
628.56140 423.00934
633.27521 401.86542
663.99365 282.06122
747.93372 370.36469
645.42950 339.77692
752.51385 424.75919
773.06750 402.81610
547.93359 743.67859
577.13293 739.59460
598.97314 735.95154
566.55988 672.02850
632.25458 730.65698
617.85364 748.84430
626.03503 733.46069
556.95227 669.92450
591.23431 742.28156
570.44952 746.79456
544.78485 751.79022
546.04199 824.15515
551.77338 808.73071
550.53735 795.92633
548.17230 783.64313
545.51831 774.46375
590.96088 756.97083
595.83057 760.46149
601.74750 766.58002
606.10864 773.70459
624.70178 706.70526
789.47473 587.88196
606.29785 747.00549
612.13708 747.34912
542.48767 687.40228
585.01398 669.55762
546.58545 682.79089
611.42383 576.32819
656.07080 589.55835
595.88696 643.75378
728.35083 302.73138
707.26923 348.02747
687.15570 396.14056
610.52936 782.86566
571.24896 411.72638
581.67480 339.46899
593.73938 272.39978
684.13733 507.42139
747.27148 528.32605
581.27448 504.36093
723.71118 468.67297
566.01544 551.97406
572.32117 651.61487
773.15735 543.10632
730.76636 547.68597
699.16449 559.47015
650.03094 558.35809
613.40747 550.07642
586.76093 540.86481
531.65607 523.72577
770.58759 594.33057
745.10498 463.53006
519.57391 689.13568
582.67542 592.97522
804.09308 475.39084
566.96027 529.90253
599.05969 640.61542
705.51147 485.11493
572.93329 631.25867
776.57367 649.22198
581.49103 495.35486
550.92120 622.55566
701.68878 781.07043
694.23901 802.86792
788.14172 594.23785
735.14941 746.45782
786.05304 441.67432
598.59692 874.37988
517.34863 691.18378
607.05780 607.15399
770.83643 495.37332
660.74030 497.23370
640.51141 499.05054
622.69269 751.00037
766.11835 643.89789
554.69446 904.88147
623.14630 864.59668
654.75018 838.53369
620.14990 497.97830
600.23700 496.11374
587.36786 496.13052
763.11816 454.68781
605.48254 476.79172
627.80603 469.33667
649.85974 468.51166
670.31268 472.29303
682.07166 477.74310
802.45789 420.01996
674.22070 493.74463
596.46411 701.40375
570.80280 667.78186
546.33661 705.90350
664.49243 815.92828
631.68909 844.58990
557.14722 894.91479
727.14374 763.46124
589.22089 488.01245
548.25958 567.05853
591.28455 888.57678
777.21777 649.07056
570.28455 766.89227
574.77551 773.56525
579.15576 783.45728
582.11560 795.31110
582.42517 806.97772
613.75171 735.62177
617.70764 732.92859
620.84668 730.48804
646.57758 714.38055
738.47992 662.19897
548.27893 536.59540
563.34814 479.89557
578.90112 480.84433
609.18140 738.33032
734.83838 716.13770
540.85388 483.27597
591.33789 828.71417
529.88367 556.79742
566.24005 605.90094
551.32318 848.33447
648.26300 768.76862
621.31714 657.00385
621.44812 801.33112
684.78662 650.30573
648.18134 678.09833
705.83911 683.48389
556.65094 875.65070
582.13086 614.68097
663.14087 789.50018
629.95825 821.84137
672.69208 735.96442
757.30115 684.72223
700.86560 742.79846
761.41815 699.60303
670.61725 699.04041
564.71356 579.97015
564.63947 665.48279
581.84680 663.70068
551.94586 652.51770
583.82172 458.19751
627.00879 441.10556
665.07391 437.42108
695.40625 441.92361
715.13617 452.04147
724.67493 489.65839
794.93140 541.34570
705.06921 524.43787
679.80170 532.96326
645.63989 534.20465
613.66046 529.84064
589.25861 523.73877
572.56219 517.46893
798.02783 530.23517
582.26593 665.95496
547.61853 594.29053
545.61926 672.39618
533.50946 682.55750
546.59442 674.12653
576.89795 670.86542
527.95618 686.51794
525.93658 688.35217
572.83154 497.64062
559.61194 505.29272
551.80884 512.28735
688.56818 481.64252
708.06079 470.73749
386.87393 480.37613
414.43539 480.03552
386.71606 456.43439
359.04187 480.62854
386.79178 504.35809
639.01416 480.92523
665.25671 480.40552
638.61584 457.82651
612.96643 481.16772
639.47101 504.14709
