517.34479 718.80719
523.90540 629.11670
520.20374 654.25848
498.22485 548.03290
523.89282 603.55072
522.31122 571.01880
516.69891 494.79620
347.57001 498.39398
514.19489 443.98105
513.52557 414.24969
508.88791 308.01352
517.18176 725.32672
516.63788 731.11975
516.15771 734.76038
516.24866 734.79883
516.39825 742.23383
516.19757 751.19287
515.82300 761.49670
520.77710 799.20728
522.82977 642.46570
495.29987 641.62531
221.24414 416.94501
410.23782 510.18970
388.75308 514.09235
365.92731 515.06067
332.21393 506.27713
428.31628 503.65479
376.70847 453.71442
400.76050 453.03891
352.82147 459.89886
335.66940 469.79797
306.84302 519.99878
417.87103 848.32178
336.65570 494.48447
208.78094 516.58136
269.88239 505.86365
383.62006 609.28552
485.14569 713.74286
487.72336 729.43066
454.44589 718.37598
432.80176 723.89990
462.46613 729.19635
441.80347 730.00922
393.96332 756.90979
501.24698 628.35449
498.18579 603.72534
297.93634 452.38367
437.45013 549.13654
435.76044 621.25446
433.72705 608.46375
303.12650 607.54254
498.32739 573.69202
366.67844 424.23828
328.89502 434.78339
250.39166 374.12570
468.09631 437.08636
421.43924 459.43271
371.75275 734.31635
228.67157 749.68066
454.66043 635.23602
476.03381 642.80493
405.26877 732.96515
411.09512 732.88989
311.04602 420.64178
433.38171 631.71216
412.65433 422.87921
408.92517 404.83948
360.24484 318.35049
273.41595 395.19879
379.08258 359.24408
275.32605 441.97385
243.95029 429.69202
486.02121 722.72717
458.46472 724.31061
437.19730 727.08636
460.51450 639.61365
408.24539 732.94080
420.97025 736.72260
414.27954 732.86591
469.84967 627.76434
445.22577 732.10034
465.66492 732.24896
489.42319 733.38098
485.23926 797.86584
484.03720 759.98535
485.38232 749.42133
487.29861 740.66113
489.72278 733.56354
445.51105 732.52368
441.05750 735.87817
436.23083 740.60748
432.20709 746.60986
403.89932 694.75281
200.11459 628.79919
521.46118 648.31604
430.14716 732.73926
425.76794 734.47015
485.02179 652.70819
441.70404 646.17084
480.70654 647.91290
409.49097 563.29993
366.12350 579.02557
428.26569 619.29639
294.68604 340.14151
316.57904 370.76236
356.14722 406.69287
417.86307 773.72540
462.71295 408.13159
441.57120 356.95453
429.24036 309.03143
345.17667 512.69434
277.46393 535.71497
440.17419 497.59686
305.87689 480.22177
456.47488 533.13568
453.70386 612.47906
234.90192 555.27252
302.02463 549.99689
338.46436 556.40350
384.66946 551.04547
416.49222 540.54352
440.01794 529.64209
491.97311 500.71210
238.69308 604.34912
280.35641 477.07098
508.99454 641.31683
440.20145 572.42822
195.60123 519.79132
458.88541 517.84863
424.72681 621.23340
321.74435 494.69055
452.15475 596.98859
209.17941 688.37109
437.41821 490.69391
475.03589 582.68469
291.06946 798.39966
290.63336 831.85815
208.85855 618.24622
256.96713 766.87683
225.37628 469.31165
410.09042 878.86755
510.61581 647.20874
415.75763 590.43982
239.37024 510.02579
372.06201 502.11072
390.75876 501.62149
416.64496 739.76624
241.55020 654.31940
461.79587 916.45251
372.92755 884.67279
334.23660 862.92511
510.98322 358.53986
521.16309 920.88306
407.41602 498.52371
423.07175 494.08936
433.04019 491.92285
252.62418 471.63678
417.49875 478.38647
398.25708 475.63974
380.92841 477.73376
363.42084 482.80777
351.45782 487.90033
203.96143 462.52759
358.45334 500.63907
519.96936 673.42303
431.22510 681.10193
455.33328 631.28595
483.02728 673.88708
514.76520 469.59808
329.62445 830.13330
368.04599 855.16675
461.96985 894.43774
257.37787 797.23206
431.29895 485.61310
476.21857 538.30768
522.45935 898.50842
414.29861 903.25140
216.15482 672.67114
465.91052 732.54883
461.43658 738.10626
458.07941 745.31732
455.51422 754.67035
448.07202 787.96307
425.18707 731.23987
420.51202 729.96729
416.70227 728.42792
382.42670 712.66156
279.01312 662.82623
474.79691 515.17957
457.09216 472.89917
440.51294 475.81714
429.94690 732.39258
271.72101 725.51465
483.07538 472.39099
432.27298 817.76868
520.41437 544.28772
494.76013 525.07861
518.61444 519.86072
458.50500 576.55145
522.59387 867.43762
521.65027 831.09912
476.75708 829.43555
366.67667 771.96252
401.90240 641.07141
396.59302 798.93018
339.96216 637.70850
375.98975 665.05945
314.98187 678.24854
467.18719 864.24548
441.26950 590.68011
341.23141 796.27350
379.07993 824.45862
344.04483 740.86505
246.55606 697.48126
307.44696 749.42993
229.56885 722.72833
353.17694 695.95166
458.84476 555.09766
461.98096 623.47388
444.00214 629.30981
474.60260 607.25946
441.25970 453.50214
406.12698 442.71875
374.50168 442.76697
345.07553 449.83472
321.46472 462.18488
299.00146 500.13879
205.14798 566.56110
324.50665 528.35248
351.82300 532.94482
384.42743 530.88232
412.70581 524.02539
434.01318 515.72375
449.15955 508.41986
196.75229 574.11090
443.56689 635.60492
477.75433 559.79974
481.57150 625.00055
494.58966 637.59790
480.88348 629.39496
450.24640 642.81299
500.27985 639.74780
501.67529 645.37769
446.75821 490.57440
460.59326 495.87457
472.45004 500.40417
343.66162 491.55463
323.09613 480.95120
541.73822 548.18457
682.57013 493.48486
545.34741 642.06061
768.47064 420.87964
617.60388 509.32153
639.31366 511.31781
661.45923 512.11206
693.29187 503.32373
599.70319 505.18256
652.67273 445.67871
626.01489 447.74127
677.59705 451.01697
693.87085 461.81860
712.67493 519.52594
619.92841 848.46515
692.11841 488.90662
785.60193 520.37170
741.52277 506.12259
642.36676 611.15491
549.12482 714.30756
544.82050 729.99896
577.60138 719.29559
596.73926 725.06976
568.48035 730.01740
587.13092 731.03961
636.90314 758.83008
545.50244 628.78625
548.43884 604.10822
726.23157 445.84689
588.56677 550.09106
599.22247 622.66797
599.56689 609.66089
715.80066 610.40192
545.31830 573.85327
667.56512 416.02762
701.89508 426.44495
745.47278 378.34161
564.03180 434.82776
603.81531 457.73828
656.76343 736.69983
766.42566 750.76624
580.04602 636.63013
560.30042 643.73279
620.95215 734.46704
615.13330 734.21851
715.56903 412.77271
599.20569 633.06964
622.36365 417.31268
626.36737 398.38528
649.15350 321.95322
732.03741 397.51785
637.40833 361.36646
741.93774 437.55099
755.96899 432.18817
547.47913 723.34399
573.03967 725.26404
592.11670 728.17535
573.75043 640.70398
617.96472 734.36536
605.86072 737.89069
611.89746 734.12659
569.70081 629.20453
582.90100 732.96259
564.32782 732.92853
542.10809 733.81757
554.99786 798.17651
546.69489 760.40814
545.76624 749.79846
544.29803 741.01599
541.93353 733.91156
582.49249 733.33154
587.24725 736.80945
591.74243 741.58960
595.42914 747.65094
627.74591 696.60559
784.82190 631.44098
596.60150 733.75305
601.20123 735.55927
552.80707 653.41461
589.83307 647.32257
556.42883 648.72998
614.58752 564.80005
656.75366 581.28949
603.22150 620.58752
708.19122 344.35306
694.47083 373.04398
676.06799 398.46814
616.08057 775.00275
571.55145 403.96661
578.25006 358.41928
585.12402 311.25674
681.23712 509.97559
737.57935 537.18805
587.73669 500.55612
717.08356 475.10995
571.42035 533.73578
585.14862 613.78107
770.13147 558.76697
719.16736 551.34814
687.10162 557.14587
641.68634 551.44641
609.67993 541.12402
586.06689 530.17273
540.22711 501.03159
769.01208 607.55585
735.97119 474.12146
536.03748 641.62201
588.02386 573.36438
787.73157 523.61487
568.23651 517.62024
604.09131 622.54291
703.17053 490.89508
584.46643 597.96167
779.22620 690.12189
589.11047 493.19391
565.64081 583.16992
727.14966 799.25317
722.85870 831.96594
788.43762 620.77228
753.65314 767.96271
770.82935 472.67792
627.30139 878.66394
531.94226 647.43170
610.69232 591.79895
763.92603 512.12982
659.37665 497.46490
640.43561 497.54236
609.97461 741.01331
767.10547 656.86176
578.82654 916.33844
656.47644 884.23785
688.50342 862.77362
622.73383 496.34650
606.19128 494.74280
594.94031 494.47693
754.78564 471.14542
609.54565 475.80731
628.36957 468.09692
647.80835 466.75806
667.59485 471.18408
679.65558 478.19699
781.57666 466.66589
672.80237 495.85617
602.51813 682.66187
580.64960 632.85321
555.54761 674.81671
695.17004 830.69525
662.67474 855.17773
580.80609 894.30334
746.84735 797.75085
595.78101 486.51654
557.69672 538.67535
621.59430 902.91260
782.66553 674.58521
564.11212 733.15094
568.53149 738.73120
571.60034 745.93738
574.00665 755.35840
589.21375 788.64606
602.07556 732.35950
606.76904 731.17920
610.80750 729.73541
647.36798 714.94928
737.51135 665.30621
555.23120 515.66766
569.02441 473.36780
585.14062 476.99512
596.87250 733.44147
743.62543 727.30640
545.06134 471.27716
604.76544 818.13574
541.41925 525.23401
575.16492 577.37231
564.71375 829.52484
662.31439 773.70435
625.82764 642.46875
636.19232 799.84558
684.31274 639.95013
651.49023 666.92719
707.58948 680.59027
575.81085 864.30243
589.18665 591.67303
685.98181 797.49719
653.13574 825.02118
682.59821 743.18329
763.23401 699.58795
714.75885 751.22894
773.31445 724.23883
673.57190 698.35583
572.09406 555.80676
577.71088 624.85846
591.67908 630.86102
568.49634 608.05377
586.23175 452.14935
623.76514 437.35883
658.07111 435.18912
686.79480 441.58041
707.22119 454.79932
719.57111 498.56842
790.44183 569.78351
698.51733 527.80920
672.84015 532.17578
641.47375 530.14459
613.31250 524.17773
592.04358 517.22021
576.92871 509.79578
786.58740 577.26483
590.21570 636.94946
559.64398 560.15710
562.25049 625.86261
547.84406 638.13538
560.91364 630.40662
582.80841 643.83942
543.70587 640.20172
539.81635 645.68469
579.86853 493.36139
565.18683 496.91611
554.95905 499.65277
686.59271 483.89618
703.84100 474.93164
386.81805 484.81421
409.01318 483.40503
385.83322 466.39337
364.00177 486.23126
387.63522 503.40695
639.72412 483.07251
664.12921 483.80597
640.64600 463.48398
615.35278 482.11450
639.00879 502.76666
