504.90097 734.86938
502.95374 667.47583
506.87369 687.80591
486.91949 572.57373
503.06088 639.69940
504.85922 601.46033
511.04633 507.87085
348.06256 495.00360
513.75128 441.88354
514.53210 405.82956
520.69617 266.96201
504.87912 744.74945
505.45349 754.46960
506.57190 760.62671
505.58832 797.12238
505.10458 810.37793
504.94479 826.34448
505.54691 842.70624
509.26807 863.98236
504.03723 680.25183
481.75092 676.18066
267.07056 383.01086
416.84396 520.68622
393.09424 522.58392
369.90497 520.33356
339.64417 501.56018
436.07043 515.99524
376.55420 442.27258
404.26419 448.45044
351.16519 444.77173
335.55237 454.59900
322.75934 515.66327
420.63602 891.76770
340.06482 485.58453
258.38907 499.98071
297.88589 493.01080
391.50046 628.50525
472.61588 729.53687
477.10168 754.05670
442.66013 739.60449
423.68112 750.78687
453.61517 756.52271
436.06552 761.06146
400.03949 793.97815
482.73798 665.90143
479.85571 638.98083
300.19174 418.72266
443.73352 562.48706
430.17145 648.70050
430.17734 633.06830
322.83405 620.25317
483.20624 603.50134
350.18378 398.22668
319.12097 401.22083
286.98315 337.01074
455.65088 440.59784
428.09357 462.32104
381.91324 763.48383
288.84937 753.15588
447.70016 664.83521
466.55222 673.91455
402.82770 771.61261
410.08163 771.84198
306.27753 378.84076
429.15765 658.31152
394.42450 411.09479
389.67673 386.12476
380.70425 278.34982
299.46429 365.50839
391.05011 331.97903
287.10733 403.09995
278.55603 402.11151
473.86206 743.07513
447.74738 748.87750
429.42087 756.28223
452.94336 669.23907
406.43878 771.75214
416.13864 785.15930
413.75262 772.00323
458.90845 660.72754
442.07260 763.90857
459.11258 760.98755
480.93631 760.07080
474.12662 860.47083
471.45770 839.17688
472.78787 823.08624
475.87003 807.26447
479.68921 795.50427
441.54697 785.98859
435.49023 790.81537
428.29858 798.46240
423.00107 807.03131
405.82962 723.84631
267.79681 617.13843
505.23975 684.53174
429.41986 780.25940
422.59753 782.22040
474.28766 684.30682
437.55536 672.63928
470.57877 679.27600
418.61938 576.07904
378.71198 591.90594
426.07861 643.53839
322.88974 300.87671
335.10074 340.59015
341.19916 372.70874
417.64969 819.96130
446.96234 404.49927
449.98123 332.21313
444.38892 268.37201
350.55237 513.52899
300.27521 531.82312
447.93207 511.45444
314.90689 461.88028
460.15469 546.58588
444.31763 642.48944
273.46783 552.17499
315.01431 551.69061
343.12939 563.49335
386.89795 561.94867
419.81775 553.26813
443.24503 543.61273
488.90271 513.86438
274.91943 607.84473
297.99567 454.05591
491.58539 678.82416
442.68527 590.00159
258.54443 494.75543
460.45938 532.66266
425.36575 643.08734
329.82654 484.56064
445.27539 623.32245
274.51590 683.48077
447.11606 503.15421
463.77142 610.96600
328.17554 820.57831
334.10706 850.93530
260.22473 614.73126
300.92053 783.49719
267.86383 446.76569
416.68329 917.50720
495.13708 683.12244
420.74246 607.74792
280.89908 494.98785
371.24915 507.16464
392.18204 509.26080
410.68359 788.82532
278.25009 663.07391
458.65445 955.49658
393.26605 914.18835
366.01093 887.77057
517.72443 334.31906
508.22516 962.66980
412.31287 507.46405
430.64926 504.68555
442.09006 503.92096
282.96881 445.13580
423.74234 482.00833
402.69159 472.17212
382.11444 469.00748
362.41339 471.41971
350.75262 476.88681
258.50952 432.56546
357.32062 501.75012
508.04318 707.99139
428.68723 711.34650
447.86520 661.60150
472.90839 707.35535
513.18304 474.16913
358.48077 857.34003
386.83954 887.19727
456.42224 939.69342
309.82172 809.57135
439.38928 494.94919
472.32635 557.16901
507.21109 946.47314
422.41211 938.24683
267.30099 675.40723
458.40009 791.49500
452.56979 800.07513
447.00931 812.18567
443.47614 826.47327
441.23621 843.52777
421.94330 766.31683
415.64240 764.03162
410.48419 761.05676
389.15222 740.99182
304.83054 678.86261
475.11346 528.43579
461.51080 482.83789
448.70828 485.94250
428.04510 767.70380
304.89398 744.62769
480.51410 482.83780
430.94174 865.91803
506.97366 569.23480
487.62665 544.41339
508.91907 539.48206
454.67215 598.84271
507.24051 921.08728
508.31223 890.16205
467.38037 885.57739
380.71707 805.23389
406.43811 663.91205
403.65625 838.77344
353.03827 658.88037
384.74915 690.33636
334.40173 700.52032
459.36133 915.17786
440.87411 611.54730
363.10959 826.67572
392.01196 860.32599
361.10391 768.69556
284.98859 710.34875
333.15912 774.49561
279.38452 731.88965
366.63251 721.23523
458.47275 573.37665
451.39462 655.77368
437.20261 658.59033
460.78387 639.95990
440.83722 457.15253
400.84277 434.78955
365.95093 426.81387
338.07697 429.35782
320.51129 440.40857
316.18451 488.83020
256.73233 556.90631
335.27972 528.60083
358.93140 538.32141
390.04398 540.02747
419.30670 535.35962
441.27185 528.73865
455.88257 522.44073
263.54639 555.24414
437.68018 663.96149
469.89810 583.43829
466.72284 660.28815
479.99069 673.00220
467.87817 663.75659
444.07623 671.04376
484.20575 676.43591
487.42065 680.73315
455.12546 504.59637
466.63281 509.80899
472.92505 514.64636
344.47864 481.48251
327.23624 466.65515
527.94647 573.22412
691.78241 499.60962
530.63770 677.11163
812.58545 388.81378
617.76135 521.62109
641.36041 524.66107
665.86658 523.96088
702.60547 505.20279
598.88245 515.66119
661.98639 444.73395
633.60181 449.12665
688.64551 448.19238
706.06995 458.32336
723.00781 520.90027
602.64795 897.37988
703.43799 489.54044
815.03815 508.97296
756.48523 496.40662
640.01147 632.59570
539.88318 729.44885
537.45813 753.36115
574.73389 739.80487
597.24835 750.05927
564.80463 755.57538
585.81262 759.54700
634.60571 798.22485
524.25244 666.73560
526.93286 639.71210
745.86310 424.15857
587.56268 564.38196
589.40210 651.06433
591.79633 635.22528
717.39313 627.11224
527.37054 604.07263
684.12207 403.08997
720.44147 407.30646
784.34613 341.40753
572.07629 438.21399
609.39990 461.67065
655.06836 768.02087
782.76263 764.64636
571.10083 666.67578
550.32477 675.11633
624.21155 767.27118
616.85406 767.74921
738.00977 385.88135
592.49982 660.67163
636.41339 412.47598
640.99866 390.48541
671.82990 279.89206
759.70612 371.74753
651.75024 334.54861
765.87891 408.81226
788.41016 410.04391
539.12421 742.58154
569.77136 748.42487
591.66687 755.08771
565.69342 670.94385
620.46057 767.53821
607.19910 780.76611
613.24329 768.07599
555.05475 662.20825
580.90472 762.17041
560.59509 759.65332
535.84491 759.23505
546.74060 862.42419
542.41785 837.99542
540.00879 821.96289
537.37726 806.07031
534.73486 794.19043
579.82495 782.73669
585.36890 787.11267
591.84497 794.21948
597.03815 802.49121
623.30786 727.12189
815.64758 627.88995
594.90155 776.76410
601.04889 778.20593
542.16400 685.35199
584.98218 674.81006
546.02069 680.46411
614.48700 578.85114
656.52307 596.42474
597.84564 645.93225
739.28955 303.69611
715.94476 345.22043
695.27441 380.02136
612.43396 823.95648
580.59698 404.97293
588.19513 333.49133
601.64319 269.08966
688.44977 517.72632
749.88849 538.19171
586.94061 510.40527
731.41705 465.75980
569.26160 547.95361
570.64917 644.41315
784.09302 561.15662
727.06952 559.90723
690.56335 571.58868
641.63562 566.27942
608.37445 554.84937
584.84137 544.25043
534.72516 514.36530
778.69812 617.23755
753.57013 458.48755
517.03162 679.39136
585.46594 591.80524
829.26160 502.95810
566.93268 533.44391
601.62726 645.54156
715.40485 487.32053
572.77582 625.04956
804.13940 695.26971
590.78625 502.31604
549.87384 612.27484
717.50195 830.27435
716.87946 860.75842
807.45312 625.67310
752.47241 793.81329
803.29657 455.02686
606.21429 923.90076
515.65417 683.48615
609.32037 610.42120
781.41705 497.98877
664.04883 511.25470
642.82227 512.64722
612.69702 784.11713
774.62347 673.04980
559.90826 959.01526
638.75867 921.50098
674.75946 896.44568
623.76746 509.70609
606.08716 505.22778
595.26318 503.40854
776.52655 448.20709
614.79327 482.83807
636.47101 474.46545
657.32446 473.18399
677.63147 476.23718
689.99213 481.43741
826.28442 439.39474
679.87048 506.32736
596.14050 713.67255
569.63055 663.61621
545.64807 708.49274
679.67944 866.39056
644.06671 895.19763
560.27075 943.43213
751.80127 819.91382
598.41742 495.13965
549.66357 558.23633
601.69983 943.85303
797.58856 686.85876
559.23364 788.88599
564.38538 797.21387
569.39941 809.10248
573.29407 823.10413
583.83905 846.68256
602.93927 763.59540
608.53326 761.38116
613.56250 758.78558
644.52814 744.91174
739.12720 687.27844
551.39258 529.46692
572.47906 482.33789
587.94501 484.98358
597.58069 765.18738
742.51495 753.61859
545.90863 483.77924
593.85565 870.27948
531.36725 544.99182
567.09479 600.53229
551.76178 888.11829
654.10175 811.15332
622.66327 667.14020
626.58618 844.13129
681.39832 664.85980
647.05200 694.82507
703.70660 707.76776
557.59381 918.53613
584.54785 613.27539
673.06165 834.39966
638.14856 867.15210
676.18933 774.93640
767.87115 720.28625
707.76758 782.58997
781.72284 743.00012
669.08154 726.50403
566.75781 574.90863
562.43140 657.56219
581.09790 660.86316
549.66095 641.48169
593.42047 456.05484
633.62317 436.22906
669.51721 430.43726
699.82666 433.88232
721.39600 444.90408
732.69580 491.56610
813.79260 566.95776
705.78821 534.28375
677.17371 543.81769
642.79028 542.97156
613.06030 536.18176
591.52277 528.33234
576.56006 521.66919
823.44128 564.57764
582.15369 666.08276
547.80505 584.64056
542.98328 661.77057
531.11145 674.35266
544.12347 665.41211
576.30316 672.89868
525.42847 677.41193
524.13348 681.42035
580.53284 503.30518
565.69421 509.16321
554.06555 515.71545
697.47327 485.79999
716.36902 470.11243
389.09903 489.07620
412.17606 488.92438
390.20694 465.61163
365.79764 489.23981
387.98572 512.65167
645.85394 491.49670
669.92303 492.64105
646.94305 469.51910
622.15027 490.32178
644.97253 513.54608
