510.28439 745.20654
509.91763 681.11694
509.95822 688.89404
489.76538 594.55090
509.96289 660.13513
510.08481 624.80658
510.61868 527.99084
338.18817 488.42502
510.86996 455.78079
511.17844 422.74628
512.34253 287.83588
510.75635 749.99689
511.07108 754.18921
511.52948 757.11810
511.95374 757.36646
512.74365 767.58392
513.34009 779.04681
513.91217 789.68561
511.03351 796.64819
510.02274 687.60040
485.71030 680.59113
249.67355 363.48804
418.62018 517.69116
391.39459 519.84320
365.35114 516.79480
331.52716 493.09476
440.67575 511.81732
368.19739 437.64581
400.28790 441.85468
341.59744 441.89124
326.31549 451.31985
314.11215 506.57605
430.60989 811.71997
328.92032 475.67932
246.17206 467.90164
284.77054 481.34070
390.85620 620.51892
479.25748 739.76642
482.30466 751.11926
453.39438 738.23328
434.33282 735.43091
458.80527 746.59119
440.24335 741.82520
405.55334 742.61182
490.45215 679.22375
486.93127 658.66071
288.80612 428.26550
439.08154 563.57843
434.60962 652.04907
433.95935 636.31799
320.35461 605.90540
488.04199 625.50647
340.43011 411.90170
308.27786 415.84503
266.82016 331.41327
455.79504 442.39761
428.73328 455.45993
387.29254 722.67542
289.41602 655.79755
451.61591 665.66345
470.51126 674.63416
403.96588 728.87769
409.25690 731.62640
293.89667 396.98853
434.15704 656.42883
388.27408 418.25256
381.80182 398.95020
361.27652 294.31842
282.28442 367.28299
375.75085 351.06763
274.56473 411.71826
263.01181 391.91443
480.34793 746.06262
455.91406 742.43384
436.98175 738.52478
456.75613 668.77557
406.68182 730.29443
420.27478 740.94568
412.01245 732.96570
463.62845 667.59711
443.24054 744.77429
461.98773 749.99609
484.69379 754.52734
479.91406 793.96429
482.08987 786.58569
482.18832 775.78186
483.35187 764.38257
485.12732 754.89581
443.16577 744.27362
439.29584 747.65698
435.23434 752.47375
432.28009 757.59363
412.85461 702.56213
257.01639 543.94501
510.07669 688.40137
428.79623 739.02966
424.39960 739.81854
479.10101 683.89539
441.61322 666.30023
474.99561 679.46503
415.32520 573.11169
375.68195 586.53711
430.63077 641.76758
301.30865 307.60712
317.37689 351.86087
329.96219 391.51715
425.67920 762.43671
444.39551 410.54150
438.84113 354.82791
429.69214 288.44238
343.57410 507.93771
289.50577 520.34076
453.83472 506.66116
305.00879 458.21793
455.17444 552.82428
448.44797 652.13892
264.79141 528.71057
307.00433 544.53424
338.80048 560.52039
386.48621 560.33276
421.20605 551.67212
445.35110 542.74817
487.32178 531.74280
270.97675 578.06903
285.36237 450.95041
497.84894 686.48505
441.39804 591.47852
243.13620 445.99338
463.26694 533.66040
429.00269 637.20648
320.68665 475.15210
447.88461 632.81097
269.51379 598.18829
452.75970 497.49768
467.20306 627.63434
338.77045 737.84680
345.29987 746.86719
255.37628 563.05359
309.11774 701.81805
253.57632 425.86469
428.85602 826.30463
500.05554 687.20117
420.57428 603.88586
266.10013 478.49097
365.59741 505.30060
389.82745 508.38895
416.78925 742.19800
279.23138 620.09283
468.01740 852.96252
407.55222 810.24011
380.33685 783.32385
511.67294 356.36795
511.32404 858.82391
413.42523 505.75702
435.36353 500.91910
448.16010 498.88892
268.72946 439.08026
426.21625 470.36932
401.01465 457.95593
375.76175 455.09744
352.95410 459.02136
340.19321 466.04443
242.68130 399.60413
349.30585 497.80627
510.04492 702.91132
434.98706 697.44977
451.64697 664.81140
477.22397 701.36316
510.68393 487.91071
370.62299 770.92841
399.52814 797.81018
465.42566 847.37671
315.62048 706.11108
444.23346 487.43274
471.24603 572.24493
510.99902 853.36761
435.50772 835.43677
267.46942 610.53424
462.25415 750.04254
458.75342 756.83691
455.98407 765.32251
454.61407 774.87762
449.61523 780.78137
424.56775 736.79260
421.04535 734.27374
418.40961 732.04730
395.93170 711.12274
306.81952 645.01434
471.35016 541.14526
465.73672 480.86844
452.64386 480.55930
428.70001 739.59607
311.35632 686.01648
483.35938 485.83817
439.16660 794.71790
510.32187 592.75934
488.22726 565.28271
510.49518 562.24969
454.64963 607.25360
510.96732 838.33618
510.98575 816.15100
473.87759 812.08765
387.29321 747.76660
408.96573 651.63904
411.40482 772.61597
353.55042 642.90002
387.43689 671.18884
336.71851 670.54669
467.39819 833.01086
441.70993 613.52405
372.06952 757.47571
401.83279 784.66626
366.68475 721.92542
289.53937 653.90143
340.58636 717.43170
283.55420 655.71326
370.98529 692.37042
456.40570 581.32648
456.08643 664.15143
441.60544 661.44836
466.49655 655.40399
442.09134 454.71930
395.98010 435.05707
357.06955 430.81952
328.00293 434.43289
310.99789 443.20404
305.90460 478.64941
247.73700 515.64709
328.32385 521.63965
354.54810 534.23834
388.91199 536.98236
420.89670 532.09937
444.46350 525.26141
459.89352 519.86035
249.31821 493.21658
442.30280 663.31116
470.96866 599.67188
473.35724 672.15265
484.87439 679.80402
472.99527 672.02429
448.32095 667.86469
490.11450 683.94611
491.97949 684.73364
460.78741 500.00653
471.15253 508.37253
476.43210 516.83917
333.42017 471.33258
318.30078 461.14096
530.80432 594.21655
682.81610 492.71756
534.60852 679.82837
771.47058 360.63492
604.42133 522.85162
631.44501 523.85492
657.13641 519.72754
690.27911 496.35657
582.13068 517.59021
654.63428 447.39468
622.45319 451.86880
681.56042 450.19373
696.54822 458.00781
708.60315 507.47650
591.17841 810.96997
692.10120 480.95578
773.11267 464.62555
738.30920 482.16083
629.49939 618.56775
540.40454 738.12170
539.56647 749.29633
567.08191 734.67706
586.96094 729.83856
563.44550 742.93976
582.49756 736.46539
616.60107 741.25055
529.49939 678.71680
532.81201 658.18738
735.65112 431.98669
581.84351 562.37750
585.29730 650.88501
586.01526 635.20251
699.30493 602.68298
532.05933 625.02295
682.99890 421.85043
715.85321 422.43909
754.89990 329.02460
567.64557 455.51678
594.03687 464.81165
634.45923 720.81091
730.20367 652.25574
568.58350 664.77966
549.92230 673.96564
620.37756 719.28284
615.08057 722.59717
730.79242 401.71228
585.81610 655.44659
634.73889 431.13934
640.82672 411.01721
662.60815 292.89957
738.94562 365.54846
647.23926 350.57086
750.36011 413.52997
757.83423 389.57919
540.50305 744.34259
565.54590 738.84619
584.99066 732.93524
563.47797 667.99365
617.57977 720.98468
604.31079 733.16815
612.25677 724.25708
556.81671 666.55280
580.34009 739.51477
561.02362 746.44238
538.35126 752.81427
541.98358 793.64484
545.03503 785.02185
543.75720 774.12567
541.43433 762.69604
538.63452 753.13745
580.44135 738.89478
585.00549 742.16998
589.64319 746.82349
593.10626 751.97711
607.89844 701.08569
761.97333 540.67596
595.09668 732.12817
599.84827 732.48718
541.28119 683.59851
578.81482 665.64917
545.43164 679.08380
605.25439 571.57697
644.88037 584.31012
589.50378 640.78284
721.48883 305.60291
704.42999 351.06592
693.61322 399.68298
596.52966 761.24835
578.39032 424.45410
584.73535 354.33267
595.08435 287.50351
678.29620 510.71533
734.27502 519.78717
568.73010 512.91840
718.40063 462.16229
566.04535 551.84192
571.63440 651.05371
753.75458 525.28882
716.32159 543.40112
685.07117 559.66010
637.78442 561.18530
602.75922 554.12311
578.42096 546.34650
533.87152 531.37250
747.31055 574.53595
738.34515 453.43463
522.23553 686.11340
579.01703 590.41357
777.15662 442.73816
560.62952 538.08545
591.12726 636.28156
701.33014 479.37729
572.21826 631.80945
749.72729 594.76434
569.36713 504.08569
552.88690 626.87244
681.90118 736.06122
676.56494 745.20398
762.20996 559.52600
710.00220 699.18915
766.67590 422.93414
592.90149 826.00262
520.14062 686.95551
599.69714 602.56348
759.63898 478.99454
656.17511 509.33789
632.54565 513.41394
608.18829 734.16907
738.92792 616.61633
554.32007 852.53644
615.42334 809.35645
642.69214 782.31805
609.32959 511.53485
587.20789 507.27390
574.20886 505.51007
755.54333 439.64380
596.32458 479.13275
621.64856 467.87433
646.88989 465.22220
669.18915 468.18216
681.42615 473.76135
778.20123 396.49200
672.11792 501.65005
585.67334 696.45880
568.50421 663.87964
543.52277 701.04706
650.71521 769.85126
622.43915 797.48804
556.01166 847.08716
704.98303 703.34729
577.87000 494.83771
549.64319 571.55756
587.12128 834.69006
749.99280 607.05762
561.22131 746.44482
565.82898 753.25146
569.50604 761.75293
571.92456 771.45874
572.39508 779.92090
599.03015 729.51709
601.99408 726.62384
604.19073 724.28442
625.25732 709.22107
712.08966 641.56342
549.86456 540.56268
558.33502 488.52283
570.12140 488.27838
595.35547 732.75153
707.94751 682.79846
541.17426 493.70294
582.65698 793.92773
532.67950 564.86328
565.69678 606.49219
547.81940 811.63611
634.04120 745.98285
611.19208 650.14008
610.30408 771.35437
666.60883 640.15527
632.97540 669.14545
683.29065 667.48901
554.08459 832.58252
578.46021 612.49500
649.27179 755.66901
620.01172 783.62732
654.36536 719.74939
728.92041 650.47955
679.88025 714.82318
734.44562 652.37762
649.91437 690.02057
564.27045 580.45551
564.23035 663.02979
578.41614 660.40448
553.44952 654.53320
581.33807 464.88110
627.00122 445.75986
666.01489 440.22705
695.48895 441.95792
712.91516 448.84460
716.74841 481.30130
770.26440 512.18170
694.26520 522.78998
668.57672 535.57703
634.52539 539.57458
602.50787 536.07452
578.78033 530.03571
563.53674 524.88031
770.16638 489.97705
577.64325 662.34076
549.46576 598.98956
546.83557 671.16138
535.37469 679.12610
547.45215 671.14948
572.01404 667.09467
530.03339 683.38324
528.20184 684.18060
561.75470 506.55341
552.54108 514.17682
547.69342 522.52344
687.73419 477.86252
704.29865 466.39520
386.93353 479.46661
416.11429 479.06458
387.79199 451.24976
357.72919 479.91779
386.12247 507.95886
638.03174 482.35193
668.72351 482.07245
636.75153 453.41815
606.81702 482.35547
638.95129 511.51431
