510.47482 719.81049
512.88654 646.15826
511.87216 667.98822
493.23990 563.63440
513.32733 621.03107
513.59137 587.75006
514.43665 507.28839
348.30750 495.05518
514.93695 450.92737
515.43933 419.52408
519.06323 291.27631
510.34601 728.00879
510.28979 736.02802
510.53354 741.21094
510.25430 741.89917
510.33566 753.25592
510.16125 766.78076
510.08997 780.70325
509.57407 805.11938
512.61292 658.15247
490.33817 656.59308
263.52597 394.85773
415.02551 512.32971
391.45343 514.66119
368.41748 515.13770
337.97427 503.80978
435.32092 508.39075
376.46796 452.85938
404.64850 455.09598
351.40436 457.05005
335.62476 466.09210
317.26648 518.37836
417.19504 844.68048
339.13541 489.98071
246.68271 503.32874
290.57068 501.51196
391.36313 619.88983
479.82367 713.88367
482.71890 734.09741
450.24542 719.54999
430.13367 725.84338
459.06418 733.57043
440.28488 734.31921
398.13593 766.89294
492.92343 645.14197
489.81616 620.99487
303.11008 448.80951
442.51901 558.80286
438.10101 636.19446
436.41754 622.71735
318.55280 615.56940
491.53867 590.14246
357.41321 427.96729
324.84045 434.20163
287.31995 353.55621
463.35229 448.17761
429.22464 464.34216
378.75406 744.90118
261.19318 734.55444
456.24451 650.38159
474.64090 657.43457
405.29266 735.44562
411.16083 735.87494
313.14035 419.49850
436.64316 646.46735
402.27997 430.55243
397.70114 412.37628
382.81644 301.70810
302.80182 381.21265
395.73413 352.10693
289.68350 436.80493
277.41443 413.35626
480.61154 725.10046
454.63055 727.20392
435.01041 730.25360
461.50439 654.70227
408.31348 735.69019
420.48050 741.78949
414.44308 736.13123
467.62500 643.30060
444.45584 737.18616
463.06903 737.72809
485.22412 739.34827
477.75995 804.34448
479.23572 778.16455
480.47949 764.04181
482.59903 750.62531
485.14551 740.16333
444.28357 737.43762
439.77142 742.15173
434.59091 748.74780
430.46893 756.48230
408.46283 706.69226
240.52982 610.38171
512.31311 662.82263
430.42230 736.84888
425.54401 739.03369
481.52487 666.46887
444.54294 660.40289
478.23975 662.00684
416.77316 572.30798
376.21674 588.05615
431.91095 633.10870
325.53360 321.91748
340.71515 359.76624
349.43408 409.91742
418.95782 782.01495
454.89539 418.71008
452.44592 351.07382
445.17502 292.60464
349.15033 511.41223
291.38751 534.44598
448.59158 503.93939
313.36639 475.56732
459.52286 543.46344
452.44806 628.03394
262.76077 551.82654
306.36597 551.86951
336.45117 561.83850
383.45953 558.41046
418.02585 548.76288
443.07574 539.05792
491.17978 512.84784
264.32294 604.30756
295.05646 471.96875
500.50891 657.07849
444.36917 583.71600
241.13757 498.50702
461.96722 528.06000
429.67218 634.04736
328.07086 490.85309
451.56638 611.79474
247.28659 671.60480
448.12390 495.59515
470.76468 598.21136
311.79016 793.35803
314.58936 819.05566
243.04520 608.82074
280.78302 761.17603
261.68173 454.20837
412.93304 866.77509
502.93741 661.84369
422.02890 601.17084
271.48737 505.01770
371.48749 500.07193
391.30215 500.32840
416.12878 745.24567
266.69305 654.49988
458.66833 895.51746
386.44394 867.74225
353.67914 848.64270
517.31421 352.36041
507.71951 899.97412
410.87717 498.59515
429.83279 496.47964
442.27930 496.24683
279.23343 465.49512
425.18234 480.33380
403.65533 474.16406
382.95822 473.52643
363.18839 477.30951
351.07770 482.75543
249.59314 440.79437
358.05029 497.98669
511.65469 687.69659
433.31598 694.31348
456.48059 646.59668
479.08478 688.23346
514.71722 478.13251
346.33121 823.22681
378.06256 845.52435
455.82034 882.49768
284.66980 783.79742
440.81635 489.59949
475.38550 551.46130
507.26053 886.19446
420.19098 883.91064
248.08234 664.16370
463.05591 738.41217
458.68054 746.49066
454.89746 756.84900
452.26581 769.40051
445.26859 794.95947
425.03717 735.07953
419.86298 733.11047
415.64789 730.88348
388.87222 724.03674
297.17828 668.55219
475.77518 526.35345
465.31595 481.39465
450.72046 482.34387
430.47137 736.88409
292.56677 726.96417
485.82990 483.25916
429.34674 820.47363
513.89496 560.21106
491.92505 539.30957
514.12726 534.52344
458.59598 590.06409
507.70972 863.70660
508.51682 833.52313
467.59528 832.12500
374.70840 778.53491
408.21930 652.75690
399.84219 803.22156
350.89777 648.02716
383.78503 676.17169
329.01419 686.92334
458.75827 860.92517
444.42535 603.33948
354.30692 796.84399
385.14014 822.43195
354.50012 749.17590
271.41083 696.75555
323.85663 753.16595
258.06897 715.18103
363.06796 706.56836
460.40881 567.24878
460.27853 639.21204
445.81937 644.48743
469.81445 623.48260
444.86411 461.18475
404.11066 446.99179
368.69159 444.18243
340.18628 448.55518
321.62860 458.90710
311.70016 496.09311
241.54010 555.44226
329.94000 528.52466
354.35144 535.55170
386.83600 534.75879
417.21704 529.21106
440.68906 522.90088
456.78586 516.75989
239.42303 553.62537
445.83447 650.64374
474.92331 574.34174
476.34973 641.16150
488.64432 652.78448
476.72955 644.90155
452.05414 657.59753
493.05981 655.25208
495.52353 660.16907
456.80719 497.45917
469.20270 504.93707
476.14496 510.99490
344.15735 486.80713
326.51190 476.59955
534.24524 563.88367
681.49939 492.97513
534.63922 656.56244
779.75861 402.38547
618.02344 510.17276
640.49689 512.21722
663.16937 513.34351
693.34064 502.72754
598.61560 506.44296
655.38654 452.54053
628.04810 454.20148
680.18109 457.06793
695.75641 466.00021
716.57410 519.42456
596.59351 847.63373
691.19220 488.83560
787.18610 509.65076
745.34528 502.47614
633.81946 622.49536
541.27203 715.05957
538.50946 734.97314
571.19666 721.73590
591.51947 727.89355
562.69904 735.19159
582.16174 735.98499
619.01428 769.26056
532.78748 645.49451
536.02893 621.35107
730.45288 448.42285
585.75696 559.93036
586.28278 637.46735
588.51361 624.07690
706.77991 619.93146
535.44659 590.40454
672.91449 426.17688
706.64026 432.93103
756.76587 360.08743
566.23322 448.89230
604.31537 463.09540
638.29242 747.15289
750.69080 737.38446
567.91046 651.03662
549.40240 657.94189
619.22516 735.86597
613.23358 736.46100
719.62219 416.62354
586.83282 647.74835
626.96973 429.89417
631.08429 410.31415
658.38794 304.49249
738.88654 386.14044
641.49591 353.99460
745.13708 435.77661
763.99896 419.65045
540.42456 726.13599
566.96680 729.06049
587.11487 732.01587
562.09583 655.24170
616.08813 736.18939
602.85229 742.28369
609.86517 736.79285
557.63397 643.76764
578.27252 738.72705
559.01276 739.11139
536.56421 740.14453
540.72876 805.52582
541.68976 778.62115
540.35046 764.47229
538.53296 751.04065
536.13239 740.64270
578.15265 738.32623
582.96576 742.81793
587.99994 749.25323
591.88245 756.83850
611.40424 708.59552
782.04413 616.32642
592.65607 737.68079
597.79596 739.69763
542.05090 667.09436
578.16748 661.48157
545.55524 662.65826
610.90784 574.15479
650.92365 591.06744
592.28674 634.67444
717.96906 326.64066
699.50348 363.19806
681.01538 406.47583
597.77417 784.39557
573.99731 417.92554
582.98145 351.99988
594.35614 293.81824
682.01123 510.04858
743.40735 536.53418
585.89362 502.34991
719.54913 475.66907
569.18347 544.07330
572.70569 628.93280
767.21350 557.49408
726.65930 555.51733
695.60962 565.78094
648.74280 561.01123
614.67920 550.32288
589.98834 540.31281
537.64728 512.97089
761.40576 609.62506
739.89923 472.45224
524.59192 657.23151
582.77197 584.95514
792.96655 505.69818
571.28461 529.00696
594.64795 635.68829
703.58026 489.96338
574.27832 612.79205
769.40900 676.25165
586.22217 493.55167
555.60602 598.88678
699.14825 795.85577
694.55957 820.61316
781.25519 614.19556
730.32397 763.55408
776.66016 460.78802
599.66382 869.69366
521.81635 661.83844
604.23969 602.98712
766.48376 504.90622
659.04919 496.74402
640.46545 496.78656
607.24487 745.63605
754.31207 658.96997
555.92822 897.02319
626.05542 870.29669
657.32288 850.85284
622.15021 495.18225
604.10535 493.59393
591.98370 493.97412
757.82715 465.20129
608.24780 478.93176
628.87146 473.54474
649.19464 473.59262
668.15320 477.46375
679.51807 482.48099
790.24182 448.48880
671.81439 495.17615
587.85559 695.78925
568.07751 647.29449
543.84375 688.92462
665.36133 826.36853
633.31189 848.57507
557.86212 884.28784
724.69275 785.38342
593.24933 487.80838
552.61548 551.97986
593.34979 886.32416
770.06146 668.33392
558.79376 739.17371
563.24835 747.08148
566.87024 757.33185
569.49292 769.80701
572.05560 796.83020
598.24860 736.22687
603.07068 734.28094
607.14917 732.19098
629.53430 726.31311
723.11725 672.61249
553.07904 526.75323
568.32709 480.29785
583.57422 480.84125
592.95361 738.09631
722.66541 729.98767
546.04504 483.79367
585.36383 822.77271
536.07758 539.54547
568.27631 591.09406
548.27020 833.51099
640.45752 781.54938
615.12811 654.95770
614.84955 805.97681
672.07520 651.49103
637.91699 679.10498
691.25623 690.74927
555.61639 862.82404
581.98212 604.55579
659.78448 800.28027
627.87732 825.47961
661.37622 752.15747
745.75305 700.31561
690.80737 756.10876
755.63068 718.13611
656.18231 709.91498
567.26849 568.12347
564.93683 639.80048
578.44861 645.53503
555.86328 624.10107
587.23486 460.48932
626.81732 446.39563
662.01886 443.69556
690.68030 448.53125
710.06952 458.94855
721.88373 496.41479
787.98376 561.48596
702.76135 529.79840
678.05658 536.56641
645.53455 534.85449
615.68707 528.75623
593.06647 522.37329
577.39166 516.16016
789.11743 560.24457
577.70160 651.60852
552.39069 574.90918
549.19287 641.60602
536.49792 653.01312
548.90363 645.28162
570.87872 658.40271
532.03815 655.42572
529.26282 660.12225
578.07172 495.87366
565.01196 504.25647
556.82434 511.58984
686.24878 486.15128
705.07166 476.18713
388.54410 484.82495
412.71698 484.49908
387.22546 465.69577
364.13806 485.12045
389.58173 504.10535
639.81390 484.05182
663.73950 484.68152
639.82153 463.63361
616.15057 483.04919
639.93164 504.28482
