522.51965 712.42102
524.73944 606.94067
518.63837 644.18823
501.53979 530.58057
525.37994 580.12097
524.13995 549.88501
519.33783 482.02615
333.91248 489.03186
517.79456 426.91809
517.96936 393.14224
516.97717 282.67108
522.10291 723.92944
520.74420 736.16705
519.29456 744.85583
519.37488 745.18695
519.61804 755.07587
519.18616 767.97491
517.99225 784.01086
514.22760 822.94238
522.70422 624.10187
499.29495 627.44550
216.62021 407.87534
402.88922 506.05887
377.86792 509.57889
353.44397 509.73691
321.14496 500.11932
424.60556 498.84924
368.82074 435.98785
396.76575 437.94537
341.81161 441.44818
323.53656 452.77844
296.30966 517.21014
417.12451 874.48120
324.69379 484.52789
204.29034 520.62201
264.01367 501.85876
392.12137 610.87793
493.11899 706.26416
494.02859 735.93597
460.61243 720.96661
438.36444 737.27319
469.03494 740.62946
448.49255 747.99609
401.71213 784.50421
504.24905 606.50000
501.70810 581.17273
283.31207 429.91229
441.73428 545.89685
443.41171 611.61261
440.75244 600.31665
312.23718 615.10577
501.75806 553.09790
350.14456 395.84326
311.37567 407.55170
251.19124 355.69193
467.47357 420.08417
421.06604 447.68713
383.11029 760.92407
221.08966 785.01331
462.03357 626.04218
481.65921 634.19739
413.64493 764.38422
419.48590 762.78326
295.27176 390.83508
441.57605 626.54822
401.82068 398.58212
397.49881 376.07620
369.13141 290.11923
275.42096 373.17203
386.05362 330.86142
265.56042 419.87152
241.99994 416.28192
493.17072 722.26727
464.93469 731.48071
443.46536 742.74341
467.69427 632.06091
416.63074 763.62244
429.26971 764.01575
422.74268 761.74866
475.54822 611.50330
452.03568 751.27753
471.99548 746.37305
494.95273 744.48364
482.62399 821.15790
489.56412 783.20215
491.58179 766.96289
493.31577 754.19098
495.01645 744.92090
452.07941 751.62842
448.81879 756.95679
444.43668 764.40021
440.37079 773.67444
413.62674 705.35400
188.22937 653.22961
520.63306 633.61896
436.98239 756.58014
433.73801 759.87769
488.48947 645.18628
449.69620 644.82623
485.33963 639.78802
414.08115 563.15918
372.90823 581.40460
435.89038 614.77979
300.05478 314.95795
321.33252 343.46301
340.52588 374.66537
422.22565 798.98956
459.96686 384.22134
448.83435 331.06085
438.79248 281.25531
332.96616 507.25131
266.48483 536.72571
439.08005 491.90854
294.69083 466.04437
460.70941 526.94281
460.21399 596.95746
235.94141 560.97083
286.47601 552.65552
321.54947 559.54865
371.78046 553.50549
408.52240 541.32178
436.73511 527.62836
495.73935 488.65070
241.69685 616.29797
271.79108 463.75143
510.95151 623.10828
445.18558 567.59570
185.54257 530.17804
458.17969 512.20239
432.57559 620.20471
311.34167 486.07651
458.28152 583.63104
197.92453 718.50037
438.86603 483.53436
479.96695 565.12323
293.48770 829.35846
287.14673 869.74304
203.46530 635.34729
259.44299 796.67957
221.65341 464.99237
407.17090 908.13660
511.67499 632.44171
422.37579 589.46008
238.85655 509.22983
357.42859 493.56876
378.14343 493.92017
424.68250 769.28473
246.50929 671.69531
455.06689 951.74719
367.39682 921.83936
329.59570 900.82288
517.43512 335.33969
513.43274 956.16113
398.83362 491.38739
418.45270 487.28033
431.81198 485.33752
250.35596 460.61417
415.09717 469.93396
393.71899 465.69928
373.67053 465.64716
353.11765 469.98224
339.64331 475.87775
196.01782 462.72845
343.57199 491.55103
517.68744 668.40259
438.42563 685.35181
462.35052 619.58850
485.66519 670.46503
517.69501 457.34338
329.36853 861.62103
366.20581 885.86694
457.18082 923.04822
252.73785 834.88208
431.16443 477.45044
480.40939 525.96881
515.30115 927.42346
408.26404 939.13367
212.07678 695.64203
472.06125 746.90082
468.82074 754.83099
465.72473 765.37219
462.98694 779.49438
449.20996 811.70026
431.92386 755.62427
427.01129 753.97321
422.53442 751.60089
394.37799 731.31140
288.86786 677.63525
478.77997 505.50494
461.06573 462.50983
443.19666 466.85953
437.25742 756.49902
280.22595 748.95410
486.85852 459.93655
432.46887 843.08167
522.49731 526.26160
498.36282 510.15771
520.93976 504.35471
463.32849 566.13184
515.76495 893.14313
514.99268 855.64050
473.83716 853.61554
371.23798 799.46875
410.60001 644.22168
398.73569 825.60522
351.32520 644.20715
386.15378 673.20874
326.70032 692.57874
463.82062 889.54022
446.70941 584.22058
343.97635 824.62195
379.69293 852.16223
352.16534 766.45502
252.39638 719.47461
314.95883 774.78674
228.26697 749.86377
364.73523 713.21033
463.42590 546.36902
468.12912 606.70319
451.50204 618.69495
480.07755 587.01276
441.77341 440.13559
399.53958 423.37698
362.32602 420.41254
330.24902 427.43469
306.89957 442.45062
290.40973 493.43256
199.88470 577.13568
311.76624 526.75317
338.75687 531.68323
373.44675 529.96948
406.04114 522.64844
431.90970 512.95422
450.07251 503.51755
185.67825 592.39594
451.37762 628.41583
481.94388 545.04810
486.77274 604.69128
498.89374 620.79169
486.33960 611.56134
457.89227 638.23621
503.56165 621.98810
504.39435 631.15369
448.72333 483.39603
464.18060 488.43085
474.07349 491.25217
331.51077 480.49139
311.14160 467.16235
542.35260 532.03290
686.22992 496.64029
539.85364 629.23303
770.99548 430.74982
618.18054 512.20795
642.28217 516.74915
665.15253 518.08417
695.44507 508.86050
597.40137 503.85648
657.46619 438.35641
628.98779 439.64801
683.70422 444.96054
699.84857 457.95221
714.25421 528.44727
606.74902 877.75330
694.91125 491.21277
781.67090 541.10883
741.83899 513.90948
632.59790 620.31757
550.65228 707.53485
545.20087 736.85730
577.50739 722.18829
593.96332 738.55927
565.95801 741.47900
582.24072 748.47064
615.01172 791.99133
543.90424 608.14410
547.74115 582.88733
736.55389 436.44812
585.96643 551.49854
590.76636 617.80640
592.19250 606.43555
704.54175 629.79901
545.26215 554.66187
681.96149 397.75092
715.41504 411.59360
747.64807 377.91949
569.30951 418.66882
603.83020 449.69751
632.16290 770.40094
752.36993 798.52631
570.71796 631.08502
552.28784 637.60950
610.82367 764.61084
605.40375 762.55426
729.66382 396.03534
588.86914 632.78754
634.06140 399.01132
639.77191 377.12888
651.75214 304.76111
732.43524 392.23322
639.45734 343.17038
750.42834 428.87262
756.23291 436.19901
548.73798 723.42834
571.88928 732.78369
588.39429 743.66327
564.20001 636.42706
608.03900 763.64539
597.11005 764.05646
602.42151 761.41156
563.44092 615.73950
576.85394 751.22711
560.77502 747.03174
541.33984 745.12762
544.37720 822.74561
544.10706 783.64667
544.19727 767.42310
543.35138 754.71045
541.35291 745.40625
576.66943 751.22778
580.35468 757.09509
584.20398 764.66846
587.25464 774.12915
609.06226 713.05219
776.88208 671.80157
588.99597 755.97565
592.84521 759.68018
546.18378 647.86188
578.22198 650.30573
549.07178 642.88428
610.82745 570.78156
649.97717 592.27399
594.10852 621.34088
709.91370 334.70468
695.29230 360.26691
691.66876 377.50064
597.75879 804.30939
579.57990 383.39008
582.20941 337.72565
590.18268 289.40314
684.09485 516.37354
739.47748 550.79218
583.55920 495.90240
722.33691 473.63861
569.83319 531.13074
579.38654 601.95679
764.17151 579.87207
721.98010 565.95679
690.58417 571.04028
644.62775 561.89813
611.26477 547.07196
585.81183 531.28076
541.25330 490.38654
760.47241 634.37415
740.46954 473.31866
533.83044 624.09235
584.07819 573.05206
784.62805 551.45813
567.12750 514.13403
594.18225 626.89349
705.72632 493.85443
579.53583 588.44727
769.26611 734.88605
583.40173 486.99377
563.22858 568.22180
709.90173 838.51086
707.47119 876.67230
781.24768 653.69080
736.31799 808.51019
769.40527 485.53143
615.50488 910.73639
529.22748 633.27960
603.88727 596.67151
761.59216 523.44305
664.07135 501.41583
643.95886 501.08731
600.85718 769.65045
754.49133 688.39209
569.87830 952.62732
645.36053 924.33685
675.73254 905.09991
623.60413 497.68884
604.09399 492.62592
590.63892 489.91949
755.98676 472.51920
607.63208 472.66382
629.02374 467.74170
649.73938 467.68158
670.13239 473.06888
682.41614 480.32065
782.08801 485.45367
677.29034 499.36816
588.56616 691.51813
572.16406 624.77686
547.91400 673.30627
680.41260 868.34753
649.52258 889.99634
571.18524 924.49304
730.83557 844.96625
591.39490 480.67493
556.89343 528.83911
611.53455 940.59436
772.62341 712.25415
560.73859 747.11176
564.15576 755.21533
566.54224 765.77246
568.00024 779.99127
574.55280 814.95502
595.38464 755.63641
600.65155 754.48596
605.25085 752.42371
624.15723 740.31311
721.78967 692.41370
554.96857 508.51776
566.45490 463.41943
581.09277 469.06219
589.10901 756.03369
724.19202 762.01886
545.34802 458.95013
590.98969 846.26300
542.18658 511.72455
571.98267 570.47437
554.30511 855.05707
644.21161 807.48462
613.09985 652.03363
620.16913 830.99481
669.85339 656.04803
635.38855 682.55237
689.28131 705.11279
565.41772 891.30371
584.11823 589.71423
669.59656 832.57300
638.53809 857.22217
662.20917 776.67944
747.26331 734.75153
695.49860 785.62878
759.80835 764.65460
652.96716 723.74878
569.74072 550.54474
571.53772 611.35455
582.86951 624.45245
565.04388 590.35852
587.60254 440.41174
630.34485 424.32034
667.23560 422.89758
696.55383 431.69659
715.62115 448.17126
721.64325 503.62082
785.07056 596.88605
700.63641 537.81757
676.02966 541.62347
644.30457 537.83813
613.97021 528.45068
589.96307 517.15479
573.38184 506.19537
780.61755 612.28510
580.29321 634.07581
558.44611 547.85992
558.03552 607.67609
542.98627 622.71338
555.45593 614.83130
572.15765 643.10309
540.08752 623.59033
535.50830 632.46094
574.51886 486.32880
561.04102 489.90454
553.55981 491.71539
689.40369 486.05670
708.83276 473.70779
376.41754 477.75790
400.96854 476.86533
375.03766 455.75317
351.23206 478.53870
377.57620 499.44928
643.84497 480.66180
668.56671 482.77515
645.39392 459.12009
619.08569 478.62982
642.45074 502.52399
