499.46313 757.19128
499.41809 685.44965
501.75098 701.34534
481.98260 581.83197
499.44049 656.91992
500.74054 614.99976
505.14026 509.54828
348.91602 489.08353
507.12836 439.33102
507.86438 402.64301
512.16589 259.12958
500.11670 764.90741
501.41611 772.47717
503.10791 777.44592
503.10602 777.59668
503.06381 789.28131
503.27762 803.01904
504.30579 816.52118
504.21738 839.57977
500.13623 696.87823
474.07455 690.50165
254.59067 367.25500
413.78299 510.31165
389.62543 513.23621
366.97919 511.74152
338.98975 497.76627
434.70038 503.27222
374.38049 436.75900
402.67773 438.54199
349.58438 442.58798
334.65298 453.28177
317.67722 511.44748
418.24753 878.01794
340.73740 482.30963
246.11215 485.60773
289.45172 490.19675
384.83505 628.87463
466.08597 750.07306
472.56808 769.47321
438.99619 753.59741
422.03479 758.37964
450.02078 767.37756
433.37479 766.90320
394.18594 784.07068
478.22406 683.51624
475.50211 655.42548
296.19720 427.25562
436.40787 561.94000
422.47458 658.40540
423.17010 640.79089
315.46149 616.22803
478.53870 616.55646
349.23434 400.82288
317.06116 409.48395
275.53030 323.57278
457.16058 427.15051
427.61603 449.14679
374.02777 759.23865
280.41760 730.80151
439.14090 675.43054
458.35510 685.06342
401.37085 767.11133
407.50339 767.73389
303.01270 390.56247
421.22900 666.13910
395.16718 404.89709
389.92480 383.19031
370.63690 268.78790
290.47009 358.49091
383.12320 327.05121
281.84195 412.98792
268.48367 392.61304
468.51868 760.88690
444.30417 761.08551
427.24258 762.76971
444.34665 679.26184
404.49423 767.47638
415.15106 774.35779
410.87119 768.02808
451.34857 674.91486
438.69299 770.06702
455.47534 771.81805
476.97568 774.85382
472.35825 837.33429
471.49704 813.29443
471.98010 799.63275
474.08289 786.06537
477.23294 775.18958
438.69678 770.46216
433.21307 775.51410
427.54865 782.13782
423.28067 789.50360
399.22070 726.79315
253.10837 595.91498
500.83768 699.72198
426.13174 769.22467
420.49219 771.61072
467.66843 695.88446
429.53967 679.51831
463.08200 690.68579
411.56686 575.10803
371.86542 590.52039
419.08414 649.64111
311.93356 289.52420
326.65033 335.25919
339.91806 378.85199
415.11996 804.39777
448.16760 392.60391
442.37408 327.52704
435.11105 259.70523
349.04108 506.99966
292.53305 527.35010
448.27356 496.76367
311.54156 462.01587
452.86221 546.44501
437.22723 655.15308
263.00519 542.06018
308.17145 548.17755
337.50409 559.76544
382.23950 557.08575
415.84189 546.69263
440.51392 534.78497
482.72900 514.94800
266.49066 598.32886
291.48425 455.86639
486.52209 695.27521
435.97345 592.50134
242.67990 475.54529
458.90253 521.74365
418.21170 647.27710
329.18201 482.33655
438.42032 633.37524
263.73480 661.84845
448.60867 487.27960
458.07062 622.58685
321.98505 805.21252
328.93768 831.97437
251.01147 598.96631
294.50134 766.04541
256.24277 434.36334
413.93381 904.30298
489.52460 698.19440
414.04077 609.34406
269.29465 491.84155
370.09076 497.33679
389.52118 498.91348
410.74164 777.53888
271.55853 652.14594
456.45117 940.55322
390.03461 900.52307
362.00238 872.18958
509.80637 330.28897
505.19992 946.50488
409.84949 496.18146
429.65887 491.31372
442.58035 489.12045
274.40201 447.49957
424.63947 468.62689
402.45987 462.48392
381.62857 462.81183
362.46027 468.06464
351.44800 474.40460
244.42358 414.88641
357.52026 493.46777
502.30304 719.18298
422.69247 717.19788
439.37924 673.44122
466.83453 717.35602
506.54166 471.86743
353.04492 843.88031
382.74396 874.61426
454.29788 924.59302
302.97964 787.78174
441.00839 479.46222
466.11526 561.76520
504.31726 929.94263
420.08408 924.69812
260.64716 658.30505
455.76929 772.34851
450.69928 780.82898
446.53125 791.34607
444.10638 803.60956
440.36020 823.46545
420.40430 767.08496
414.72516 765.00568
410.18997 762.68457
381.09393 740.95227
297.60562 671.31140
468.30295 529.04376
462.38538 468.17566
449.66498 470.52960
426.36108 769.09985
297.89749 732.17603
480.04962 469.20010
429.28076 849.61841
502.29834 578.96387
481.95532 549.97662
503.69351 545.44543
448.18869 605.32501
504.00702 903.32635
504.16971 869.34961
465.54370 866.40411
374.94543 795.40820
398.72198 666.01355
400.47198 825.86169
345.84698 656.67889
376.85632 690.25793
325.84714 695.47778
457.39423 899.03381
434.12695 616.69708
357.46930 815.23090
388.33252 848.18677
353.51318 762.03265
278.62482 697.41443
326.53333 763.83575
273.18179 713.83044
357.75250 719.09424
451.70892 576.76190
443.92517 669.96039
429.04465 669.53528
454.77014 655.20166
441.83655 444.03659
400.08679 426.98349
364.42407 424.71521
336.33154 430.97751
318.63895 442.84756
311.66693 485.85590
245.13965 541.75873
330.70447 523.92621
353.75867 532.10529
385.35806 532.80835
415.53198 526.65118
439.06473 517.83368
454.93555 509.77139
247.12656 534.64191
429.39468 673.38098
464.13559 591.44977
460.38455 676.85040
472.81116 688.40619
460.43652 679.09558
435.83984 679.52551
478.16989 692.51978
480.58734 695.32544
456.32602 488.77420
466.74985 495.78729
472.21210 501.77264
345.39520 478.84851
326.16299 465.24225
523.36786 582.38763
679.88348 490.32236
528.84631 691.18341
782.64429 372.54034
615.10834 509.39954
638.52948 511.63025
661.60333 511.61044
691.57812 500.62125
594.90320 504.42325
652.10809 443.01974
624.25330 444.68188
677.53796 448.46716
693.31342 458.83142
713.75745 516.44153
594.98810 882.76648
688.92212 485.47467
790.16370 492.98349
742.25641 499.17914
630.48572 632.43396
534.92645 750.63708
533.49713 770.09113
570.04602 755.04169
594.10004 759.90063
561.87579 768.45312
584.55695 768.02167
623.59247 788.08081
521.20551 684.10321
523.97046 656.06036
729.07642 438.94769
579.32806 563.74475
585.08521 660.98645
586.02277 643.25500
704.56940 621.79175
523.55823 617.05450
669.66650 411.83875
704.81543 420.88953
759.30878 328.52438
559.06342 435.08759
599.97681 454.61823
644.80145 763.51514
758.64374 739.94873
567.92780 677.47308
547.40607 686.38788
626.48022 768.30743
619.70166 768.82788
718.52539 403.16748
587.50897 668.84991
621.67627 414.93771
625.51776 392.78394
658.91479 271.59164
739.12634 364.67725
640.59918 330.64365
743.78101 425.91779
764.13623 399.46179
534.69098 761.46411
565.90955 762.31458
589.42725 764.03265
562.50720 681.18561
622.96246 768.61829
609.24872 775.73035
616.07550 769.05554
553.00183 676.31726
580.80310 770.85699
558.35962 772.58533
532.24695 775.38354
537.41473 838.86475
539.38446 814.72290
536.89545 800.74097
534.30737 786.83716
531.79773 775.73492
580.51453 771.40491
586.12659 776.77448
592.34064 783.99219
597.55054 791.86261
614.40430 729.99622
789.44434 604.02478
597.67181 770.20343
603.25250 772.74750
537.88885 696.93396
579.79016 682.11060
542.52563 691.92853
604.94751 577.66980
645.83228 594.29962
591.34686 652.40985
720.58331 293.67975
699.89258 340.68423
677.84369 390.03870
600.29974 808.08484
566.36829 399.77124
579.35870 329.33508
591.78442 261.14655
680.57391 508.35590
740.03912 533.82648
581.54437 499.35733
717.39032 469.90796
562.01910 547.76831
567.75586 657.23077
765.56921 549.33398
723.44537 552.16602
692.40784 561.73883
645.62408 558.05981
610.89923 547.58246
584.94800 536.17645
528.69891 515.53687
760.20020 605.79541
737.44873 466.30911
514.09888 695.61383
577.43146 594.34790
799.81531 481.81067
565.31561 522.96637
593.91443 650.09650
701.19733 487.08142
568.47351 635.27753
777.67041 670.74866
581.61169 490.34131
546.12836 623.81641
704.25757 814.05963
701.40369 841.09766
782.87299 607.52295
734.97522 775.02344
778.31647 441.14426
599.80859 909.88855
512.34875 698.43976
600.37524 611.99841
763.14392 502.64474
657.85217 495.31207
638.65234 495.84601
614.84686 779.14850
755.43579 660.07257
555.21832 943.50793
630.13293 907.36218
663.28973 880.49756
619.30096 494.05496
600.48358 491.72186
587.86414 491.48154
755.09387 459.25580
604.91913 472.77130
625.69287 465.99670
646.15356 465.49887
665.60138 470.19122
677.22186 476.69827
795.17896 420.38245
670.71289 493.07428
588.29150 719.64087
567.01855 675.48114
539.80353 718.53070
669.35291 852.16541
635.92358 882.03223
555.51923 927.68030
732.02313 796.79541
589.10748 483.25110
544.08539 562.75934
595.13800 929.71625
772.63623 667.32410
557.91772 773.18298
562.84412 782.04956
567.52338 793.15063
571.43146 805.92902
572.08209 826.21680
603.15094 768.02643
608.24548 766.05176
612.75958 763.88324
635.33057 744.64563
724.69312 678.07263
544.85632 530.08643
562.63232 471.96179
578.70447 474.46854
597.91650 769.92120
727.45740 739.80042
539.12823 472.81592
583.99799 853.41431
526.31854 550.51843
561.27838 607.04126
544.22028 868.45001
643.50592 800.89789
614.63440 669.25366
615.90228 830.73236
671.20667 661.53754
638.32294 694.16638
693.46912 701.41046
551.88763 901.68909
577.35687 618.66785
662.80121 822.17041
629.12427 854.38611
665.98120 767.69934
749.04834 705.50793
695.70349 771.00018
759.13550 722.86517
660.02094 723.72675
560.19916 578.26447
560.32007 671.66486
577.74103 671.97552
547.16949 656.57745
581.74957 450.63641
622.42010 434.94794
658.74200 432.34781
688.25983 438.37183
708.28656 450.65533
719.23199 493.24921
789.77051 549.78455
699.97559 527.24969
675.24481 533.70618
642.75140 533.08716
612.27039 527.12415
588.57495 519.55676
572.05334 511.74844
796.22565 541.71820
578.13684 675.76636
542.90576 592.52887
540.99957 678.02533
529.47113 689.30280
542.47357 680.38959
572.10956 681.71973
523.13159 693.13989
521.71307 695.80792
573.03674 491.71674
559.11359 497.98755
550.37366 503.35663
683.86340 481.59494
702.78320 471.06250
391.40173 478.36340
415.76489 477.54858
390.61847 454.56775
366.58850 479.05246
391.91238 502.27783
638.82660 480.35025
663.00299 481.03210
639.45667 458.89545
614.90100 479.48181
638.45490 501.85989
