513.10724 729.01501
511.33936 633.82104
510.43686 663.05823
490.56543 548.91113
511.57733 606.00232
511.56033 571.80304
511.09869 492.61578
338.97412 492.84064
510.47742 432.08511
510.32761 396.31195
510.43011 268.72363
513.06635 739.57104
513.17798 750.30664
513.37097 757.73395
513.02240 757.83881
513.03107 767.15100
512.78937 778.75397
512.65869 792.44965
509.18967 816.97180
511.21948 648.93542
488.15378 649.59290
225.24899 406.30859
406.02676 510.34924
381.96658 513.79486
358.14417 514.41296
326.57922 503.78845
426.63712 503.85663
368.54605 440.49081
396.01416 440.94464
343.19989 447.79425
326.80090 459.87231
302.62787 521.97083
417.52527 872.31317
329.38461 487.81027
219.00293 521.46991
270.86169 506.46567
387.44568 622.29303
484.38788 724.36566
487.88159 750.62115
456.08209 736.37476
437.45044 749.61194
465.93570 753.95264
448.14871 759.14294
402.35690 783.93964
490.62427 633.61371
487.70468 607.01385
289.54752 440.97125
437.57556 556.16351
434.60217 630.90381
432.87781 617.66699
311.53375 623.68188
489.23004 575.34241
351.83185 407.53400
315.69061 419.73370
252.33627 354.99579
462.03204 425.33069
420.01401 450.27731
382.40527 762.28198
253.78760 778.23102
453.38605 645.76007
472.46936 652.73108
417.72250 771.45978
423.30951 770.00818
300.47610 403.49872
433.62009 643.10156
400.05267 407.31763
395.37189 385.67807
361.38959 284.88052
273.61304 378.02475
377.74689 332.83240
272.18182 429.22833
246.09274 419.75937
485.49588 738.81891
460.95474 745.89868
442.68741 754.54449
458.90872 650.36145
420.58008 770.78131
431.11343 772.15033
426.39075 769.21417
464.76648 635.65509
452.32458 762.09039
469.74713 759.03302
490.31512 757.79590
479.30618 816.83984
485.18741 791.85364
486.27896 778.14185
487.99567 766.84845
490.36020 758.18005
452.42929 762.65283
448.49191 767.27582
444.03363 773.57556
440.19174 781.29395
408.00851 714.53223
221.26511 647.64954
510.84015 655.82434
439.46683 765.70044
435.59552 768.63586
479.80917 662.68463
442.17633 658.82617
476.36832 657.82855
410.92682 572.79382
369.81485 590.96472
428.74884 630.19031
296.01971 313.07346
315.73346 347.62576
342.47620 386.98352
422.35175 797.42822
454.00836 389.60147
440.18347 329.85461
430.34848 271.72571
338.20554 511.54510
274.35327 542.38861
440.06696 497.48676
300.72949 473.39490
455.22589 537.63519
449.40750 619.74658
246.06693 566.34332
293.72418 559.41956
327.62991 566.92505
375.84991 560.30908
410.65991 547.85437
436.59451 534.49646
487.39124 499.74744
252.47278 621.54480
278.34973 471.09949
498.60751 648.08990
439.85413 580.32916
208.86978 525.01569
456.43729 519.76697
426.72736 633.19604
316.91617 490.06256
448.55661 603.68536
233.80692 712.77924
439.13763 488.67572
468.31723 586.46326
307.75067 826.73767
309.58322 862.20850
227.01871 635.97412
276.96246 794.93109
231.05438 466.83395
410.25015 902.64185
501.03214 654.86481
417.61163 601.01581
246.84589 512.13678
362.28119 497.91290
382.24951 498.14236
426.97375 776.59485
258.43866 676.34540
456.14011 939.50519
380.25449 912.15192
347.33600 892.29968
510.09109 330.71979
509.36902 942.93097
401.96094 495.55951
420.82217 491.72708
433.25534 490.21887
256.99316 465.88141
415.20612 470.17224
393.75354 463.39319
373.53070 463.61346
353.83899 469.65002
341.85391 477.40390
211.95959 459.66940
348.69196 495.74585
510.15805 684.02960
432.00473 697.40222
453.33093 640.99823
477.63306 685.79578
510.73444 464.02454
341.51868 857.86877
374.61227 881.13605
454.96329 916.74597
280.06311 827.65271
431.48611 481.26361
471.93427 540.60828
508.92761 919.48206
415.18515 928.34595
237.20297 695.55853
469.78683 759.63446
465.89374 766.65607
462.76578 775.74261
460.52670 787.57935
447.90280 808.88959
434.20938 764.56299
429.16852 763.15704
424.60608 761.04498
390.25955 736.69604
291.85583 684.53461
471.81473 516.60907
458.28329 467.16000
441.83908 470.87308
439.43640 765.35834
288.90601 751.81848
481.61865 465.68683
431.97726 841.19556
511.49091 544.27563
488.82709 525.16827
511.33246 518.88867
455.24670 582.63904
508.90613 888.41418
508.97821 851.04309
469.76544 850.73865
375.28864 799.72266
405.71228 655.66333
401.66617 824.72168
346.84406 654.62146
381.61810 683.22949
325.18011 700.30090
459.82852 886.62128
440.48163 599.17993
351.54492 823.77100
384.56183 850.25891
354.52582 768.77637
265.43433 722.70197
321.16913 776.53864
251.34735 749.00916
361.71753 719.49658
456.57135 560.19775
457.23917 631.12256
442.43015 639.23041
467.18457 612.07166
439.21130 444.49561
398.61856 429.75647
362.96698 428.97287
332.91809 437.14923
311.80029 451.89191
297.09833 497.91370
219.52823 578.20172
318.02866 531.80560
344.22198 537.37402
377.78955 535.22833
408.67261 527.63525
432.71118 518.31262
449.40564 509.42636
214.06079 586.25659
442.90561 646.64490
472.05923 562.82068
473.74481 630.96045
486.68332 644.71948
474.23529 636.36963
449.60583 654.47852
491.00970 646.60175
493.42889 653.31512
448.31897 489.12439
462.13098 494.38470
470.99924 498.68701
334.95001 483.18396
316.26721 473.53415
532.11664 548.61853
683.94757 491.31116
533.51056 649.63373
785.26904 404.58514
617.85889 510.30151
640.77112 513.16260
663.64984 514.12866
694.58789 503.12573
598.72125 504.32782
654.49451 446.18732
627.32953 447.28369
679.14246 451.87415
694.63452 461.99335
715.21338 522.15833
601.43774 871.60028
693.04535 486.15491
793.53839 520.44177
744.37024 508.30948
632.27954 621.65320
541.16180 722.80170
537.84137 749.24384
568.89545 733.20380
587.04553 745.00970
559.31207 751.09149
576.64893 754.88043
616.88458 783.94745
531.94879 633.59460
534.90326 606.77875
728.57758 449.75348
582.93420 555.27979
586.74243 629.99103
588.10883 616.61206
707.09045 622.77783
533.65033 574.99249
669.23993 421.70715
704.13275 431.36877
759.77289 353.52829
562.60663 440.47296
603.92200 456.15576
636.84131 762.64600
765.89197 776.95221
568.05316 645.23547
548.93201 652.70801
607.59235 764.61700
601.93713 763.57983
717.85138 416.30356
587.43787 642.43835
622.67786 423.19928
627.55139 402.23700
655.75732 284.43222
740.02863 375.83688
639.35626 332.17542
743.99634 439.15881
766.42773 417.31577
539.89471 737.30792
563.89166 742.91479
581.76941 750.05164
562.21594 649.97955
604.66394 764.12756
593.71198 766.50549
599.01074 763.03351
557.22052 635.32306
572.65198 757.97345
555.57599 756.30328
535.59796 756.46844
539.63416 816.78473
539.33820 790.69153
538.24609 776.74518
536.93774 765.32776
534.88806 756.63916
572.08484 758.24304
576.41632 762.98383
580.65918 769.31287
584.33191 777.22424
611.48535 714.47516
793.05139 647.17017
585.24542 760.47888
589.23553 763.20752
541.44458 662.86292
578.50824 658.60712
545.05737 657.97510
608.74091 571.96460
649.46765 590.28772
592.16034 629.42401
718.75665 312.15286
699.50238 346.31207
678.10339 401.80029
597.10266 797.09241
571.02777 407.36322
578.47894 329.61401
588.90405 271.56955
683.05444 511.15204
741.49707 541.89917
586.06042 498.37659
718.73468 476.29517
565.90887 536.80084
572.15100 619.02118
769.77917 565.21796
722.84393 558.77783
690.44934 566.49432
643.86279 560.33734
610.57281 547.98901
586.09875 535.15186
534.46088 499.47485
765.02209 620.50598
738.46069 475.68460
523.66266 648.16559
580.56677 579.44263
801.74310 524.17450
567.65338 520.83154
594.03076 632.57037
703.95471 489.76013
572.78802 602.77197
783.41211 711.83252
586.70959 489.28223
553.72418 585.84399
713.30908 825.67566
712.43018 860.72546
789.13416 634.83228
743.71643 793.71613
781.12329 465.13596
608.47455 901.90222
520.63007 654.94037
602.37079 600.29108
766.21478 514.64484
661.40881 496.75458
641.90393 496.99072
597.93890 770.85083
760.49548 675.24268
562.64124 939.15417
640.02612 910.47729
674.26007 890.69958
622.95105 494.99286
605.02258 491.94434
592.88141 490.98029
756.34058 471.49591
608.31445 471.49927
628.03107 464.66949
648.54974 463.97742
668.60242 468.81781
680.74939 475.79675
797.89966 458.33356
674.58313 494.29883
588.11560 697.22723
568.27661 640.44000
542.82428 685.86731
679.02832 856.91492
645.00934 880.07581
563.31500 916.51001
741.20990 826.02747
593.82922 481.92584
549.87134 539.98047
604.09540 927.21448
780.62073 694.28546
554.87592 756.54797
558.99573 763.65472
561.86664 772.92731
564.19263 785.15088
571.19666 808.43854
590.75916 759.20050
595.53394 757.49744
600.11609 755.19037
628.96210 736.90259
727.20947 683.60272
549.70673 516.13141
567.10516 472.57260
583.38495 474.41400
585.71283 760.39398
731.24500 750.67963
543.44287 472.97119
587.14679 840.50665
533.48834 524.78308
565.91620 581.91449
548.72955 850.44696
644.50720 799.34613
614.51501 655.08899
617.95801 824.01086
672.50659 653.92682
638.37903 682.85095
694.32733 699.67853
558.57532 886.46600
580.25256 598.22339
668.73987 822.97485
635.11816 849.34302
665.26599 768.71588
754.56104 721.55658
699.05127 775.77979
768.20886 747.67279
658.29590 719.42383
564.48700 559.44427
564.68317 630.51593
579.02515 638.49945
554.97089 611.65125
585.55768 453.15137
624.75500 439.42178
659.71844 437.53079
688.61621 443.90875
708.69763 456.76938
721.45251 499.44452
794.45251 577.14392
700.87524 531.87024
675.63855 537.50671
643.41614 535.33319
613.73224 527.91205
591.30603 519.18750
575.40686 510.62006
797.99854 585.69751
578.22253 646.07788
550.02765 562.20917
548.57532 630.81989
535.36780 644.86951
548.07489 636.40802
571.35333 654.06683
531.11047 646.72968
528.14386 653.34613
577.77124 490.52368
563.16870 496.65405
553.81689 501.08237
687.55280 481.32581
704.55212 474.61301
382.77322 477.08655
406.25211 475.32129
381.17490 455.80450
358.62286 478.79272
384.00690 498.29437
642.19507 478.30051
665.24158 479.39624
642.88629 455.28168
619.23273 477.08401
641.75549 501.33011
