522.65607 700.12054
515.18604 643.94257
517.05670 664.25085
496.42676 560.99860
514.96814 617.51733
515.34503 584.26288
517.03516 505.85107
347.14966 497.62256
517.93170 449.96429
518.38123 417.70416
520.50195 290.39075
522.94733 706.38605
523.36029 712.51398
523.85229 716.30054
522.89880 770.54199
523.26880 779.38837
523.51288 790.91333
523.81702 804.14056
522.41162 838.28558
515.79553 657.09387
492.95459 654.66144
268.04550 411.59427
414.13013 517.12518
390.53821 519.37604
367.96448 518.23047
337.62473 505.09921
434.59409 512.02368
380.65851 449.86353
408.19534 453.73749
355.07904 453.61746
338.34106 463.13953
319.43845 518.08160
429.86795 866.60382
338.67810 490.67932
252.82272 517.90277
293.84076 501.05029
390.04285 613.04669
484.43240 696.46545
487.27509 710.98682
448.80585 701.70349
424.96027 707.35400
457.98868 711.30591
435.93771 713.48511
393.98254 757.96240
495.04593 643.24127
492.56470 617.35504
307.84027 442.46609
446.39777 557.18524
436.83536 628.86292
435.72559 615.05945
314.49142 606.56299
494.29874 586.71350
365.03894 420.05725
331.14886 426.23569
291.00635 366.08774
470.33176 448.35602
431.57687 465.21069
372.72754 723.28333
282.39728 753.67023
454.76859 644.36536
475.23404 652.07458
397.39221 721.59888
404.45450 722.71698
319.59848 411.19669
434.04413 636.90930
410.79077 426.28619
407.88934 407.96597
385.21185 304.33936
306.41925 389.08820
399.46814 351.48154
295.09906 431.90607
281.83203 425.42709
485.14450 704.30090
453.20276 706.74402
430.32144 710.51959
459.89822 647.90466
401.00525 722.13446
414.56183 742.42480
407.51718 723.33978
468.58536 641.33124
440.98676 715.37524
462.49286 714.08832
490.14636 714.74927
481.64508 834.91473
483.59787 800.38324
484.77264 787.55273
487.01068 776.24066
490.18289 768.30414
441.89972 752.17157
436.70325 754.78394
430.45380 760.02002
426.08551 766.72491
400.06219 689.77515
254.15588 630.90808
516.37335 661.60474
426.61899 741.19250
420.29010 741.06989
482.66785 660.68750
440.75436 648.85779
479.14804 656.56812
418.78491 568.49152
375.99542 580.91132
430.00800 624.16888
328.20523 329.29428
343.85114 363.08417
358.34900 402.18341
415.76373 788.68695
463.99445 418.45605
455.54498 348.98785
446.99390 292.71259
348.53937 513.88153
295.67728 532.81409
448.10861 506.97955
316.39972 473.31458
464.41193 542.93030
453.45120 623.51093
267.36417 556.52747
310.87918 549.03296
340.68213 558.12268
385.33521 555.91534
418.72543 547.61255
443.87015 537.91052
495.06314 511.94000
265.12576 603.61694
299.36478 469.57083
503.38861 655.96136
445.62161 579.96204
248.70596 519.00958
463.32227 526.77893
426.94363 624.34222
328.78769 491.29083
452.91571 606.49457
263.72052 691.07739
447.99524 499.26508
473.83496 594.50439
331.52420 801.66284
339.51071 836.20227
249.84235 620.00427
298.47272 771.14014
266.91095 468.42325
429.56296 893.08826
506.49075 660.61774
421.36865 595.00580
274.81104 503.93924
370.20551 505.44330
390.37128 506.62619
409.83896 744.63214
266.60770 654.82123
473.83801 930.01660
405.80463 892.66199
376.33884 868.45605
519.24115 350.17361
522.58118 936.31873
410.32300 504.66809
429.35773 501.62756
441.98706 500.56702
283.56726 464.10529
424.76132 481.69693
404.05447 473.58832
383.82312 471.40710
363.54492 474.91284
350.91968 481.23813
254.99506 459.82257
356.52356 501.98456
517.93298 677.83740
427.77921 679.56555
455.45898 642.00568
479.09421 676.84906
517.58862 477.49860
366.74109 835.47998
397.98340 863.56763
471.30725 913.32959
309.39642 802.19458
440.52777 492.37946
479.40872 549.94659
522.32080 919.08307
436.60620 914.40369
257.45563 675.63654
463.37305 761.74176
457.91107 767.28027
453.54156 776.15320
450.79340 787.56873
443.55896 816.25885
417.70453 717.27325
412.52460 715.56860
408.17017 713.63989
379.38599 702.95386
293.42975 663.53998
480.56049 525.93805
467.25400 483.20557
451.62769 484.89609
422.67734 718.34058
297.71893 727.83478
489.89169 483.30209
436.44720 839.02972
515.93890 557.57373
495.80783 537.78046
516.49915 532.88550
460.61276 586.11322
522.11218 893.91144
522.28973 863.75317
476.87924 859.77539
382.28589 772.53186
406.75809 642.83978
407.34354 809.22034
347.33774 640.29431
381.73206 665.59753
327.21359 678.24609
471.72617 889.02917
444.60056 597.70898
368.78656 799.81903
400.09128 834.02271
359.03485 734.57806
274.94006 699.45972
332.12128 749.32928
272.77795 727.18024
360.41260 689.53979
463.60983 565.10303
461.03879 636.42346
444.37592 638.32703
472.19070 620.33374
448.87640 462.24127
409.67294 444.37280
374.71851 439.41162
345.91046 443.57837
325.68726 454.56091
313.90186 495.84821
248.16101 568.50012
331.81339 528.24622
356.17908 535.34894
387.41711 535.93994
417.01602 531.18951
440.42276 524.35339
456.86935 517.67578
250.06793 574.72565
443.76971 642.51782
478.26105 571.65057
478.30194 639.64795
491.26413 651.64056
478.30930 643.59015
449.12308 648.29553
495.81451 654.20618
498.63049 658.55798
456.72012 500.34424
469.93222 505.97034
478.25897 510.13611
343.95718 486.31143
328.21786 475.19666
535.95056 561.01221
684.18787 496.59204
540.46155 654.57983
780.42706 413.45300
619.43079 517.41779
642.97961 518.17969
665.85083 516.77271
695.63757 505.16083
598.70343 513.85071
652.15967 453.59827
624.73193 456.41083
677.20239 457.86047
693.46661 467.17377
717.88971 518.95081
616.40698 868.14288
692.65204 491.57440
796.31982 520.05219
745.76257 504.56171
649.53052 612.92413
561.23151 695.03479
559.95013 709.80170
598.48981 699.01196
622.78473 703.79944
590.09772 709.15143
612.37091 710.65710
654.76855 756.67804
535.62982 643.21887
537.68384 617.30884
725.86322 450.16852
591.54175 557.39453
598.24841 628.85638
599.79901 615.03430
727.40295 606.57184
536.82983 586.61810
665.99847 425.78595
700.67572 433.69739
755.56958 367.85159
562.24152 448.73273
601.43634 466.99982
675.81073 721.76868
772.56378 757.54700
580.71014 644.23920
559.89172 651.95221
650.11475 717.04724
642.47485 718.41272
713.84290 418.78229
602.08215 636.67102
620.28784 429.38660
623.76453 410.09137
658.87305 305.10330
736.76526 392.32315
641.40240 353.61359
740.90405 439.43671
763.59979 428.61084
561.31055 703.07898
594.36603 704.40863
617.85559 707.31195
575.65729 647.68042
646.32068 717.67871
633.13562 738.56317
639.24493 719.10272
565.07477 641.39923
607.86609 712.51190
585.92816 711.90442
558.01556 713.65039
563.84467 834.86810
564.06812 799.51019
562.31018 786.48804
559.59125 775.01288
556.19287 767.11530
605.28894 749.53589
610.66644 752.06677
616.97845 757.10394
621.63885 763.87811
643.04370 688.68842
800.21973 633.85529
621.03577 737.94617
627.19781 737.51703
552.84424 660.55493
596.57593 648.55328
556.07355 656.48999
619.76202 568.70483
663.88690 580.96289
606.63635 624.09216
717.40631 330.54245
697.79974 366.30478
673.81543 407.19775
632.48041 787.95770
568.75281 417.33023
584.38745 349.90851
595.59155 292.96887
684.84833 512.78754
745.65100 533.99554
584.89697 509.79114
717.79211 477.94440
572.92175 543.13464
579.92053 623.69061
777.65607 558.16388
728.84320 548.86969
697.93652 557.05823
651.52582 555.24292
616.88556 547.82184
591.08215 538.77362
539.77393 512.14911
779.79547 604.97327
737.46741 475.33347
528.43652 655.98438
591.42084 580.00000
804.25964 520.94556
571.50238 527.63379
610.80640 624.16150
703.96436 492.88977
580.95007 606.60883
791.21082 694.61450
584.65088 502.39429
558.41553 594.51978
719.70081 805.27869
713.50940 841.47803
799.47266 622.49878
752.90338 774.42755
780.71411 470.79840
616.85284 895.63330
526.35065 660.57599
616.62799 595.00415
768.68280 508.16565
662.17792 503.12177
642.88385 505.06384
638.20276 740.67114
780.09070 656.42316
571.33167 931.73218
643.07031 896.66870
674.91919 873.37988
623.16064 504.62781
603.71033 503.36749
590.78424 503.47699
756.24207 469.60193
608.69934 484.54813
629.35931 476.34235
649.23254 474.33453
668.54803 477.49854
680.49829 483.25134
795.69812 461.55508
675.12061 499.99649
612.99426 678.88531
579.48138 642.02344
558.54034 676.73273
683.02307 839.01721
650.58191 867.08850
573.22034 914.56873
744.54987 806.61719
592.42560 495.54996
555.47339 550.04474
610.12787 917.32928
792.90393 678.43781
583.43475 759.69879
589.03271 765.13135
593.80121 774.01001
597.17053 785.70459
603.38660 815.71472
630.13171 713.54822
635.37659 711.53870
640.04877 709.38800
666.73981 701.46155
751.53625 664.17249
555.47437 526.32520
566.69934 483.97803
581.58344 486.76709
625.54681 714.79224
751.09534 729.50793
544.88342 483.55377
610.43665 839.70135
537.75952 537.81061
574.26746 586.28857
568.24237 860.15417
665.89911 772.84973
632.71545 642.43390
640.57739 809.81622
694.62476 640.18127
660.53522 665.08478
717.58521 678.53687
572.56799 889.87903
591.68842 597.65881
680.04138 801.76422
648.18427 836.08362
688.84796 734.57953
773.59625 701.35992
716.65186 750.77710
778.37817 730.17346
685.28955 688.84656
572.33612 565.27972
572.38110 636.51141
590.56378 638.37573
559.30762 620.43018
583.84814 463.41983
622.14386 447.43161
657.06024 443.98477
686.08240 449.02966
706.79657 460.12985
721.82507 498.78122
800.68890 570.71912
704.26672 528.12640
679.66083 534.53345
647.66150 535.39886
617.37677 531.63660
593.60608 525.80493
577.26129 519.22235
803.93158 576.91376
591.80225 642.33008
555.17883 571.68951
553.47742 639.66986
541.54498 651.78595
554.59033 643.80347
587.22540 647.93951
536.45929 654.20959
534.42688 658.51025
576.23822 503.03516
564.37750 507.15848
556.57800 510.73749
687.35394 487.76065
703.86212 478.52240
387.72137 485.69025
411.07428 485.48376
387.58881 464.46869
363.99820 485.90161
387.67004 507.03992
646.71094 488.75882
670.00220 488.65964
646.18140 468.13019
623.73193 488.78873
647.40479 509.49725
