508.76328 714.31860
508.15253 660.58173
510.37411 676.22839
488.09476 573.58423
507.43658 636.15820
507.40109 600.87872
508.68872 512.15234
346.85986 486.19672
508.58990 449.50635
508.41882 416.84302
509.15497 289.13022
508.94821 721.09814
509.53476 727.62170
510.51797 731.58722
511.93417 751.46716
511.63327 761.64728
511.43896 774.27539
511.67184 787.14465
516.06488 803.91907
509.01538 670.82593
486.20532 666.82440
262.59677 389.00580
410.82532 511.57574
387.97003 512.39539
365.81635 511.09125
338.01743 495.55579
430.21436 508.10144
373.92557 448.80792
401.09229 452.87610
349.96851 451.06607
335.55423 458.36209
318.45264 512.03375
435.33142 836.66406
338.84552 479.78201
259.46149 493.95660
293.79465 494.44562
396.83636 619.60779
479.31430 710.06458
483.69269 726.79303
452.68561 716.97198
435.99069 724.65356
462.70724 728.24066
447.26190 731.35815
412.91199 757.21722
488.42017 659.41711
484.57001 635.61243
301.51483 438.72156
442.94330 559.79004
435.45200 642.39349
434.98825 627.53992
330.25833 611.35925
485.97012 602.75757
352.08914 420.79810
320.91760 424.86383
279.43115 349.63815
456.66660 451.52948
424.68655 463.34497
394.14258 735.46814
304.93182 704.16870
452.91116 656.55200
471.53445 664.19873
417.98267 738.21515
424.56754 738.23596
309.51611 407.82208
435.28918 649.96265
396.76282 428.76352
392.08359 408.22894
369.13733 299.45630
293.22147 378.35626
382.57516 350.22293
290.35556 426.14804
274.64868 409.45532
480.71735 719.45874
457.45242 723.28003
441.14197 728.28271
458.30029 660.02783
421.31042 738.25525
431.22122 745.93121
427.98450 738.26318
463.75751 654.01562
452.78708 733.14355
467.72061 731.03986
487.25720 730.75861
485.89059 802.12781
481.30136 784.49023
482.83099 771.61047
485.46140 758.94666
488.37473 749.67047
453.88040 743.86517
448.79837 747.99762
442.70312 754.21649
438.03687 761.23499
416.28888 703.63910
272.34158 589.05164
509.64838 673.72961
442.73004 741.34973
436.90887 743.28229
479.80850 673.41235
444.14514 661.87885
475.79300 669.02478
419.51315 572.34161
382.05219 587.24731
431.81445 635.88263
312.67572 318.73895
327.04300 357.08911
344.43243 400.18097
432.38165 774.40717
448.37122 419.63513
441.38672 350.74326
432.80139 290.65488
347.81219 505.28577
293.69763 528.77100
442.60785 503.97864
314.24854 466.39557
458.23962 545.54474
448.76346 637.78839
276.62781 544.81787
307.78839 547.86334
335.90283 559.76453
380.19678 557.68365
412.93069 548.59009
436.95575 538.86908
486.58990 517.22235
283.47293 594.90363
296.87585 463.31146
496.80835 669.75446
444.37900 585.88629
257.18094 484.79184
454.83014 527.79004
430.93198 634.47394
329.16281 481.28458
448.67368 619.61932
285.65747 645.41913
442.67038 495.32867
466.56256 608.89233
346.94690 770.52881
354.66406 790.82141
269.88489 593.13507
320.25214 736.35974
266.30344 448.01636
433.03659 858.28583
499.72867 672.73096
424.24823 601.69604
276.98053 497.03351
367.96643 494.96512
387.17792 497.45187
426.45074 749.10413
292.23676 640.95660
473.80170 890.43445
411.92700 852.05237
386.11487 826.19727
508.70587 352.29617
519.75146 895.78784
406.50266 497.02066
424.95438 495.68665
437.01709 495.88916
283.58939 456.68204
421.14893 478.17136
400.87714 470.75140
380.35968 468.40216
360.84036 470.30267
349.45215 474.24744
256.13550 431.58969
355.32220 490.76733
511.10049 691.67871
437.73627 693.95026
452.77469 654.25201
478.86121 691.51410
508.92438 479.14386
375.96402 804.11768
404.00940 831.06787
470.84552 877.16956
328.76654 752.78296
435.70105 488.37973
471.92618 557.42078
518.89911 882.33337
439.84671 874.91809
282.61728 643.84845
469.12912 746.72247
464.41455 753.77283
459.68369 763.53741
456.41147 774.98956
456.09137 790.46179
435.38327 734.79889
429.48340 733.35699
424.82095 731.44647
400.41571 717.91119
317.85068 658.51056
472.67801 529.75934
458.98099 481.48285
445.02539 482.15268
441.21268 735.71490
321.76074 709.57635
477.34164 484.44449
445.38763 812.69318
507.87427 570.63861
487.05197 546.77032
508.28003 542.43402
456.38208 595.64636
517.75360 860.16040
516.90820 830.56055
479.50278 827.67896
393.69742 766.10748
412.63834 651.52765
418.08060 792.18500
361.62814 645.03552
392.50140 673.13757
345.21411 679.31964
472.45132 855.90808
443.83667 606.60077
377.96167 781.79309
407.46570 810.21600
373.45416 737.44519
301.82013 679.10571
348.98569 737.74670
297.47345 691.16766
376.36035 699.72491
458.60196 571.25867
456.23694 649.94995
442.52600 651.46765
465.25772 636.26703
439.62115 461.72443
399.99109 444.83542
365.15552 439.42529
337.86420 441.77271
320.81195 450.23605
313.68433 488.05975
261.12674 543.39490
330.35925 523.55328
353.16644 532.63306
383.85193 533.42834
412.95563 528.79193
435.38702 522.77020
450.71994 516.64447
263.88782 536.23065
443.41077 655.54388
471.07269 582.56647
472.04626 654.42963
484.70590 664.50250
472.55127 656.74493
450.16473 661.13092
489.28656 667.67865
491.93219 670.68036
450.33942 497.67773
462.47202 504.95648
468.29553 510.80704
343.30020 477.32364
327.13135 467.45352
528.56012 573.46790
681.35333 492.23523
533.94135 666.45673
774.18396 387.90765
615.59802 514.56390
638.94391 515.84778
661.57220 515.13647
691.59509 500.92651
595.17255 510.89154
650.04059 449.89337
622.37042 453.84625
675.18726 452.80542
691.29932 461.29883
712.55695 516.36407
603.72345 838.22137
690.33527 485.64462
783.07294 493.63538
739.03192 498.93658
632.19360 619.13000
540.29462 709.28204
538.13593 726.14331
572.15930 715.74475
593.15619 722.93506
563.23438 727.11584
582.80481 729.72491
624.10645 757.48871
528.37750 659.21399
530.73944 635.40021
721.65118 442.98773
583.01587 559.32172
587.64587 642.04767
588.87738 627.09570
703.55707 610.87207
529.57050 602.53674
664.74103 422.61902
698.19177 427.78717
750.95300 348.81012
560.90295 453.52695
598.65454 465.19254
642.47455 735.55206
755.96118 706.81958
570.43384 656.31281
551.18274 663.84222
618.64154 735.88147
612.25586 735.99738
709.63599 411.84698
589.56702 649.73273
619.77863 430.41415
622.78918 411.04523
653.03375 299.03119
732.77606 379.74487
637.25226 351.42224
734.85413 431.39825
757.35321 410.48166
539.72137 718.68866
567.64429 722.10156
588.16534 726.53870
565.23065 659.85364
615.32605 735.96759
603.58075 744.24731
608.96124 736.09326
556.92224 653.55701
578.34839 731.63226
559.33423 729.96948
536.56744 730.18732
546.97815 802.38599
543.98248 784.36926
542.05145 771.39648
539.85559 758.69904
537.57709 749.49792
578.60748 742.93024
583.48016 746.93463
589.31036 753.11505
594.01294 760.18640
613.85242 703.22284
784.57300 589.52826
592.51373 740.04486
597.98566 741.72253
542.87305 673.11255
582.09668 661.88000
546.88007 668.75452
608.11169 571.69775
647.59949 586.60956
593.71887 635.59479
712.96527 318.12061
694.63440 358.93744
671.45862 403.39651
603.57458 774.91748
567.10046 423.11859
577.33301 351.11273
587.41412 290.28329
680.72540 510.27872
739.75671 532.21924
581.58575 506.82635
713.71185 471.12134
565.83502 545.23749
571.61157 637.48010
761.67987 544.59821
723.41650 550.58032
692.69800 561.37982
646.52307 558.76990
612.71606 549.80652
587.67139 540.51355
532.12671 517.20020
757.04230 595.00507
731.90552 468.19223
521.40753 669.61414
581.00037 585.35779
791.93530 483.66446
568.41162 529.83679
596.25262 634.17358
700.50659 486.58463
572.53143 619.20959
774.06946 647.09009
581.38367 498.59781
551.28461 608.61823
702.71924 774.12762
701.12323 795.09485
778.11847 594.01965
731.46509 739.40717
771.30231 447.92337
608.50726 860.64264
519.75153 672.54138
603.07574 601.18359
760.02295 501.87250
658.46338 500.18488
638.80084 501.77924
608.59766 747.37878
751.71698 641.80762
566.68121 891.45703
635.58923 855.04828
665.77228 830.20728
619.26562 500.73291
600.07037 499.08417
587.29608 499.29376
748.53284 461.81396
605.18671 481.51746
626.39734 473.67023
646.98560 471.57776
666.75928 474.11743
678.61017 478.95697
786.70697 430.23163
671.85925 496.50909
590.30414 693.59393
569.77557 653.99756
545.04456 691.33539
671.21375 807.73444
641.12317 834.57178
567.49078 878.30359
730.32123 756.27271
589.00464 492.00729
548.37036 557.21783
603.54187 876.88452
768.43262 645.61035
559.76703 746.13611
564.13672 753.13049
568.59253 762.90515
572.05841 774.44031
578.27631 790.82080
599.17621 732.68945
604.28235 731.16187
608.78406 729.28821
632.78412 717.47552
721.68433 658.88727
548.61041 529.70123
563.77032 484.40921
578.52917 484.82281
594.18347 733.80542
723.32764 711.09894
542.40656 487.04688
591.94763 813.78864
530.67279 546.66669
565.63690 595.38904
555.27087 828.18958
645.27924 767.22852
616.09418 651.00421
620.75952 793.46387
670.67944 644.72046
638.30225 672.66107
691.08734 679.57153
563.65936 856.67126
580.96936 606.03241
664.70691 784.03534
634.43823 812.55994
664.74353 738.29767
744.61481 680.55865
693.58929 739.51587
755.23914 693.51117
657.80157 699.55328
564.31158 570.94397
564.13318 649.54510
580.26733 651.18774
552.29327 635.95636
581.73254 464.05566
620.55115 446.30811
655.34546 440.72171
684.02191 443.91907
703.85168 453.70117
716.89026 492.82309
783.90002 543.48834
699.49939 527.39807
675.08209 535.42206
643.25574 535.55402
613.37286 530.80695
590.10004 524.87811
573.88147 518.89209
789.89648 535.59546
580.47754 655.29010
547.75293 582.34692
546.10382 654.12805
534.67987 664.32013
546.94452 656.52069
574.61145 660.95215
529.35083 667.48889
527.87915 670.39795
573.13623 500.50403
561.03326 507.52130
553.49365 513.32300
685.26147 482.66223
700.91907 471.86127
385.92999 478.65369
411.30188 478.77350
386.25208 457.69061
360.62878 478.58014
385.40924 499.64301
645.80841 482.34201
671.99469 482.48517
645.20691 460.39294
619.55548 482.03915
646.29993 504.26279
