524.35852 703.01965
519.37250 610.53156
518.60028 640.10120
497.71628 540.04907
519.30231 586.90961
518.65613 558.53534
516.27234 490.87494
338.88440 493.24472
514.37170 426.47708
513.66736 392.18286
510.63678 281.41641
524.48328 711.19098
524.00000 719.70612
523.39337 725.78522
523.24109 748.43689
523.96863 762.78198
524.30817 780.92786
524.21716 798.20471
519.34131 803.52954
519.09802 624.06177
500.71719 626.60199
240.57947 405.23669
408.64240 519.66968
383.00156 522.88330
359.22952 519.80688
329.33148 501.20117
430.37906 510.12570
371.39014 431.23941
401.54120 433.95337
344.22607 437.81134
327.27173 450.25232
308.87421 517.52625
433.73349 833.64709
331.01904 483.16849
235.77390 511.00555
279.91376 497.57556
399.69275 611.52002
498.46152 697.41754
501.67059 719.58636
472.16968 710.53040
454.45081 725.04547
481.65451 725.30817
465.67212 733.49603
422.25208 770.91345
500.88791 610.52655
497.23212 588.43262
291.82562 429.94574
443.82925 549.63263
450.08676 615.83496
446.82275 605.16364
326.05139 615.29724
497.31662 561.96466
350.36301 399.18048
315.57242 409.70963
263.36407 357.89865
461.45212 419.86584
427.47833 447.04773
407.09854 749.89270
272.70673 737.78479
469.22925 627.73468
487.21982 633.54120
433.68835 751.44031
439.78769 750.55054
301.37601 393.99789
450.25180 629.18683
397.83011 400.31873
392.91498 380.31714
364.91519 294.74780
282.59537 375.97522
380.92355 336.78168
276.63358 418.93353
258.76471 414.52246
499.68848 709.54126
476.88870 718.71136
459.74994 729.57574
475.08420 632.64740
436.81769 751.14551
445.23810 757.03687
442.94952 749.81720
477.81339 614.32428
469.79111 735.37683
485.25970 728.80780
503.35834 725.51929
490.11487 802.96179
495.16208 796.80798
497.05112 779.09729
499.58838 760.75763
502.18005 747.49207
468.25931 747.64636
462.75916 754.65515
456.18964 764.30603
450.66962 774.47614
429.94040 698.65479
239.65152 621.35907
518.79828 631.17194
456.46362 748.47107
451.06418 752.41370
492.92764 642.53802
459.04391 644.73279
490.29315 638.10724
417.94614 565.70862
379.20184 583.89014
443.66159 618.09241
302.72577 319.94708
320.98676 348.56799
341.01715 379.95950
438.62637 783.02875
452.69446 385.66785
442.61182 335.89847
432.18207 283.64093
339.88208 513.12854
282.53687 535.96497
444.97894 501.19052
303.72662 464.10632
460.96167 532.07440
462.37671 602.18622
259.19159 556.32452
300.07611 555.21301
332.66364 564.78973
380.33643 560.23639
415.20029 548.84888
441.54858 535.28967
493.15686 497.23407
267.71179 608.84723
283.98715 460.82840
508.63712 623.55237
448.90625 571.30536
227.41348 513.25903
461.24649 520.31903
441.13663 622.00806
319.27869 483.68436
460.05270 589.64709
251.80832 678.70300
446.54053 491.10596
477.79684 572.62775
331.47235 789.18311
329.74503 814.23230
243.82031 614.99036
300.45984 759.52661
246.24136 459.90955
428.65198 854.02893
511.00610 630.56549
428.04620 591.32092
258.45685 501.82123
361.15634 507.15463
382.30865 510.49692
439.72214 761.98389
277.37885 657.05060
470.51984 883.71680
398.34766 856.73962
366.72229 839.87878
512.08643 337.03775
520.27991 887.67688
404.20807 507.53192
424.84982 500.58276
438.95074 495.56537
265.90204 455.49576
424.35904 467.03781
401.91669 457.81543
378.89111 456.87787
356.99933 462.43164
343.98697 470.55249
229.79803 454.47223
347.60120 500.46564
518.67297 661.49127
450.15479 680.26080
468.62732 622.00714
490.57272 665.23041
515.11646 460.87689
363.25464 815.72772
394.75500 834.58728
470.23917 869.05377
299.85068 783.25104
439.79239 481.38721
478.81741 533.65863
521.03278 872.41010
431.99393 872.00378
255.25717 667.99683
483.90353 747.07861
478.82050 757.72815
473.67886 772.36017
469.92465 788.31689
461.23489 794.52509
451.83945 742.17908
446.06122 740.70178
441.11389 738.30090
415.63324 723.02466
313.30157 667.98376
477.29306 512.47467
463.03467 467.72009
448.70389 471.38770
456.87134 742.57178
313.57748 725.98804
484.98801 464.94794
446.04404 814.00525
517.95728 535.73315
495.33292 519.81470
517.16772 514.22205
464.15024 571.60803
520.77838 851.32043
520.06299 826.13141
481.85300 824.70343
394.61096 777.99030
421.47379 642.96008
417.48160 799.06580
364.94263 642.43274
400.83771 668.89117
348.73761 683.99695
473.82074 848.70813
451.18082 588.20801
371.94925 792.62158
402.35229 814.17761
377.74573 750.51630
287.17874 697.48706
345.28445 751.99536
271.58807 716.18085
386.26501 705.01471
464.15454 551.94720
470.52188 610.70935
458.29150 621.84546
478.54999 593.33569
442.55099 440.82025
400.11438 422.43213
362.79642 420.26678
332.91034 427.94623
312.91138 442.04886
302.34558 490.59488
236.24280 562.65710
322.29492 529.39307
347.49866 538.06470
380.58545 539.19257
412.23877 532.59845
437.00018 521.67529
454.09521 511.47968
232.32224 567.45630
459.39554 630.53717
479.75262 552.74585
485.86465 608.72162
498.68262 621.11121
486.70761 613.79034
466.26831 638.70380
502.22052 622.49951
504.93103 629.70459
454.70740 491.12140
467.23605 496.01913
475.51169 499.23218
336.90402 476.83093
317.61755 464.90155
537.86877 539.91687
690.77551 496.71063
535.99426 626.44568
770.55908 405.69818
624.03601 523.09930
648.32300 525.55530
670.89111 522.20270
699.27454 504.26102
603.66492 514.27399
656.77466 431.72498
627.83813 435.36981
683.50464 437.76996
700.39294 450.90356
717.14917 519.94629
605.55072 831.95966
697.95917 486.50891
782.79236 511.40967
741.61145 500.37781
631.93811 610.71082
548.29419 697.13947
544.25635 719.06256
570.78143 708.82074
584.77954 722.45685
560.81683 723.68652
573.60236 730.91803
612.59192 769.47705
537.46442 610.47620
541.13635 588.30634
730.88367 429.55402
586.44580 549.18713
585.40057 615.14917
587.93811 604.32703
703.39575 614.48236
539.70715 561.77856
675.41119 397.41748
708.57275 407.85107
748.57373 358.87390
569.78998 419.68726
603.51404 449.68195
627.03015 748.51190
754.80975 737.55127
565.90863 627.35663
548.45288 633.15485
599.96204 746.95856
594.05206 746.19507
720.58838 392.35211
584.48450 628.38086
630.73486 399.11487
634.10486 378.51083
652.57715 296.06454
733.62122 376.83453
640.17682 337.84750
743.68347 419.35406
756.69043 415.20245
547.08997 709.12885
566.06946 717.17615
579.77820 726.96484
559.87805 632.20166
596.90356 746.76593
590.69153 752.70502
590.90039 745.53516
558.36682 614.29987
568.54645 732.64996
556.43085 727.16821
541.35242 724.88727
548.27435 802.44244
551.24188 795.27722
549.36096 777.62646
546.13837 759.41913
542.29730 746.39417
569.78882 744.37921
575.92407 751.12317
582.79846 760.45026
588.35144 770.36285
604.42444 697.51746
780.80237 621.59900
578.94580 744.45667
584.80957 748.29102
543.39874 642.31610
575.23187 643.98944
545.63702 637.82025
611.68158 565.18713
650.44690 583.33081
590.67688 617.16040
711.80652 321.26370
697.17932 349.88193
683.27856 377.79962
597.56506 781.56409
576.82471 384.71490
580.35498 336.35080
587.71045 284.32590
689.39270 516.03088
739.99414 537.50842
589.53296 505.84674
721.25024 465.96039
569.85608 531.67908
573.80304 601.91998
764.88367 556.26825
726.43768 555.97906
697.60712 564.72711
652.65417 560.90405
618.45740 550.48639
592.55554 537.58099
538.91907 497.10742
759.25977 608.52020
737.91077 462.75342
529.40460 623.49255
582.84607 570.70087
786.81848 513.34003
573.39642 522.81598
592.02368 621.00110
708.02008 487.00641
575.19952 589.06738
772.30847 678.72388
587.61493 495.90619
558.44452 572.31140
702.89539 787.84747
703.42810 812.78204
780.84851 614.90887
731.95520 758.74072
770.36438 460.37363
611.08673 852.17383
526.47095 630.47937
603.29547 590.61536
760.25018 504.69794
669.33008 510.21158
649.08850 513.55383
596.01837 757.40735
751.72455 656.51782
569.29871 882.65515
638.40833 854.25909
668.76624 837.66809
628.45410 511.31812
608.92926 505.29956
595.41498 500.68524
753.22620 458.28027
607.82751 469.50827
628.25208 458.25891
650.40729 456.27625
672.41943 462.08929
685.40454 471.42279
782.17102 454.62402
682.39697 503.89398
585.22455 679.45972
566.81073 621.77612
546.45435 664.98541
672.66968 814.01355
643.10565 832.63171
571.09772 868.05652
730.76630 782.39130
593.78491 485.46521
554.52081 533.36774
606.49658 869.89752
771.98767 667.80371
557.60687 744.78253
563.49713 755.15125
569.21161 769.40405
573.43829 785.24445
576.21149 793.15198
584.02637 738.53931
589.86993 737.05981
594.78162 734.59113
618.32526 721.67041
717.82031 667.04742
554.06317 512.31653
570.24982 470.47290
584.38104 475.01105
578.47601 738.93365
718.54077 724.85840
548.41412 466.71057
592.48218 812.53668
538.73413 519.64392
569.59979 571.20441
557.99146 823.90198
640.42206 776.59180
611.21118 641.75244
619.27258 797.48669
667.08710 641.36511
632.29431 667.65295
683.69153 682.70172
567.17584 847.84674
581.78687 587.47290
663.51196 790.97968
635.29755 812.46033
656.31384 749.32153
743.32678 696.84546
688.50690 750.61383
758.18396 715.88599
647.02051 703.71100
568.18890 551.55066
565.80457 610.62640
577.32312 621.38605
558.62744 593.12714
588.78650 442.37277
628.80927 422.80444
664.65527 419.70172
693.55042 427.03503
712.93152 442.20825
722.68884 494.05820
785.19116 562.77173
705.89136 531.44165
682.36206 539.48572
651.10797 541.05426
620.60876 535.25366
596.96124 525.02332
580.36407 514.88214
784.47552 567.59851
575.60571 629.91003
554.99268 552.45288
551.51825 608.66705
538.43530 621.08759
550.03375 613.86267
568.43488 638.00006
535.48499 622.41632
532.14526 629.51794
579.59198 495.47733
567.06079 499.32822
558.91724 501.79340
692.38739 478.96393
709.55084 466.90955
390.23779 483.90076
422.89368 482.22443
388.38074 452.67197
357.13919 485.45898
391.93311 514.79218
638.22375 488.82416
671.67462 488.73785
637.84650 456.89117
604.58569 488.87421
638.63495 520.52222
