507.49167 712.05310
491.58527 635.27173
496.74783 659.40222
475.33551 548.18555
491.50879 608.11090
493.85187 573.07996
501.63168 489.74173
345.32556 492.55591
504.38672 434.14661
504.75226 401.67563
508.94781 280.18945
507.74878 721.05524
508.10199 729.50531
508.77359 734.53949
509.95779 763.94257
510.30673 776.48621
510.50909 792.71472
511.01031 809.49976
501.42294 838.95795
493.12711 648.97528
468.70929 647.27783
254.58224 404.44598
411.16330 512.18683
386.57397 514.25085
363.40573 512.92816
334.23676 500.46692
432.48840 506.64313
371.93182 447.83282
399.90759 449.56677
347.20789 452.91031
331.98444 462.47809
311.39749 514.32007
404.25076 873.84412
336.79620 486.77319
242.72916 510.45038
282.23532 498.47766
375.20367 609.40717
470.01404 705.90900
475.04333 728.04578
434.48190 714.50397
411.69180 725.33063
447.32275 730.04669
426.47418 734.74847
381.26044 774.76324
469.34192 634.40472
466.37601 608.29755
292.85010 441.60229
430.74493 546.45728
411.33423 623.27460
411.59650 609.02850
305.49356 605.53680
470.45572 575.88953
348.87274 418.38388
315.39117 425.49976
274.61847 358.68240
456.24023 440.91019
424.78073 458.96411
362.03836 745.13635
271.15442 754.12933
430.38120 638.61688
451.52283 646.85254
387.32440 747.26031
395.67999 746.81458
300.64032 409.20456
410.18121 633.55566
395.12042 422.43478
389.61084 402.56110
367.93860 295.99777
288.13818 382.16571
379.81006 342.16763
277.04135 429.41666
266.90463 418.84546
471.78568 718.40601
440.82742 723.27130
418.80420 730.48285
436.36780 642.99469
391.56592 747.08887
404.07776 757.77826
399.80301 746.66412
443.00531 632.84100
432.83353 737.14130
452.97647 733.68713
478.64429 733.06012
463.46619 835.79175
471.70905 805.69257
473.52280 789.02661
476.44186 772.82385
479.79022 761.60162
433.83176 754.72961
427.23676 760.27869
419.37119 768.60541
413.01624 778.07666
387.26385 701.36310
249.66989 626.82733
494.94046 654.43866
418.63846 751.34418
411.44266 754.03375
460.20587 656.84625
419.89618 648.30444
455.95105 651.97443
403.99176 560.47180
363.15588 576.47919
407.35187 619.98730
310.23987 321.30612
323.79443 355.53723
339.15051 398.70450
401.64734 798.13660
447.25928 410.01831
438.75986 338.29230
431.77972 283.62064
344.75693 508.69482
283.73657 530.42572
446.41937 501.22247
307.44382 471.62238
448.52142 530.30249
427.24448 615.62360
255.59644 551.03815
300.88287 546.51550
331.96704 555.00952
378.40234 551.81323
412.80652 542.56671
438.41504 531.98877
478.67410 496.31628
256.48895 601.34296
286.43570 467.68039
479.26581 647.87769
427.95392 570.89722
242.70010 512.63733
457.33536 520.18884
407.04086 621.01636
324.76837 487.57501
428.34357 598.23529
256.57446 688.71698
446.20819 493.36865
449.25974 584.66528
308.01031 807.83362
315.14539 843.13672
242.42389 615.68506
281.65112 773.43115
254.51837 460.74081
399.05743 903.59045
483.43277 653.32971
404.66266 588.94055
261.40451 501.91504
367.15198 500.00256
386.90033 501.57870
397.48273 762.24274
259.58194 653.75946
445.75339 944.90942
373.98828 905.25964
346.27820 878.96289
506.52698 338.55783
502.14502 951.89789
407.24115 499.79907
427.20331 496.38837
440.15399 494.85419
268.18216 461.31570
421.79364 475.62671
399.53534 469.02332
378.66302 468.67093
359.40979 473.10858
348.07126 478.95880
244.73785 452.57690
354.15271 496.53729
498.25095 679.68121
410.99176 686.76117
430.32199 635.07458
459.16174 679.82007
503.99683 461.92523
337.52844 844.42725
367.09753 874.10376
443.55908 924.15771
291.80112 805.64105
438.48944 486.19934
460.52530 536.93146
500.72809 930.71179
405.28491 928.33435
249.31625 672.73499
454.40390 758.15814
448.36609 766.99451
442.52594 779.74695
438.44565 794.77600
427.56238 819.95447
409.78549 740.59753
402.30664 738.63867
396.05249 735.91846
369.60022 720.68921
286.59778 663.83472
464.39413 511.65909
460.34686 475.24963
447.27090 477.99103
416.65778 741.65625
285.73639 730.52692
479.22305 474.89890
416.39880 844.77869
496.61258 544.20398
476.61844 523.21234
499.11816 517.59320
440.08261 576.55933
500.15109 900.83167
500.82486 867.02905
456.07291 862.95660
361.77649 786.48187
388.15680 642.50439
386.49768 819.19305
336.14539 639.59198
366.96283 669.23010
316.25293 681.73584
447.01477 895.34308
424.36993 590.00500
342.92151 810.17462
373.51172 843.60535
341.71820 750.15002
266.03372 699.70679
313.78442 757.52771
260.98697 726.03845
348.26373 701.29633
445.32089 553.83667
434.78729 628.05145
418.84668 632.43036
445.25757 611.30078
439.67303 454.99655
398.60507 440.11475
363.12390 437.49487
334.54041 442.99600
315.73392 454.11475
306.20099 492.77911
239.46057 562.29651
325.46515 524.29675
349.75830 530.90314
382.02258 531.25342
412.85226 526.05182
436.93555 518.53290
453.08240 511.24310
246.24908 569.57904
419.40433 638.31598
457.09784 560.14172
451.55945 630.55652
466.49313 643.49469
452.79974 634.86511
426.81351 645.58289
471.06488 646.04950
474.79050 651.26471
454.45898 494.13400
464.99121 498.74066
470.92307 502.70520
341.80389 483.30103
322.81653 473.29547
519.51843 548.07538
689.45166 488.07913
523.90399 647.60193
803.20386 401.33539
620.00153 506.22983
643.40472 508.20349
667.37195 508.20477
702.49286 496.90497
599.54462 502.41107
654.06836 442.32431
626.85120 444.87219
680.45593 446.50555
698.45972 456.11630
724.63721 512.22119
608.30609 878.69934
700.12939 482.53085
813.36200 510.94501
756.53876 497.40906
640.52118 610.45471
545.96991 707.29242
542.60028 729.13934
584.17322 717.36298
608.49731 728.73120
572.09680 732.16272
594.61090 737.44183
641.98688 778.41064
515.22369 634.65906
518.27155 608.36584
733.04633 438.10327
584.14807 546.21667
590.03040 624.03711
592.30951 609.65149
720.39062 607.11591
518.70880 575.78058
665.00970 413.50882
703.65576 420.96362
774.00537 354.35614
554.76019 435.55856
603.78497 454.98471
664.00348 748.92108
797.10645 760.62018
570.78113 639.34485
547.32117 647.48364
635.79626 750.87476
627.55865 750.25812
719.66077 405.00644
594.27466 634.74176
615.83942 417.25830
618.98871 397.09610
660.90033 292.13980
749.39862 378.87207
640.92181 339.32007
751.84039 427.16193
779.13586 416.60861
544.93555 719.58002
578.17145 725.70789
601.83337 733.43182
564.91473 643.85602
631.65472 750.62439
619.32080 761.42175
623.29150 749.93243
551.41949 633.03296
588.75421 739.43347
567.16547 735.42084
540.31476 734.01508
542.80988 837.39288
551.25281 807.63794
548.38129 790.72931
544.94421 774.32117
541.06982 763.01599
588.79431 757.81122
595.86011 763.53784
604.02332 772.12427
610.93231 781.81140
627.76794 703.79114
823.60834 630.69958
604.34705 754.71405
611.83240 757.54407
537.76581 657.62817
586.47760 649.97241
542.33258 652.72083
612.80322 560.49591
656.33154 577.01874
599.38525 621.05536
728.80322 316.57349
705.16522 352.22089
674.01703 393.76251
616.45093 801.56842
560.38501 403.44592
577.18427 336.70535
590.22095 281.39581
689.24756 504.92902
753.30798 529.63885
585.82117 498.48544
725.59045 467.70862
564.38599 529.87006
568.27264 616.04340
786.81799 552.39642
732.03137 545.12476
696.25726 552.61761
647.27252 548.06055
612.72131 538.41486
586.46442 528.40955
526.99713 496.00726
784.21637 604.01379
747.31348 465.51978
507.84955 648.15686
582.93646 570.99524
827.62756 512.99939
565.92987 516.68689
603.48260 622.25055
712.46057 483.72244
570.57739 598.61908
815.69727 694.06433
586.92700 491.14380
544.24530 584.79639
733.68176 816.36731
734.97955 852.88477
813.79797 619.33240
767.41528 780.98248
797.19226 459.55072
614.27948 909.56274
506.78394 653.42688
608.72681 589.55652
782.35815 501.78156
663.66602 494.12503
643.39172 494.70581
626.23615 765.95288
783.34680 657.95831
561.82983 948.56262
652.61328 912.99243
691.83716 888.12964
624.09943 493.21997
605.39917 491.61090
592.88330 491.88434
769.91449 460.29855
611.36310 472.71884
632.33423 464.44098
652.50433 462.91785
672.84448 466.69763
685.84534 472.96240
819.66870 450.95883
678.36597 491.53156
598.14813 688.59137
569.05707 635.65771
541.03259 680.78369
695.38837 852.76074
657.00647 881.79492
561.56213 927.52576
768.13306 813.53949
594.60480 484.27158
543.43945 536.67310
610.27960 934.29541
807.65930 677.92938
567.32837 760.52979
573.92200 769.57837
580.39148 782.62115
585.59741 797.94641
584.29047 822.61420
612.81171 743.45184
619.70807 741.83093
625.78546 739.45282
651.65424 723.80536
746.04492 667.46716
544.98096 511.32687
565.56671 471.69080
583.42426 474.93799
606.28119 744.27124
754.45496 736.24298
537.56403 470.56525
596.87054 848.69867
523.44080 522.97644
563.42731 576.79968
549.52344 865.15466
663.64392 791.32495
625.52899 644.00891
633.68878 823.86450
684.17352 641.63318
650.88391 671.31018
710.05701 685.25183
557.23468 898.18860
583.35590 590.30725
685.80743 816.58215
648.13647 849.68317
686.01837 754.72919
779.30286 705.03882
719.55127 763.55121
794.49280 732.27405
675.69086 704.33075
562.38269 553.75562
559.40186 628.28241
581.23895 633.14490
544.13873 611.56390
583.12286 451.43536
621.29260 436.17130
656.69232 432.44666
687.89606 437.13519
711.86755 448.65805
731.42908 490.57196
816.52625 564.36182
708.30115 521.72620
680.04333 527.53180
646.33075 526.54480
615.91351 521.16748
592.29987 514.78351
575.42316 508.02975
826.72461 571.56482
582.92822 639.31543
541.51117 560.03888
536.95508 630.95789
524.03235 644.11359
538.78503 635.40912
576.75214 646.80676
517.43604 646.46417
516.65082 651.56519
577.54590 491.63599
562.18890 495.47302
550.39728 499.01556
693.63470 478.06195
710.82666 468.18048
388.52087 482.59680
414.13776 482.01141
388.10651 461.23425
362.69885 483.23294
388.77911 504.07880
652.86475 479.36514
676.25342 479.77728
652.64044 458.07913
629.65851 478.90030
653.12390 500.55777
