522.15765 724.61530
523.56689 671.57806
518.80927 687.22986
498.79285 581.81812
523.82214 645.83575
522.01807 609.41809
515.79749 516.93964
336.83319 494.22180
513.58606 441.62677
513.61713 406.26025
511.53888 278.73633
522.27002 734.69263
521.78998 745.84967
520.95728 752.77264
521.27380 795.27631
522.08063 805.58020
522.23816 818.56659
521.73694 832.70129
515.47266 861.16724
522.18665 682.53815
495.31070 678.75873
227.30051 387.45215
405.22543 517.44348
380.72787 519.68384
356.68863 518.32117
325.34650 503.24280
426.07990 511.81601
367.67291 446.20807
396.22333 448.39380
341.96530 451.54218
325.45258 461.73483
301.70337 518.99908
420.69940 874.11829
327.48477 487.58606
218.82993 499.61798
271.03113 500.99130
383.20703 628.56927
483.41071 720.25586
485.28766 745.25067
444.93774 728.71564
419.50458 736.25568
454.24698 745.56085
430.68756 747.12238
387.28964 780.49268
502.87030 670.86493
500.03754 645.60052
289.80609 443.53882
437.61362 566.78302
439.54425 652.02350
436.98657 636.68396
304.20087 619.86395
499.56470 611.71442
351.01398 417.42822
315.33917 426.11810
254.64537 345.40628
460.20975 440.70636
420.81268 459.02612
368.21454 747.64734
251.59985 727.56335
456.85190 667.12793
476.54593 675.09320
389.11270 750.88611
395.75397 752.47717
301.45200 409.23764
436.26575 659.24158
398.82062 420.06384
394.57672 398.70697
361.54108 290.93744
277.91492 375.13763
380.28326 343.29764
273.69397 429.77600
249.75076 408.34119
483.77112 733.30676
449.42136 737.37323
424.90900 741.72290
461.50830 670.60419
392.48383 751.64905
408.40854 772.42535
398.89331 753.39185
471.95670 665.65155
435.55685 750.73083
458.61993 750.76263
487.24481 751.82318
475.20813 858.07886
483.04623 829.99414
484.57352 816.10901
486.51273 803.27295
488.69034 794.11176
437.18323 780.52692
432.61893 783.89343
426.89978 790.16815
422.85104 797.69470
400.46692 713.83466
216.76715 600.63586
520.56720 685.62573
419.92108 770.19196
414.07748 770.56274
484.22324 683.98834
441.46951 670.86298
480.59998 679.72699
409.90027 578.67773
366.11795 593.54913
430.83734 645.11670
297.02863 312.41916
319.22015 352.32413
342.43311 396.58606
408.85880 811.43213
452.97839 405.59827
442.51370 342.75226
430.57465 281.00443
336.68939 512.97223
272.28076 536.48792
439.61978 506.23151
300.14636 472.87469
456.17929 552.59015
456.66837 647.99707
243.16667 552.41461
290.72330 555.48993
323.86346 566.47546
372.49460 564.05090
408.11618 554.36877
434.15259 543.30518
491.89926 522.70801
246.29630 604.34595
278.65277 468.84229
509.18274 681.75140
440.78915 593.81372
205.93420 489.33142
453.75995 530.72473
425.97763 643.31726
315.75455 488.77744
454.51846 628.89618
229.17926 661.95312
439.21851 497.20419
476.66501 618.16510
314.60956 800.27527
314.99872 823.98999
221.76767 605.21912
280.17050 763.88965
232.32399 450.19662
418.78198 895.21350
510.22083 684.72015
415.94733 609.22369
247.69661 503.94388
360.64297 502.91458
381.24170 504.71231
403.77612 775.04901
251.07254 654.64038
462.40872 928.61530
388.27881 886.50574
355.40253 860.17761
512.73669 343.39139
512.07410 933.29004
401.49142 502.80579
420.91101 499.51343
433.43948 498.43768
258.83038 460.97064
415.90332 477.79364
394.35562 470.31409
373.34778 469.56030
352.87024 473.75824
340.37143 479.67163
211.57397 433.02191
346.69949 498.85101
517.86505 701.84668
428.44577 704.03790
457.99026 665.25311
479.79349 702.07043
513.73926 477.70776
350.99509 835.35168
383.83646 864.35260
462.43698 917.36523
281.98309 782.65869
431.76498 489.52118
476.53220 565.55310
513.44446 922.47937
422.67133 911.28113
231.73569 661.13293
460.68512 788.83252
456.34167 795.40784
452.38803 805.62634
449.96466 818.18958
437.02838 839.38147
410.88324 749.18835
405.48004 746.30048
401.01630 743.22467
379.20456 727.66931
284.91864 672.38098
474.42847 536.21759
457.37155 478.52875
441.87326 480.41162
416.14368 751.42957
286.17316 730.80145
478.96143 480.15979
427.63943 853.66736
519.83997 578.51318
495.33957 554.42737
517.88580 549.68213
458.95941 604.37952
514.38049 903.06256
514.80084 879.65161
469.76544 875.58319
371.42221 788.73346
403.21964 661.33459
396.24872 823.69287
341.57281 657.11145
378.03992 684.84857
321.79510 693.34045
464.58597 898.21021
442.68832 615.05853
355.33148 808.76056
387.32669 841.86346
350.24731 752.60291
260.23874 697.35242
320.71246 759.74805
249.86804 713.92365
357.23117 710.08936
459.15698 579.57178
464.70038 661.25037
447.32220 661.78253
477.40018 646.78156
438.60681 455.71118
397.81091 439.32501
361.57178 436.59955
331.59540 442.39328
310.99487 454.27368
296.56348 495.10416
217.24850 552.07098
316.52283 530.54938
342.24127 539.04248
375.87073 539.82239
407.23676 534.34058
431.40994 526.51154
447.90088 519.05054
210.01617 543.83990
446.16190 665.38483
478.29990 591.30591
483.94208 666.36230
494.77820 676.74286
482.26669 668.82898
450.73083 670.81879
500.68701 679.94196
501.67673 682.84387
447.86221 498.56348
460.52710 505.39777
468.32971 511.33401
333.18597 484.00671
315.10797 473.48340
539.65387 580.80017
680.10236 488.06174
544.11584 677.46826
761.03070 379.42310
614.62170 511.67957
637.08673 512.54895
659.17657 511.21127
689.71240 496.21146
595.54211 508.41071
648.32312 440.78589
621.04938 445.88925
673.71698 443.46930
690.09106 452.67871
707.34558 510.56348
599.25244 866.38586
688.85791 481.14825
769.05859 488.09488
732.03210 490.40912
637.71484 622.11047
557.54492 716.52344
554.29553 742.07147
590.26544 720.60168
610.33191 726.06140
580.42511 739.40277
599.23053 738.98218
629.36621 771.97266
543.12396 669.75757
546.00854 644.43518
719.64709 429.81354
584.57330 563.39606
593.46320 648.04962
593.92828 632.65265
707.79675 609.74133
543.26257 610.52521
665.42810 407.69958
697.60632 413.47855
742.34753 338.85809
563.10449 439.87842
598.40906 458.84079
646.34180 737.99207
722.66077 710.96631
576.10797 664.02075
558.00177 672.99902
633.20276 739.74084
626.57770 741.84058
708.80200 396.02185
593.80121 654.98370
621.66333 414.79825
624.82800 393.83356
653.92383 287.66571
728.97925 367.58844
640.65613 339.11700
731.57349 416.86957
749.55402 399.80615
556.95782 729.88055
585.71216 730.47717
605.24121 732.46521
570.86871 667.57556
629.94165 740.74683
618.44452 763.73553
623.35229 743.05377
566.52820 663.43506
593.76483 743.23517
575.21460 745.35907
550.90625 749.16174
553.45807 855.29022
556.69092 828.08282
555.97638 813.76685
553.66870 800.81458
550.38525 791.69806
592.58990 774.00623
597.93372 777.65234
604.23865 784.09052
608.49481 791.95959
622.20740 706.83899
754.87396 586.94983
606.23621 761.89392
612.58716 762.08240
551.01251 682.26514
586.94897 666.64545
554.37433 677.91400
610.03235 574.02179
651.68793 586.80457
597.71271 640.75781
709.66553 307.33340
695.01233 346.15152
672.49829 386.95630
611.36993 803.98950
569.42273 406.06238
581.80505 340.66446
590.06458 279.28848
678.45227 505.84528
731.17981 525.68109
582.99170 504.39359
711.42102 462.15521
568.07861 550.01624
580.90759 644.97247
755.34998 540.69012
716.36774 545.33545
687.50549 557.48700
643.46478 556.46509
610.87274 548.45551
586.79114 539.50714
538.00592 521.65399
752.98047 591.66901
727.65179 457.33997
534.51178 681.00940
584.28333 590.28961
769.44147 477.82477
568.58527 528.46057
599.37939 638.71021
699.24207 480.91687
580.37872 625.70007
742.78003 646.61224
582.91827 495.65161
562.54810 615.92163
682.66180 784.90405
673.26514 807.12201
764.45056 591.06512
710.31934 747.59906
760.66467 440.41434
598.75348 886.58032
530.63800 684.19623
606.54224 604.44348
750.39551 492.55908
656.99280 496.27173
637.54700 498.00391
623.13940 766.30353
746.22723 640.60547
558.37885 923.48792
618.44275 874.07764
643.03021 845.23389
618.63647 497.28784
600.71967 496.09311
588.77087 496.46021
742.20959 449.88400
604.20477 477.70251
623.97430 469.02405
644.03564 466.15253
663.87061 468.29260
676.27698 473.34824
769.98376 423.26392
670.47107 492.55167
598.93652 698.88055
576.49097 662.31403
554.32300 700.02423
652.98096 821.95465
626.04883 852.82861
561.44086 912.73840
698.35980 765.46716
589.76147 488.81372
554.82373 563.66321
591.95319 902.01196
752.97266 645.70734
573.98279 784.31873
579.05084 791.11304
583.64099 801.64233
586.26251 814.81702
587.59027 833.64191
614.59326 739.57153
620.12579 735.97479
624.77203 732.17407
639.00232 719.10443
721.01501 659.81183
552.52850 534.55579
565.01556 478.90186
579.50586 480.42957
608.98419 742.56122
713.22400 716.18805
543.51111 480.82071
593.59546 846.76501
539.07190 553.33618
572.21539 601.67206
557.00403 871.98053
641.56268 778.86707
619.54236 655.36810
620.11047 814.86481
675.55310 648.07343
642.08813 677.38562
690.50287 682.48444
561.34344 894.12708
585.05640 611.43726
653.77893 796.87775
626.19958 831.59082
661.31268 742.01831
734.88226 682.30518
685.01208 746.54926
735.43359 697.68402
658.44928 701.08618
568.82806 576.95996
573.95349 658.62006
586.52057 658.23218
564.86981 644.53430
583.10901 454.92322
621.01239 435.12939
655.47369 429.00946
683.48193 432.55719
702.75073 443.29819
713.26617 485.89246
769.59912 539.21210
695.27673 522.44287
671.30585 531.32562
640.67285 532.60443
611.97729 528.65723
589.90411 523.12128
574.48718 517.00891
762.51758 531.38037
585.42480 661.59381
557.00397 589.28845
559.00348 664.26434
546.37634 675.29004
558.29779 666.88873
579.86908 667.08661
542.00055 678.72125
538.32886 681.73828
574.76788 497.52850
562.24213 504.73547
554.38873 510.71579
683.43457 477.53857
699.86633 464.27988
378.54022 482.73071
404.19366 482.15887
379.21967 458.36823
352.55444 483.05334
377.72192 507.02081
640.42273 479.45432
665.83093 478.32043
639.02209 456.48901
614.86462 480.53375
641.87817 502.37238
