516.21320 721.33075
527.25299 645.80823
522.37756 667.45154
500.57333 561.65179
526.93701 619.63928
524.44379 585.47638
516.26324 504.43274
341.15662 498.62445
511.73895 452.28491
510.10077 420.51062
501.48355 295.53110
516.48846 728.22723
516.44830 734.56427
516.33014 737.98596
517.14038 759.13928
517.67731 767.79102
517.88477 778.43054
518.18890 790.12195
520.68781 811.92664
525.87946 658.93494
496.70993 658.06488
219.62949 422.70618
407.57950 512.29437
384.68683 515.43365
360.99750 517.52905
328.24438 508.81070
426.91232 507.53741
369.14377 465.73901
395.02731 465.88290
345.44498 470.04028
329.78424 477.63821
304.27991 526.50378
423.91623 866.26202
330.71576 495.71912
213.37747 531.76410
272.33563 515.27332
385.56369 621.77496
478.05469 716.97015
479.92017 732.18384
442.20053 719.42352
417.17593 721.91779
449.32730 730.14349
425.96417 729.11023
389.33493 764.82080
505.07693 645.80426
502.23608 620.36633
294.16766 466.71198
439.57855 560.75311
435.99994 634.86395
433.92447 621.00580
305.75894 620.10449
501.54053 588.77429
357.29318 445.11856
320.85040 452.10925
247.51001 376.53918
464.80420 460.99005
418.13776 471.25269
365.02539 741.20471
227.93579 778.58191
454.05359 649.48486
475.66058 656.44971
385.46530 726.79224
392.22168 728.22052
306.66006 438.19589
432.09702 643.54956
404.83426 447.01340
399.99329 428.44244
354.81201 313.09610
274.20679 402.75735
377.02432 361.42096
277.25220 456.12122
245.55432 439.69635
478.43329 725.46191
445.62997 725.18243
421.35858 725.59692
459.14694 653.07611
388.94199 727.46777
405.41565 740.66827
395.41287 729.14081
471.56924 644.95392
430.35187 731.64386
453.22934 733.39020
482.17050 735.83893
484.53174 811.83740
481.30518 786.79083
481.77759 775.24945
483.06451 764.63336
484.65097 756.90552
432.85150 745.69861
429.30975 748.32886
424.77890 753.07037
421.71939 759.01666
398.25711 705.47766
201.64459 650.71967
524.18262 664.06427
415.52020 738.92719
410.53418 739.28308
484.84244 665.60852
438.92535 656.56342
480.42899 661.15039
412.28302 574.61224
369.99167 590.37836
427.49799 630.86261
290.47363 338.99930
316.23471 376.01440
348.27515 427.06729
414.62943 784.72278
456.78180 432.60294
437.72061 356.16476
422.54193 299.95853
340.56213 515.28894
275.40500 545.38556
439.18607 502.78931
302.99377 488.22171
458.36014 544.93500
455.80423 628.19519
241.38870 571.60144
295.66772 559.87537
329.49667 566.94751
377.65207 560.33313
412.40845 548.78735
437.52472 537.75629
492.57559 511.57471
242.10146 621.18695
280.87650 487.91397
511.85025 658.33966
440.81812 584.32452
198.02866 533.01483
456.89697 526.22742
423.39313 631.54901
318.48444 498.10651
453.78491 611.10278
208.92618 714.06049
436.80585 495.34503
478.12204 597.73029
293.41235 823.15094
294.68234 861.41260
210.89081 639.72589
255.83589 793.88904
228.34195 481.42706
418.05017 898.62286
512.87140 663.36200
416.78442 601.82550
247.68839 521.22253
365.35840 500.94391
384.87823 500.34964
401.45056 742.83221
240.72012 674.39911
468.89609 933.45251
382.01917 909.56042
341.72174 890.17566
505.80920 354.43893
523.82300 933.81677
402.97900 498.26239
420.55942 495.88104
431.85501 495.48648
259.96228 483.31567
414.65686 484.22952
394.31177 480.97485
374.96704 481.62219
356.09644 485.48187
343.95538 489.89319
204.37378 471.51239
351.61981 500.09778
521.60535 685.77411
427.76184 692.22949
455.62784 646.65656
482.28723 686.32697
513.25110 478.05896
336.12677 853.09277
375.58908 877.04193
468.50217 910.37012
258.17096 827.61609
429.58401 490.63000
478.15872 551.09241
523.93774 910.32056
423.20737 924.77649
215.18710 697.66168
456.47772 752.00250
453.18478 757.55762
450.31406 765.60724
448.87436 775.64539
445.81891 801.39478
406.56302 728.41785
402.01129 726.21118
398.39221 724.03796
375.04706 721.27808
276.91431 680.21057
476.16092 526.65857
457.81055 483.66162
439.92694 484.50919
411.52527 730.41876
268.67676 747.26501
482.54648 486.12570
434.45340 833.22949
521.68213 557.25476
496.58066 537.47217
519.06720 531.43414
459.86951 589.69434
523.41681 879.26648
521.93646 843.20325
478.86285 844.10541
367.78012 784.54016
401.53064 652.04681
398.88245 812.88904
340.38104 651.77698
375.10397 677.52002
313.27570 693.75336
472.26755 879.68842
441.41251 602.69281
346.12299 814.03723
384.58682 842.54993
342.33499 752.72949
243.78609 720.42572
306.81552 767.56915
227.88379 750.12939
349.72305 706.94385
460.30542 567.64270
464.06955 640.46008
444.17972 643.89197
478.16138 624.01465
438.89984 469.40070
399.84210 459.59558
365.57169 457.95227
336.19678 462.70810
315.07648 472.65616
298.47937 506.33765
209.79797 585.13843
319.84918 534.73267
346.16217 539.85144
379.87555 536.68811
410.29572 529.43036
433.35675 521.94513
449.43256 515.34198
199.81992 591.50354
442.53979 648.60736
480.23834 573.61157
484.77927 642.87152
496.61084 654.90704
483.04675 647.10046
447.95737 654.64862
502.77811 657.01233
503.46243 661.71411
446.27722 497.00943
461.61737 503.95648
471.26157 509.64709
336.50775 493.31610
318.79895 486.90198
541.91772 560.04956
674.44855 493.03204
549.49005 656.57263
757.46320 404.42664
613.52136 509.97882
634.92352 511.53024
656.92651 512.08191
686.83551 502.76810
595.35040 506.70868
644.97754 459.37482
620.34973 461.14291
667.91211 462.62646
683.43359 469.75049
708.68713 517.63196
616.02808 856.21722
683.78345 490.01184
775.21704 511.24170
736.57886 504.44397
642.57233 613.22687
552.90527 717.07666
551.23712 732.52917
587.34424 719.96594
610.95673 722.98120
580.26196 731.06140
602.31732 730.51923
638.06891 756.85663
548.15424 644.60370
550.35083 618.77570
716.07782 454.24384
586.62695 555.26709
604.09467 630.00647
603.71118 615.80701
715.16992 605.96802
546.29028 587.07703
655.91125 434.69147
690.32434 440.17676
733.38507 360.35892
557.08167 460.08316
599.25128 468.75568
660.27332 732.33966
770.76318 755.62146
585.74951 646.13824
565.89258 654.33203
641.60773 728.99390
634.81128 730.44800
703.44873 424.27139
605.51855 638.83057
610.92200 440.23376
614.31781 419.94641
638.17505 304.44620
719.14606 385.11804
626.89496 351.52200
730.40015 441.97778
744.02063 420.59656
552.74701 725.66650
584.05713 726.00854
606.98285 726.79443
580.24030 649.94971
638.16455 729.69946
623.66809 742.79633
631.12720 731.32239
573.48370 642.32513
597.75366 732.91467
575.96069 734.18671
548.72949 736.18475
555.58392 809.01581
553.99261 787.40790
552.46130 775.55554
550.55804 764.90027
548.29425 757.20508
596.83191 747.23004
601.17529 750.00940
606.60327 754.89746
610.56116 760.92914
633.59424 698.82727
781.34900 628.87103
612.55170 740.82513
618.15155 741.34485
557.63208 663.86804
597.31842 652.30951
561.71887 659.28601
612.35394 567.63287
653.66553 580.73462
608.30060 625.63696
695.87103 325.94009
681.83618 361.26151
663.58868 414.72906
616.80078 777.37317
562.50330 429.77844
570.43414 351.19818
576.03796 295.59189
675.51636 509.11304
734.97632 533.71033
583.49890 503.16974
708.38202 479.22418
569.24689 540.50812
588.29962 624.29138
762.82764 552.57300
717.55359 548.89789
687.35339 556.98389
643.42542 554.36957
611.32391 545.87006
587.92560 537.02637
538.69812 509.67719
768.26270 602.24677
727.59680 476.19809
539.09418 657.62323
589.33722 579.18018
776.51385 512.33630
569.81879 526.43280
609.36694 626.20618
695.61774 491.73712
587.23834 606.74481
781.01776 691.38452
584.64313 495.52509
566.65405 594.55670
728.24170 803.37952
723.36646 839.19189
788.03247 618.03741
759.28204 772.50714
759.73035 461.91315
622.72137 886.85480
535.08746 662.75598
611.76434 595.50934
757.85876 507.21454
652.53967 496.19849
634.39056 496.38916
628.12793 744.98938
772.33990 654.76514
577.43054 926.87140
652.83752 893.14124
685.94958 870.70386
617.18433 495.57050
600.33691 494.77618
589.60077 495.64355
744.84137 469.91440
604.70380 482.72668
623.14697 478.45264
641.42859 478.14685
659.12280 480.70251
670.90265 484.32483
770.57263 451.90308
665.06390 494.63150
608.34955 687.41937
585.56702 643.35272
559.43005 684.49731
691.93549 835.61523
658.16199 861.58069
578.07867 904.26160
750.40570 804.42535
591.18420 490.13275
556.82959 548.05823
618.40552 912.47278
787.95398 675.66632
575.01392 752.95441
579.07056 758.57227
582.78650 766.72534
585.66986 776.92859
590.05023 795.59515
620.59705 730.21997
625.28070 728.00592
629.05432 725.70520
652.95825 713.29865
743.33630 663.37341
553.15155 523.57727
565.36133 483.89075
580.70959 484.11401
615.36169 732.14447
749.87738 728.58746
543.18164 487.57098
603.12769 825.06354
540.65747 535.70319
576.70966 585.65771
563.69678 839.87933
660.46661 773.45740
629.23840 644.90784
633.53717 802.68500
686.33038 639.89252
654.36090 668.57001
711.70728 679.70490
573.40100 874.46918
592.27740 597.71167
682.50037 799.28693
648.97058 829.46490
683.42725 741.01447
770.59827 700.35406
716.91376 751.39856
780.46155 728.07983
677.24402 696.56531
572.08575 563.54260
581.18280 637.18286
596.76575 639.72095
570.53955 621.09845
581.05396 467.25574
616.22504 454.03137
648.17621 450.22156
675.83069 453.72769
696.29865 463.17133
713.87830 498.91614
783.90771 563.89764
695.02521 526.29041
671.10645 532.13977
640.27698 531.63837
611.86438 526.83813
590.55847 521.26709
575.57288 515.58630
777.93457 570.33008
596.38025 644.55072
559.81909 570.53613
564.94507 640.57513
551.52905 653.31854
564.32410 644.94562
590.06415 650.86365
546.97626 655.80286
543.52991 660.51306
576.12524 497.42963
563.64215 504.60635
555.55286 510.50906
678.19763 487.48602
694.29138 479.29968
379.15341 491.77170
402.32767 490.02881
377.40253 472.90997
355.40698 493.46387
380.59644 510.50879
635.44159 485.52039
658.58490 485.06500
635.02869 464.89984
612.52240 485.77487
636.06317 505.98712
