510.41110 712.97351
501.43881 665.23889
505.48810 679.35468
483.02240 576.51941
500.64395 639.63434
501.31039 603.71014
505.01129 514.51788
344.82623 500.29214
505.76260 451.71738
505.44037 418.20282
506.96094 286.80200
510.50742 722.54004
511.16449 732.29993
512.10541 738.10034
512.69312 773.64319
512.50391 783.31885
512.55164 795.11328
513.14111 808.49866
514.41760 829.18378
502.76816 675.94794
479.41916 670.96454
256.07956 397.15674
412.33063 520.94928
388.45648 523.11285
365.63708 521.67072
336.06943 507.21112
432.72736 515.65479
371.35699 456.48022
399.91809 458.40768
346.52921 461.23114
331.55133 470.11710
317.35120 519.75134
428.19824 856.02393
336.26624 493.47873
251.22852 504.21460
291.09824 501.50201
385.77661 621.13550
473.47467 707.72595
476.30072 729.87762
438.41690 711.63416
415.56329 715.73260
447.74481 727.60919
426.47659 726.41638
397.40253 760.41479
481.23541 664.03735
478.04434 638.87683
297.32407 451.31323
438.53870 562.94165
426.70856 642.84430
426.67139 627.82953
315.14624 612.00653
480.14716 605.61285
349.07880 430.80981
317.60596 437.38641
274.83292 355.69321
454.59778 450.29929
425.07739 468.10712
376.72217 731.46710
291.02515 728.57709
444.08566 657.97369
463.59210 666.04773
388.30283 723.19189
395.03137 725.39215
304.74142 421.31635
425.20752 649.32123
393.80377 433.09070
388.48334 413.94873
366.25989 300.14212
290.47659 384.76749
380.76978 351.77618
284.09961 437.86417
269.91650 417.50082
473.91037 719.52313
442.80920 720.02020
420.64297 721.12952
449.16827 661.08722
391.64453 724.23724
406.92648 744.17920
398.36163 726.66370
456.15540 657.80164
431.72278 729.96155
452.62820 732.45532
479.72610 735.68408
478.07272 826.46759
476.60574 804.02142
476.92545 790.81458
478.69769 779.31958
481.33273 770.92065
433.71454 754.10687
429.55072 756.80054
424.26016 762.15527
420.95221 769.21124
399.90131 701.60925
262.73572 607.28723
504.00616 678.57330
418.17487 743.13074
412.40695 742.91205
471.92255 674.92603
432.92023 660.47205
467.87689 670.67743
412.98126 574.29315
372.15988 587.74750
422.22198 635.70868
309.40778 322.28351
325.47748 361.60904
340.14667 411.75183
417.56653 786.44592
445.36771 419.45389
438.86426 350.23077
429.89410 289.39368
346.81281 516.46857
292.93121 533.96021
445.92816 510.52713
310.67419 478.31396
454.99463 549.21869
441.51743 640.13147
267.35007 551.36194
308.23029 552.13458
337.38348 562.91449
382.12122 561.18945
415.43161 552.77307
439.55930 543.20935
483.33102 520.10150
269.32285 600.43372
292.76212 473.25031
490.09683 674.79211
437.88660 588.30994
248.96481 497.63699
457.28320 532.34943
420.63110 634.01062
326.09421 493.76013
441.95129 621.45288
273.52554 666.65253
446.04126 502.15207
460.82007 611.67242
333.99463 788.66803
343.03021 815.38452
257.17157 606.22021
303.88947 756.05542
259.52948 456.95935
427.54208 879.36462
493.58380 677.48663
415.50833 602.93536
273.54224 502.59576
367.46368 509.06589
387.64062 510.66797
402.73358 746.50635
273.64282 649.69183
470.67343 913.23383
405.76483 874.56708
377.57135 849.31970
505.85028 351.16882
518.05676 919.12653
407.89069 508.59409
427.50348 505.07748
440.20212 503.61752
277.73859 464.93707
422.72144 484.01874
400.79254 476.99902
379.19263 476.31122
358.99048 480.33820
347.23157 485.96735
248.31650 441.73389
354.04269 505.02570
507.08997 693.43945
424.31674 692.57117
444.38663 656.43286
470.46417 692.15515
506.04413 481.44952
367.20447 822.20679
397.09326 850.25891
467.23566 899.67542
315.36456 778.54224
438.57700 494.96234
467.77432 560.87354
516.60773 905.29169
435.06168 897.38184
266.36365 660.21045
455.26929 763.98743
450.97974 769.84814
447.54633 778.71484
446.00323 790.51642
443.39343 810.17310
408.73120 725.51813
403.34180 722.40900
399.08478 719.25922
382.26889 713.82611
298.48697 664.14447
469.77228 533.24408
459.54657 485.33667
446.74918 487.24902
414.59320 728.07727
302.91797 721.63031
477.58615 486.59509
435.55551 831.09857
502.61768 573.47809
483.00540 549.84692
503.80890 545.30164
450.54584 598.23431
515.49829 882.63306
514.94843 853.75366
473.19507 850.15283
382.56421 771.84607
401.78903 651.57751
407.38708 804.34473
346.49237 647.46545
379.60553 674.03180
328.92841 682.66473
467.70776 877.89636
436.55850 608.13324
368.55280 793.34753
399.05234 825.44800
359.93878 738.45190
282.16022 691.44354
334.01007 746.49231
280.58447 710.50012
361.12500 697.90729
453.78885 574.56177
448.61743 653.28308
433.70319 652.70264
458.60919 639.60071
438.80130 464.56061
397.71646 450.26453
362.28442 448.21698
334.66650 453.13950
317.09833 462.87402
311.00540 497.63788
251.63623 554.85925
330.07861 530.88647
353.71704 538.99713
385.04825 540.06659
414.70383 535.24268
437.56537 528.26874
452.86224 521.68182
255.53986 551.78528
433.90588 655.73688
466.00674 585.69983
464.74051 658.81409
477.68173 669.15765
465.22003 661.18781
439.82663 660.79315
482.35022 672.57947
485.44171 675.10297
453.62183 503.63428
464.19366 509.60303
470.04477 515.13849
340.91077 490.07166
323.44397 480.09949
523.47046 576.27417
690.92700 494.41748
529.96472 670.48663
790.64313 392.68661
618.17047 516.30774
643.34155 517.33411
667.71265 516.24304
700.78174 502.78137
596.63055 512.68524
657.67432 450.67035
627.36090 453.90344
684.92212 454.89233
702.03766 464.29376
720.66034 517.50830
608.19598 857.41302
700.75452 487.83752
798.87268 501.39355
750.12292 501.70154
638.36200 619.51709
548.77069 708.60010
548.05634 730.76508
587.91663 713.88074
613.93292 718.79578
579.50861 729.68628
603.83423 729.36743
639.44659 758.53101
522.54297 663.81860
524.27246 638.60565
734.70795 449.58081
582.41083 561.98901
587.12305 642.34332
588.52722 627.16284
716.23615 609.53778
523.62445 605.27319
673.04230 425.12976
709.53168 433.30820
763.54626 351.28577
559.96387 447.50586
601.59784 465.11661
659.63403 728.98572
774.25269 728.67450
569.97748 657.53625
549.42206 665.49518
647.68127 727.56384
640.81329 729.58600
723.03632 419.47180
590.78448 648.67133
624.12177 427.83783
628.38837 409.62085
655.79779 296.84030
740.06268 383.35535
636.46564 350.54190
749.80737 439.04077
768.37085 416.07806
549.07013 720.38782
583.72296 722.25903
609.11707 724.10223
565.00269 660.63989
644.22003 728.50519
627.64062 747.70691
637.44330 730.67029
553.78021 657.35986
599.54504 732.80078
575.63159 734.36304
546.62097 736.55609
552.58978 826.25391
551.55829 805.05292
549.92236 791.72070
548.10156 780.16650
545.81152 771.78064
598.40198 756.86572
602.74530 759.55072
608.34259 764.92725
612.22607 771.90613
626.48273 699.59180
802.79675 604.99921
616.01984 746.53790
621.92065 746.38336
541.21912 674.53253
584.74194 659.76794
545.08887 670.25494
610.01428 572.96252
653.50958 585.86694
595.12445 634.96777
720.76428 318.10202
697.93433 360.52399
681.48535 407.83707
617.63684 785.28107
567.85925 416.70380
574.91583 349.19852
587.10101 287.35458
688.64563 511.64374
747.79041 532.71881
582.36627 508.59262
725.16150 475.58167
563.75671 548.50073
568.45197 639.74847
773.86865 549.13629
729.48767 549.24603
696.42853 558.77411
647.89105 557.06586
612.31757 549.19873
585.81909 540.12585
528.64355 519.78198
772.22693 598.38989
744.49060 472.94928
516.05298 674.64026
581.25043 587.34564
811.29694 493.26923
565.76251 529.25006
599.24927 633.11505
710.83557 489.56128
569.61908 620.87195
792.69336 665.81561
582.87238 500.61871
546.43152 611.23242
716.22839 790.69873
713.48102 817.87866
795.83667 604.86578
749.55621 757.07526
785.07397 454.37268
611.05438 881.78149
514.70959 677.27112
606.03137 601.69647
772.18921 504.66980
665.89539 502.24191
644.43811 503.82901
632.26514 750.06372
770.99902 648.30597
566.88245 914.58289
640.29980 877.19281
673.68872 852.33905
623.21808 503.07721
602.83105 501.61398
589.23322 501.73224
762.63428 467.30713
608.46637 481.22342
630.96503 471.82196
653.53052 469.09525
675.44501 472.24832
688.33984 478.57932
805.30188 436.97821
680.62866 498.62729
597.77148 691.22650
568.54327 656.10236
545.86829 691.70111
679.52924 825.00159
646.09155 853.29504
567.35846 901.01483
745.97174 779.58063
591.17493 493.32910
544.81433 560.39050
606.06586 899.50995
788.47144 659.77826
574.20178 765.84143
578.47888 771.62793
582.31982 780.54126
584.92236 792.32648
589.57129 809.35400
624.93384 729.01868
629.96716 726.00128
634.15271 722.97864
649.35144 711.20959
739.83221 662.31567
545.49854 532.83972
563.15576 483.56400
579.66656 485.36243
619.84015 731.48059
742.88544 720.98462
539.10596 484.45395
599.58844 831.49268
526.13422 549.52966
563.46313 597.74390
558.55542 850.41888
655.88000 771.53619
621.18463 650.20221
630.19659 804.57892
682.35986 645.47876
647.70508 672.24426
705.66016 681.09802
564.81079 878.75220
580.85645 607.25781
673.70984 794.62610
641.05859 827.09460
677.81964 737.34070
765.65186 690.63428
708.43909 746.44025
775.16394 710.67334
671.56604 695.79993
562.23328 573.93005
560.94977 652.90625
579.59021 652.31140
547.16406 639.24414
582.99274 462.06610
625.35730 445.73376
663.26514 442.26215
694.14978 447.31219
715.32111 458.31516
727.42163 496.26410
799.98444 552.63385
706.32501 527.48877
679.72278 534.90387
645.99042 535.62469
614.44006 531.45667
589.85541 525.70581
572.76782 519.49371
808.62091 548.10986
580.82178 655.18726
543.68835 585.25586
541.39087 658.49854
530.41956 668.95929
543.09155 660.96375
575.88684 660.18750
524.60974 672.35193
523.41003 674.77130
573.47089 501.92239
559.51636 507.58469
550.45813 512.25940
695.32031 483.59283
711.82874 475.53503
388.95386 490.37234
417.01865 489.62485
388.04156 466.74997
360.59204 491.00684
389.72092 514.00562
651.78101 484.84015
680.53394 484.16205
650.95630 462.76123
622.92401 485.31573
652.66302 506.98956
