515.22235 708.46619
516.08832 598.94995
514.08344 636.04089
493.81421 524.06470
516.43286 572.07556
515.99536 542.69000
513.93420 477.33044
334.77902 491.70868
513.53357 423.82446
514.31934 390.70822
519.00006 289.78198
515.11304 719.51685
515.29321 731.40729
515.92780 740.21002
515.84094 740.55133
516.05585 751.30957
516.10547 764.64301
516.39618 779.45764
513.54620 808.99097
515.12775 616.64264
491.30942 620.05261
210.43365 413.90625
402.83002 511.30753
376.55713 512.70862
351.40143 510.99664
318.13287 501.61182
425.86679 505.27649
373.92432 433.38821
401.36765 437.07019
346.34387 438.02655
326.25952 450.38770
289.07843 517.60126
406.62814 859.72156
325.69440 487.78448
194.63052 521.17755
257.16650 503.91241
381.48962 601.21234
486.01718 703.11761
490.24054 731.41095
458.18109 714.63037
440.64093 727.89056
469.57294 734.19421
453.48792 738.96930
392.26477 767.68890
494.45532 598.62012
491.79123 573.03784
282.22363 419.56732
435.17682 539.79816
431.09692 602.24176
429.09369 591.16193
299.07709 603.66174
492.97461 545.76416
351.71030 378.13135
312.65674 392.62735
245.36382 362.14279
466.77786 405.18558
425.35059 449.23041
371.63568 743.39655
205.32642 786.22760
451.25134 617.52203
472.70969 625.77740
424.27679 750.81891
430.99127 749.61725
294.93219 376.50568
429.30374 616.31921
402.41791 380.44986
398.66370 357.27252
366.11493 296.78775
269.08142 375.63806
381.62994 331.92252
262.48779 412.52219
235.60898 419.08884
487.36600 718.34821
463.71301 725.02417
446.84283 733.54022
457.21259 623.19263
427.74081 750.28357
436.96243 752.50562
434.01031 748.90698
465.55219 604.31250
458.46185 742.57233
474.24741 740.25348
493.32455 739.57025
477.47720 807.28540
486.56082 777.46661
487.83173 762.88654
490.26077 749.87939
493.36987 740.06885
458.60703 743.29834
453.62299 748.48169
447.89651 755.02637
442.87018 762.71191
400.86066 690.55414
177.03723 655.98022
514.45575 626.31927
446.70374 745.99298
442.19128 749.13129
480.48560 636.62555
437.87030 634.02948
476.86218 631.36005
406.54440 555.70319
363.60452 571.90796
424.12512 605.00110
295.37189 321.42725
315.50186 345.15985
341.31812 357.40680
413.04065 783.07239
461.22028 367.97754
445.83362 332.95755
438.00687 288.33359
330.21259 507.83447
255.41823 537.29034
441.49881 498.48715
293.53589 464.21420
454.86505 521.63116
448.91748 588.79712
224.94189 556.51660
275.10083 547.29938
311.57745 550.39862
364.76599 546.37885
403.74585 537.61346
433.88232 525.60120
489.96487 483.70612
227.95413 608.81421
268.58276 461.00360
502.51187 615.54767
436.35110 560.43463
176.70309 533.96082
456.86502 510.50342
421.25473 610.29614
309.34116 487.84125
447.67755 575.55298
184.45596 720.47461
442.21564 491.94611
470.48917 557.63257
277.42303 819.05579
271.75281 864.31812
190.53082 632.98828
241.14758 789.87299
214.29456 466.88358
395.96027 893.88477
504.62781 625.32996
412.81967 581.17407
231.08859 514.71942
358.42578 496.70935
379.47971 498.76190
431.86737 756.64661
229.66098 663.60809
447.91928 940.05756
355.90665 911.15894
316.21411 891.89325
515.86804 338.38229
510.67719 945.68457
400.92865 498.36688
421.12573 495.84082
434.57037 493.88153
245.37047 461.22229
419.39075 478.63312
397.79663 473.69669
378.69656 472.48972
358.55640 475.12534
343.75174 479.78363
188.94550 467.60223
344.69702 494.06958
514.74194 657.24841
426.98517 672.01587
451.62842 611.55731
478.80783 658.73230
513.00513 454.10107
315.73798 849.23340
354.12207 872.23553
448.12296 908.80536
236.29776 833.55322
435.03418 486.26288
473.29007 520.25995
510.54068 913.64923
398.25134 927.17773
196.15381 692.68677
474.15732 740.89111
469.14078 748.74249
464.71649 758.64069
461.45566 771.04730
441.11975 796.97839
440.96796 744.17175
434.98761 742.25287
429.58136 739.65387
381.46362 714.61591
271.95947 666.51855
473.22723 500.68451
462.40076 463.25778
446.73279 471.47659
446.65930 745.35577
262.13898 738.75604
486.80676 455.17926
423.32843 828.11237
515.31140 519.99670
491.48785 504.46317
514.64050 498.94397
454.34628 558.90051
511.83282 878.34302
512.70026 840.83472
467.21448 839.01782
360.77863 783.03265
399.53317 633.37891
389.07742 809.80725
338.02472 632.39667
374.15356 660.51721
311.80322 679.36591
455.40958 874.82349
436.74979 576.24713
331.77597 809.67212
368.75531 837.02222
339.97723 750.09723
233.89746 711.49475
299.88397 761.03223
210.39200 746.11542
351.65656 697.48077
455.70438 540.18610
457.36050 599.18030
439.62213 609.85468
469.62323 579.29962
443.24161 434.78687
402.24808 414.43732
365.91742 410.45673
333.53946 418.69659
308.29309 436.14905
286.04889 495.44885
189.04047 576.10297
304.78955 524.83936
333.09460 528.35480
369.23053 528.53113
403.52463 523.98486
430.85254 515.63306
449.91211 506.27771
175.93146 595.71814
439.69073 618.80042
473.76108 538.32001
476.62579 597.25592
490.42355 613.45898
476.87158 604.44604
446.41083 628.23932
494.91635 614.50885
496.76981 623.82318
452.04031 489.61475
464.94275 490.59607
473.98654 489.59546
334.01047 483.80396
311.53809 466.49591
536.22644 525.76508
683.37384 494.66400
536.29041 621.56213
792.46143 441.23486
615.06073 508.45999
638.69043 512.60132
662.27429 514.50183
695.63440 505.51190
595.03796 500.39215
655.11230 434.85910
627.65076 434.56384
681.09723 443.36615
697.85132 457.36981
718.75171 526.23608
611.71106 866.93842
693.56927 489.82220
802.59216 548.40063
753.50525 513.72577
640.11322 611.34711
543.97400 703.27979
539.88965 731.43243
571.84045 715.25995
589.06097 728.13519
560.66705 734.15973
576.84705 738.54749
632.48749 775.16388
536.97791 600.35767
540.14508 574.78802
740.23163 434.88202
587.17279 546.26636
593.34717 608.43536
594.76556 597.34216
717.91241 620.60333
538.29138 547.42175
680.50848 389.01819
715.16876 407.60989
766.05292 388.13132
568.39343 398.24805
603.22101 443.88550
652.51013 752.18542
782.07153 808.79919
573.29486 622.12262
552.72351 628.59552
606.52802 749.48999
599.70038 748.37988
733.18268 395.07806
593.53778 622.44934
633.33392 382.96130
639.12585 363.34570
661.44318 312.60715
743.87292 401.87692
643.52606 348.44348
759.90710 429.54425
770.97302 446.19470
542.29736 718.43066
566.15472 725.30109
583.02295 733.33069
566.92896 627.10449
602.94385 749.02777
594.21240 751.37805
596.51019 747.68073
561.63684 608.31018
572.45184 741.70496
556.72803 739.78467
537.70947 739.50183
548.31555 809.40955
545.40173 777.96741
543.38306 763.06195
540.90137 749.79340
537.79950 739.70935
572.50708 742.28241
578.08594 747.77594
583.58588 754.60229
588.38025 762.55444
623.89514 697.51996
804.87915 683.02130
584.50580 744.80762
589.11157 747.96692
545.86316 638.79669
584.22375 638.95990
549.10400 633.86426
614.46191 564.52386
656.93787 584.13245
598.59015 611.66138
724.40356 343.88266
703.16278 368.74619
692.63202 372.18137
611.51129 789.37933
577.96588 364.04565
583.55872 341.13651
596.08936 296.65585
682.90100 512.42816
746.78961 548.29218
581.98456 492.27444
725.39142 473.47107
569.04938 526.63232
577.83484 593.82697
779.78119 580.55542
724.37665 560.60181
688.13983 563.17084
639.71136 552.71130
606.38629 538.49133
581.01251 523.75543
537.21027 485.97009
778.32910 631.69391
749.02209 473.26025
527.38287 616.49774
586.42615 566.50769
810.51270 561.77460
562.09399 507.53165
600.43286 617.14984
707.07098 491.72443
578.47375 580.49719
798.78528 746.18787
582.95380 484.33594
558.51697 560.86224
729.84338 836.17261
728.26868 879.51837
803.56909 659.05469
761.18713 810.25293
787.58618 493.78711
619.27356 901.73462
523.95557 625.91125
608.98132 588.99121
779.75232 524.46777
659.07892 499.25323
638.97827 499.17728
599.27106 755.52582
776.50415 686.14050
570.85754 943.64062
654.01270 919.85809
689.65649 903.53320
619.58539 496.38000
601.28845 491.36304
589.14722 487.62933
772.06494 473.91248
605.53729 471.48639
626.61621 468.02649
646.60156 469.58215
666.05176 474.71283
678.85345 480.90881
805.90460 495.61169
673.00610 497.27551
598.46606 677.27917
573.74890 616.39990
549.87427 661.05621
694.42694 863.38269
658.15137 882.98523
570.16693 913.04663
756.93604 852.19775
590.03247 478.97290
553.65393 523.58868
616.19464 933.55969
798.01013 717.83960
556.95203 740.18060
562.31909 748.38202
566.72681 758.70148
570.50073 771.67188
583.83411 801.35754
589.41510 743.34064
595.09216 741.48029
600.50500 739.08478
643.20203 722.69232
741.49097 685.29425
552.38580 504.35297
566.26624 456.27808
580.90021 464.25494
584.10211 744.41260
747.69360 757.80377
541.89844 449.57190
597.81506 833.69910
537.01587 506.33344
571.09015 563.58472
556.08594 841.81873
659.03943 793.29425
621.52826 641.21979
631.23547 817.84070
682.60107 645.86548
647.54211 670.33960
706.47064 694.61218
565.41101 878.70392
586.56482 582.02911
683.79138 822.59680
648.26556 846.75464
679.80505 761.92133
772.14087 733.56555
715.06000 776.57886
786.58142 769.76050
670.03192 708.62030
569.07672 544.88708
569.85565 603.67383
585.21570 615.38928
560.11224 582.63574
587.95959 428.95227
629.15717 415.21985
664.20642 417.61984
693.52588 429.41986
714.59235 447.21021
727.48547 502.12872
805.94696 603.05548
702.10571 533.28375
674.64215 536.12061
641.05951 531.48682
610.72913 522.37555
587.39526 511.48038
571.20605 500.88885
807.59290 623.00250
583.91333 624.20074
554.39050 541.45471
553.21100 600.33289
538.33533 615.30420
551.93146 607.60614
576.56555 632.71667
534.48151 616.06860
531.22119 624.92267
573.68103 482.31015
559.36230 484.30167
548.92590 485.48703
686.71375 485.56854
708.59991 473.01837
384.03717 482.92441
408.97177 482.14624
383.62674 460.80142
358.36560 483.41547
384.09088 504.65149
635.13898 482.47229
660.15631 484.62024
636.91162 462.05176
610.70093 480.38287
633.45953 503.21838
