513.51666 733.85425
511.77301 668.23242
513.31177 683.61847
489.96597 580.19257
511.05942 643.40070
510.60330 607.49432
509.99405 517.04944
334.11502 491.10760
508.87738 453.78717
508.33456 420.30435
506.80621 283.19635
513.95300 740.09454
514.59845 745.24609
515.47101 748.15930
516.81445 770.37524
517.78351 781.28540
518.88690 794.45312
520.11426 808.22131
517.86688 815.46155
512.34424 678.50195
489.05997 674.43652
234.88629 388.70105
408.22507 514.16797
383.18079 515.48694
358.04364 515.00665
324.60126 499.92157
428.43646 510.74271
361.93182 452.87793
392.87982 455.56827
335.48694 456.80737
319.76709 465.03302
303.82166 515.45813
427.99780 848.79822
323.77417 484.61386
229.65002 498.65503
273.63342 497.53925
387.43890 626.59277
478.96320 729.92560
482.20383 743.78406
447.14709 733.70337
424.25027 736.82227
454.77997 743.30396
433.24380 743.27673
400.70477 762.07635
491.49948 667.28473
487.92236 642.99817
281.71692 449.58163
439.04636 565.57043
436.56158 649.34735
435.18561 634.36627
311.08020 618.08228
488.56546 609.65869
339.92816 433.50745
304.47943 437.54443
257.81699 348.50830
455.65738 459.12805
419.46909 465.45459
379.97357 737.77783
268.86835 723.94049
454.59760 663.93713
473.75027 671.49884
392.05103 740.98657
398.78189 742.47278
290.46509 420.76016
435.35217 656.53772
389.90479 439.49908
383.99554 419.72034
359.03125 295.98660
278.07581 381.51715
377.00537 351.35461
267.24084 435.33575
253.45569 412.72357
480.01941 737.91687
450.69409 738.88483
428.38956 740.11823
459.82770 667.26929
395.44159 741.70813
411.43195 754.77502
402.17188 743.32788
466.17679 661.76941
437.96097 745.58209
459.16061 746.18286
485.10681 747.07727
483.28549 814.42438
483.54950 805.30981
483.78619 791.68286
484.96378 778.44641
486.81012 768.67212
439.20862 758.20837
434.72714 761.79865
429.42712 767.77966
425.70831 774.71417
407.63214 709.46289
236.61533 599.65527
512.69873 681.32629
422.79755 751.95886
417.02661 752.89746
481.86584 680.60315
442.97473 668.17023
477.96393 676.19238
413.26569 577.79858
370.90472 592.68848
430.87296 642.56781
297.26831 316.80884
317.59473 359.77832
330.41867 413.35474
422.10959 783.36017
445.90906 428.66217
438.06934 349.78802
426.50946 285.73203
336.81555 509.64151
276.39304 531.57306
440.92172 506.80273
296.18933 473.44965
455.85327 551.34344
450.85602 645.16162
252.31207 550.99200
294.51105 551.49872
327.01855 564.07642
375.94415 561.69379
411.48608 552.36084
436.37488 543.05798
486.75046 522.51624
257.06464 602.75293
275.99710 469.65869
499.91833 677.56848
441.43692 592.32861
222.29733 488.20395
454.89844 532.87903
428.13449 641.00195
313.30167 486.40454
449.82208 626.70270
249.74319 660.84778
439.25995 497.93109
468.50208 615.98645
322.58386 788.44696
327.46344 812.23151
237.67807 603.44763
289.03369 755.51099
240.09238 451.45728
426.31058 869.74951
502.71747 680.38593
418.99951 608.00256
252.93448 498.56073
360.00647 499.30646
382.03027 500.86429
406.93713 757.33344
262.65839 652.10565
471.28223 898.88916
400.26553 866.08704
367.64923 844.12317
507.43445 350.21564
520.00287 902.69971
402.91370 499.83633
422.47916 498.24319
434.43066 498.36908
259.03867 460.94897
416.52701 477.02344
393.95309 467.99139
370.18347 466.39471
347.81665 470.39319
335.20453 476.54462
223.99332 432.62415
344.90912 495.63437
514.50208 700.08295
433.53586 700.78711
454.87836 661.85809
480.02771 699.76227
509.48300 483.01855
359.30371 819.73761
392.26056 844.51880
468.50879 887.50507
295.71552 774.93982
431.81671 489.84921
471.88983 563.95514
519.53351 890.82532
433.39719 885.60278
248.12802 658.12250
460.96295 764.23621
457.01813 771.27502
453.53452 781.24658
451.75586 793.02997
449.09903 801.87488
414.38300 743.03101
409.60730 740.97559
405.79272 738.92487
387.96884 721.50342
292.89755 668.94031
471.66394 535.38629
457.40707 485.57986
441.69379 484.90131
419.76385 744.91833
294.26129 724.10437
478.25729 490.38873
437.37610 824.89191
510.46451 576.98218
488.21576 553.04608
510.26666 548.38165
456.05627 602.54376
518.91229 870.24854
518.34937 841.62427
476.33978 840.02734
380.97656 774.58508
406.72235 658.57666
407.29254 802.82697
345.88477 653.26086
382.03467 680.65393
326.17374 688.57922
469.70020 867.65601
442.31616 613.31592
363.44257 794.08691
396.04626 822.35181
358.29102 744.31769
270.97528 693.23022
328.37286 750.11365
262.92380 708.87665
362.00919 705.62891
457.15768 577.86151
458.57214 657.64764
444.20447 658.74213
467.98718 643.81543
436.14981 466.34302
392.21762 451.36536
353.30670 447.66589
322.92999 450.83923
303.67816 459.40668
296.21039 492.39755
230.54120 550.67590
318.38202 527.29907
344.72876 536.40051
379.18652 536.69415
410.85468 531.64453
434.04700 525.71741
449.74326 520.18872
228.28091 542.79041
444.40494 662.41138
471.79282 589.42102
474.76520 662.30835
487.40112 672.25195
475.02402 664.56287
450.42065 667.83331
492.18619 675.52454
494.82700 678.34363
448.16937 500.87326
461.57791 509.06085
468.72913 516.33990
328.51154 481.14963
310.83881 474.23010
531.63580 579.52753
686.44153 495.01508
536.52747 673.20422
785.62909 381.93652
613.42242 515.72986
639.39392 517.26117
664.56506 516.13580
697.34064 502.62347
591.33972 511.07306
656.88440 451.01404
625.09796 452.67175
684.29285 456.20163
700.80316 465.56647
720.02979 515.44122
609.90234 845.70465
696.53735 488.83798
798.52631 491.74045
749.67603 496.97046
641.61926 622.65814
547.38074 728.04224
546.58435 741.92224
579.56763 730.28955
602.23059 732.26770
573.61700 740.01697
594.79053 738.96619
635.62305 757.05054
532.31030 666.46082
534.78198 642.09961
737.46448 448.56967
586.35571 563.32349
590.09003 646.84180
591.44873 631.78510
719.63531 612.22986
533.10999 608.76532
676.77319 428.52380
713.15259 434.87369
759.62457 342.48413
561.35712 449.26379
597.86017 462.58945
655.97125 732.05261
772.79926 716.97198
572.22754 661.90222
553.19165 669.90521
634.11993 734.73834
627.46820 736.56085
726.58557 418.38605
592.01611 653.94586
626.97180 431.06665
631.53375 411.75122
655.78357 292.56699
739.78375 376.90405
638.82147 348.60635
752.17694 434.41391
767.41907 407.67355
547.36572 736.02747
576.71539 735.54773
598.85260 735.59363
567.17249 665.38477
630.77960 735.63257
617.61340 749.42218
624.10852 737.56689
559.36487 659.96106
591.00439 741.33759
570.33112 742.84656
545.30048 745.26172
552.77460 813.19116
555.78040 803.84363
552.93872 789.98865
549.57678 776.69739
546.18610 766.92828
591.18695 754.12738
596.49927 757.59094
602.88135 763.44318
607.82556 770.39923
625.04871 705.35754
799.36621 591.94122
605.82526 747.23975
611.78326 747.79803
545.47131 679.39795
585.36304 665.79639
549.08929 674.83105
613.21283 574.77502
657.25958 588.55627
596.58795 639.85980
718.55737 311.83298
698.51331 356.20609
685.29736 408.89868
614.10724 779.48090
569.69360 417.78607
577.49158 348.15393
587.81458 283.79080
685.33215 511.46588
748.06360 529.60181
576.97235 506.36646
724.84198 474.38416
568.42834 549.66449
574.54889 643.11707
776.88147 544.29633
731.43152 548.56665
699.46790 559.88263
649.70111 558.69647
612.64349 550.32629
586.00195 541.02472
534.15759 521.80670
775.13641 595.97949
745.58484 469.49200
524.96155 676.95929
584.59583 590.04016
806.18689 480.17938
566.13672 530.33960
599.70544 638.16876
707.92731 489.45901
575.33856 624.61865
789.79395 653.58148
576.67462 497.63602
554.80615 614.43506
717.03400 782.56000
713.35992 805.59485
796.75531 596.50073
750.68335 749.18982
784.15161 445.28891
612.57056 866.61719
522.74707 679.89398
608.31146 605.01093
771.20862 497.81851
661.00000 502.54715
639.19543 503.95288
622.51080 751.81445
772.34424 645.43359
568.26996 896.66907
639.46417 860.92517
672.81342 838.16895
617.51831 502.38171
596.31256 499.67108
582.72821 498.90616
763.15845 460.36877
601.07062 477.46918
624.58569 469.44183
648.61780 468.85608
670.98175 473.66394
684.08691 480.33234
799.98535 424.99719
675.82147 499.09476
597.97296 697.61090
571.58118 659.88318
549.90271 698.55396
680.01703 814.70648
646.90778 840.44812
570.31866 885.74902
745.95648 767.97864
584.37567 489.81683
551.18378 562.73859
605.97314 881.63403
789.15210 651.51965
570.77466 761.12024
576.19403 768.12396
581.47565 778.10443
585.75671 790.10382
586.96057 799.00873
612.58026 737.79462
616.81195 735.49835
620.14722 733.42316
646.28186 716.35388
741.49677 662.60278
550.80438 534.31927
560.38318 481.80893
574.89526 482.58459
607.90594 739.96783
742.82532 717.52472
540.18420 484.67163
599.75012 821.91296
533.19806 552.29700
568.85205 600.84564
560.55341 838.53571
655.51556 769.52710
622.56482 654.79279
629.69641 798.61688
685.60712 648.16266
649.58215 676.15735
707.84918 682.83582
568.04895 866.06262
583.94128 610.94781
674.25299 788.76947
641.94147 818.15332
677.53973 738.64844
765.83130 686.53534
708.55939 743.98083
776.28473 702.40063
671.91565 700.33356
567.29590 576.18750
566.87628 655.71790
582.48236 656.49762
555.85077 642.21033
580.90259 460.89633
625.42218 446.35361
664.84009 444.28302
695.94971 449.14496
716.13361 459.12683
725.87671 493.58792
800.58459 543.54938
705.94849 526.87195
679.88538 534.84979
644.91296 535.92010
612.09839 531.28876
587.16388 524.88678
570.23627 518.56970
804.10498 534.64673
582.60602 660.07434
551.09229 588.12976
549.54572 660.79462
537.74457 671.15613
549.94946 663.11664
577.21313 665.62958
532.80878 674.56207
530.69458 677.40417
568.33081 499.53442
557.04230 506.57938
550.73730 513.11194
691.28076 485.13922
710.11389 475.97461
381.50055 483.08734
413.45206 482.50970
380.86166 456.91922
349.66238 483.69360
382.00031 509.31229
640.64240 482.40482
672.20715 482.70782
640.60205 455.88455
608.67969 481.76410
640.60144 508.92419
