512.10095 745.64441
515.77087 668.02173
513.00354 688.05194
495.63565 569.28003
516.48914 639.61658
516.63434 599.67407
516.24982 501.38715
343.19138 490.91092
516.09711 439.36566
516.40515 404.02161
516.84448 257.28140
511.91321 754.64148
511.28653 763.76465
510.77887 769.67908
510.57291 769.45764
510.29456 781.75812
509.53937 796.62109
508.53287 811.65167
507.40302 843.10260
514.85553 680.43616
488.12823 676.28571
248.39969 374.88962
413.22095 515.86255
388.53668 518.14111
364.68146 516.18988
334.25574 498.94916
433.75900 509.85992
372.45126 438.31818
401.89462 441.34415
346.62399 443.83640
331.14038 454.57886
314.51410 513.77362
416.21588 883.57239
334.88934 481.78732
238.35754 494.66107
285.78638 493.36646
390.04324 626.03320
480.53622 738.67249
483.55609 761.66321
450.59412 745.67859
431.42328 753.08722
460.17078 761.13092
442.31656 762.17664
393.72491 790.27454
494.41550 666.55664
492.21872 638.98651
295.33676 433.82947
441.57147 557.14893
432.79712 648.56616
432.11246 631.96960
317.38300 618.79065
493.91193 601.95538
350.60046 409.38452
317.18954 416.97925
272.30695 328.91605
461.13666 434.97385
427.25305 453.66138
374.64062 764.60315
256.97406 748.83844
450.08972 664.86212
470.31335 673.74646
408.73279 765.13422
414.95206 765.32269
303.06714 399.37842
430.25177 658.29541
397.64114 413.32263
392.52753 392.32578
373.66229 269.45343
290.82910 362.95905
389.00558 328.19351
280.50592 420.00128
265.44269 398.79340
481.49973 751.41132
455.44363 754.07764
436.74326 757.80798
455.39664 669.25769
411.93881 765.28656
422.75104 771.31085
418.26352 765.38837
464.32623 660.60999
446.56506 765.18805
464.15768 765.67603
485.78088 767.63300
474.62549 841.75641
477.02887 809.03143
479.35791 793.81299
482.41290 779.01062
485.70584 767.48608
446.59601 765.19434
441.14969 770.81482
435.12250 778.29254
430.07123 786.72430
404.96951 725.07983
233.98920 611.07623
513.95660 684.53705
433.68445 765.34247
428.33524 768.09131
478.96960 684.46375
438.22348 672.95312
474.79721 679.26056
415.60638 571.74426
375.66949 589.15228
426.81689 642.41034
312.19360 292.52167
330.29483 338.15112
341.28131 388.40338
414.97995 810.40363
451.96973 400.66919
448.99066 326.43228
439.62531 258.85223
345.06091 510.27289
289.07376 530.26904
446.91379 504.14636
308.73352 465.07388
459.44955 540.61884
449.78604 642.29260
258.78278 548.55243
305.95288 550.71124
337.22534 562.28802
383.92181 559.51440
417.84711 549.51221
442.64832 538.31018
492.76062 507.53888
261.62073 605.78821
288.78909 460.31628
501.59271 679.10223
442.39276 586.02191
230.63290 487.68018
461.47345 525.99774
424.56488 641.69025
324.56506 482.70618
449.47461 622.15057
241.32629 678.33533
446.44846 495.09982
471.69357 609.49176
309.92230 818.26862
310.78226 848.46698
238.55789 610.80786
280.03131 780.31067
251.12866 441.76605
410.50854 910.29169
503.19705 683.20862
419.41071 604.68726
265.69949 495.07196
366.47668 502.42664
387.68765 504.67615
417.71298 775.07782
264.32678 661.22882
454.81842 944.40393
380.30038 910.56543
347.97464 885.57489
516.66693 327.49084
505.67761 948.11542
408.61023 502.60617
428.13492 498.58765
440.63455 496.90158
271.15894 452.36716
422.93256 470.92203
401.02112 460.54099
378.90781 458.65851
358.02313 463.47928
346.02051 471.01401
236.10489 424.67908
352.44373 497.16602
512.15393 708.70068
430.03528 712.28925
450.89697 661.64807
476.91864 708.24091
515.95197 468.39532
343.04651 855.04718
375.18719 883.59064
454.46594 928.25427
281.67551 805.88617
438.92300 485.69675
476.42111 552.34723
506.44333 931.31555
414.94861 931.26971
245.08978 671.69507
464.20129 765.65283
458.89297 774.82312
454.15067 786.42218
450.41293 800.14764
441.30560 828.63824
428.45123 763.61334
422.86603 761.60693
418.20132 759.23047
384.82709 742.77765
295.75031 677.37592
476.60605 522.19189
463.36276 475.07016
448.63000 477.21100
433.88623 765.33557
290.59790 742.30206
484.39676 475.46094
428.18463 855.37134
516.54382 565.66156
493.96426 539.52240
516.39850 534.23792
457.73135 595.84314
507.01370 905.07373
507.28360 872.06207
466.90710 870.52734
371.57434 802.99103
404.27582 662.58960
397.51477 832.88300
349.98987 656.95624
381.56372 689.16998
327.08774 699.39380
458.57516 902.67114
441.42810 608.87415
351.06079 824.34766
383.20703 855.83887
351.62735 769.01758
269.21313 708.16296
321.18268 772.97516
256.54602 728.21265
360.32489 721.96893
459.96512 568.76605
457.09915 655.89160
440.08685 658.73877
469.76361 640.03882
442.88412 450.83203
400.83389 432.70288
364.03534 429.46954
335.03876 434.99640
316.45795 446.62976
308.02042 488.00122
235.31201 552.09900
328.31476 526.34528
353.14349 535.47766
385.70477 536.49091
416.23767 530.88281
439.53427 522.90894
455.56406 515.39746
231.17105 548.45044
439.45471 664.18042
476.16754 580.22705
475.58374 660.77808
487.44217 673.23761
474.62592 663.87280
445.71497 671.25037
493.11325 676.69684
494.44281 680.81226
455.01901 496.41589
467.74921 501.99213
475.30804 506.99948
339.66760 476.77051
322.59021 466.70590
536.97058 569.25922
685.98541 488.09424
539.16669 676.17572
767.70654 375.53528
615.25073 513.59351
640.04803 515.86328
663.60028 514.15466
693.49384 495.88535
594.44623 507.46902
656.29504 435.90021
626.13843 438.95691
682.50281 440.77094
697.76965 451.08441
711.33411 511.24710
596.74512 882.90082
694.15686 478.49182
776.28271 495.06927
736.85950 488.88940
633.38098 626.97144
544.09454 739.32312
539.28705 762.35242
574.08734 746.54510
592.66241 754.40784
562.99054 762.27545
581.00067 763.61609
619.52686 791.13770
536.64935 666.65198
540.33252 639.01178
731.37793 427.70404
584.57031 557.25403
593.94836 649.28998
594.63770 632.69818
703.34778 619.94495
538.76105 601.88629
680.09381 405.33401
711.84473 411.83499
749.32788 329.43750
569.99139 430.72134
600.30115 451.32523
639.80896 765.91962
744.64252 748.75964
575.55469 665.41754
555.38037 674.24677
615.35541 767.63837
609.03302 767.62952
723.85712 393.17935
594.69641 659.16357
634.28589 409.30066
638.83429 388.06952
656.62408 269.94519
735.23285 361.27921
642.26855 326.87549
743.40479 413.06873
755.87726 397.96875
542.48029 752.12305
568.61938 755.20099
587.12543 759.18201
569.64746 669.80194
612.10626 767.70184
600.07965 773.26019
605.68976 767.55585
563.61713 660.85797
576.12579 766.50848
558.08740 766.74481
536.24707 768.24219
540.27100 842.08521
540.32434 809.50836
539.80072 794.28210
538.24042 779.50092
535.75800 768.11871
575.59192 766.58417
580.80121 772.22632
586.21753 779.65826
590.45331 788.01727
614.28076 726.59692
768.76434 611.91071
589.12018 767.08661
594.63568 769.98730
546.60773 685.11853
585.20197 673.91595
550.88226 679.91168
608.86768 572.24249
647.88483 590.04041
598.51691 643.35498
714.35522 293.03738
699.16565 336.22528
688.40680 383.62738
598.69025 810.82440
578.50403 396.40805
583.53497 325.96936
592.91351 259.22787
682.92249 507.91559
735.13910 528.08124
581.03815 501.82031
718.13501 460.20773
568.51263 540.41565
579.04865 642.73029
759.05890 549.14948
720.78528 549.77319
691.70135 562.12299
646.07233 559.19330
612.17963 548.68604
587.47607 537.56262
538.94025 507.34369
754.92041 606.85303
735.50317 454.71780
527.91522 679.06818
583.85565 586.40503
777.38867 488.65012
569.09625 525.51727
599.21313 642.74689
703.07513 479.01807
579.24042 622.49164
760.15375 678.82941
580.54279 492.38757
559.36279 609.55414
699.93567 817.47736
695.47876 846.34039
772.27136 611.32635
728.84979 780.08221
766.15686 441.82050
600.99548 909.03052
524.57367 683.21313
604.88916 605.47296
754.19055 490.33804
662.54895 500.43646
641.10333 502.61551
604.97845 777.08270
749.81732 662.30078
556.37360 943.48846
628.63232 907.77527
660.10913 882.79572
619.84949 500.24518
599.57330 495.94684
586.58289 494.27155
749.54132 445.87439
603.70618 469.11893
626.05408 459.47961
649.36230 457.99121
670.97803 462.43494
683.14038 469.18054
775.64136 425.47803
676.69904 494.83148
591.58575 713.60352
575.46179 662.23206
547.42542 708.94354
667.00153 853.82617
635.22784 881.99683
558.28528 927.73779
722.43542 804.69434
587.80731 483.31757
554.16528 552.31183
595.32861 929.12610
763.37183 672.21277
557.58118 766.70520
562.12805 775.78339
565.86957 787.31909
568.26093 800.96002
572.93542 828.78534
595.44727 765.29669
601.15765 763.41699
606.17236 761.06335
631.88867 744.38971
721.09436 678.52173
553.19403 522.05035
565.50763 472.64960
578.99060 474.84784
589.56354 766.86896
722.25018 742.84125
546.52606 473.93646
585.44885 855.05334
538.27600 539.38696
570.69177 596.20935
547.56476 870.47473
641.57782 803.38824
617.67926 663.64899
615.38141 832.67523
671.29639 658.00061
638.95227 690.39508
690.89038 700.47754
555.41687 902.49475
584.79907 609.45874
661.16870 823.87518
629.01318 855.01538
662.89587 770.06506
743.17444 708.90723
692.23590 773.31683
751.31714 728.46338
657.49139 723.40552
568.26465 568.95172
571.32343 656.17847
586.41736 659.45844
561.03400 640.19800
586.32275 447.49564
628.93182 429.61002
666.08472 426.46222
694.58209 431.19437
712.01855 442.02734
717.37793 483.91266
777.32843 552.59058
699.17273 524.62946
675.25085 534.14789
643.19049 534.95007
612.63177 528.97791
589.32788 521.11084
573.41418 513.73962
773.66992 549.53693
585.69409 664.87427
554.66235 580.27606
554.21118 660.82080
540.91760 673.13574
553.91492 663.99249
578.62042 671.91150
535.97565 676.62274
532.83630 680.68890
572.75525 494.12115
561.23700 500.39258
555.08435 506.44153
689.55780 474.23596
705.71399 462.67960
388.73529 478.91238
411.63931 478.78589
388.46616 455.84613
365.24152 478.93732
388.75027 502.17383
636.33289 476.83896
662.27936 476.68155
635.78894 454.35657
610.53882 477.05493
637.22168 499.65149
