512.57031 721.32190
520.15582 658.49579
517.82996 670.64612
497.69641 578.06232
520.31268 637.06055
519.32074 604.25696
515.58929 517.12079
334.96817 494.04333
514.67279 443.85455
515.09131 408.36371
514.62634 268.29562
512.79242 727.41394
512.84528 733.07349
512.95654 736.94684
513.09937 740.64856
513.26263 752.35901
513.23303 765.36249
513.17029 776.81635
514.26178 780.72241
519.46881 666.61859
497.62750 662.32227
221.06906 364.20056
409.04456 523.41425
382.82520 525.56750
357.86127 521.43445
325.32635 498.19656
430.79883 516.28400
367.48926 437.61475
397.90625 440.87393
340.60065 443.24884
323.74017 454.11728
303.88354 510.66501
432.46790 804.26343
325.68646 482.10681
219.67871 474.41931
271.56830 485.96451
391.82074 615.43903
488.72012 715.70886
492.04086 730.21014
469.00974 717.45239
456.09106 718.29285
475.83014 727.44855
463.66922 724.92078
411.89075 736.93256
501.43063 657.32611
498.32593 636.44836
286.07489 429.71387
440.67493 558.66077
447.25647 638.52185
444.87692 624.50916
311.76129 606.43109
497.92322 605.72150
346.59232 407.36795
311.37213 414.61203
245.07645 325.60260
459.89392 430.55957
424.29498 454.70850
392.69980 718.78284
256.54462 682.33441
465.08328 651.72119
483.53528 659.22638
437.25568 718.19714
442.71451 719.85437
295.04578 396.04700
446.50076 644.52386
394.73932 409.27188
389.79575 389.57068
355.69965 277.27917
268.27219 359.20959
374.36966 334.42343
268.03839 413.02762
242.89438 389.42859
490.04727 723.86804
472.34982 722.70166
459.57199 721.59015
470.14603 654.81323
440.15933 719.12280
448.18643 727.52026
445.37463 720.57794
475.65781 650.42615
466.83328 727.58295
478.94168 730.99890
494.19772 734.46857
484.43723 779.38708
486.83734 773.01434
488.23456 761.65662
490.83621 748.76672
494.00214 737.88165
466.60089 728.16016
461.56082 732.51953
456.45160 737.87451
452.08963 743.36383
419.58200 694.08154
225.43350 564.77808
518.74237 668.82623
457.51752 724.32495
452.76819 725.90143
490.59842 667.73358
453.08615 655.03821
487.31989 663.64355
414.71069 569.67114
372.30493 583.78333
440.96698 631.49231
287.79822 295.82129
309.69580 339.04010
335.89810 386.94241
430.50653 753.96216
451.93613 396.87036
440.45697 337.10657
428.98920 269.20819
336.96375 512.32135
275.54346 524.59497
444.62585 509.92834
299.15051 462.54187
458.04431 546.14233
460.50793 635.69617
246.91606 533.65094
295.56836 546.80200
330.04959 560.76093
378.86115 560.93939
414.21356 553.13983
439.77319 543.70007
491.89456 521.39679
252.72485 585.60205
276.96573 454.15646
508.16425 665.78833
445.66742 584.23523
210.59000 457.86456
459.19482 533.26373
437.48956 629.23608
314.67834 480.78372
458.54742 618.35651
236.76888 622.76074
443.96042 500.52661
477.42624 610.25452
321.18158 751.16980
322.26001 765.35449
228.36490 577.65582
283.43701 720.75269
229.71368 428.00354
429.86215 818.63232
509.96344 667.84253
423.81403 598.13568
247.38026 484.57196
360.37366 510.99271
382.73193 514.87024
443.89777 729.29816
258.47272 631.42615
469.17947 840.87573
401.71912 810.67175
367.15613 792.36340
514.87860 339.09619
511.79620 844.70813
404.63617 512.23944
425.35510 506.50900
438.31567 503.17343
255.44635 442.21527
420.15564 472.77515
396.68274 461.10211
373.01321 459.45380
351.18570 464.13882
338.35004 471.49573
210.80331 405.84045
345.35825 503.04471
517.47852 685.79083
444.02557 685.91711
465.11310 649.98187
487.44128 685.49969
514.42932 478.23373
361.37015 777.14703
395.55075 797.20221
468.58554 834.90466
285.84778 730.74072
436.62579 490.29437
477.13718 560.40631
513.58600 838.16724
434.62646 828.22009
237.92528 629.28387
478.66299 733.18689
473.68167 741.02478
469.35138 750.39325
466.23615 760.52649
454.60916 768.95551
453.90250 722.43048
449.83563 720.29407
446.32220 718.19592
401.22787 705.01428
292.77954 651.18127
475.07022 532.22919
460.55109 478.95190
445.67712 481.24734
457.79666 724.61951
293.58826 697.84686
483.84695 480.81985
441.48682 786.86743
518.04065 575.60181
494.76028 551.84637
516.83325 548.29919
461.85107 595.51648
514.29761 823.99542
514.33575 802.07397
477.43408 800.15710
388.22021 746.67517
415.42743 644.87604
413.23834 768.54932
350.01575 640.24133
389.91205 665.78650
330.16415 671.75208
471.09390 821.21753
448.75809 604.22601
368.10876 759.79858
400.66232 782.34308
366.05200 722.61731
267.00122 668.23340
331.52090 723.82239
253.38637 676.54211
370.88458 689.66711
461.53683 571.85510
468.42270 646.87561
454.87552 647.07153
478.40018 635.76489
439.77359 450.23114
397.00699 431.14828
359.83051 428.62268
329.93530 434.52036
309.76804 445.43301
296.67621 483.74252
221.61932 526.10645
319.31711 524.75177
345.96231 536.76135
380.12115 540.42645
411.91260 535.98212
435.97202 528.16895
452.28098 521.22876
217.82117 509.92200
455.38025 650.14258
478.54980 585.08893
485.26471 652.09705
496.28070 660.58148
484.67099 653.45190
460.86090 655.04803
500.92474 663.82172
502.91431 665.98840
452.57761 501.83768
464.68784 508.14850
473.57043 514.95703
331.24777 477.05115
313.99188 465.64597
537.62714 577.76959
691.88293 499.44705
539.29504 661.53607
777.91357 362.64371
619.60632 525.59106
644.84576 527.27856
668.53137 523.33405
699.03271 502.86740
598.66650 518.84229
659.29633 439.35022
628.65192 443.20099
686.63385 444.70630
703.32373 456.24188
716.56622 513.02332
591.63098 800.87646
700.25708 487.86450
781.02087 472.14911
742.36932 486.91550
634.48505 612.96411
537.03888 715.64954
534.56000 730.34961
558.39520 717.45813
572.29260 718.27356
552.13470 727.61969
565.30310 724.88123
611.09943 732.69092
538.27844 656.81384
541.48254 635.90552
735.09863 428.02448
585.54382 557.61804
586.02332 636.66351
586.91113 622.81299
709.31897 602.64777
539.91101 605.18213
681.22137 406.20828
713.58710 412.39938
760.57703 325.08145
572.16534 430.54614
602.85913 457.53546
629.93774 713.99042
742.66614 675.70862
568.66571 650.16510
551.16821 658.07263
593.02277 717.60107
587.39612 719.41571
726.35791 393.89221
585.42438 642.52814
636.55206 409.01282
640.37378 389.70392
667.04907 277.80765
743.79358 360.31985
650.87122 336.06906
749.21448 411.74390
763.88269 389.52795
536.32056 723.90668
555.57593 722.80322
569.27014 721.51941
563.48090 653.30371
590.04492 718.60400
581.87531 726.85022
584.77148 720.11035
560.75592 649.11157
562.10266 727.35187
548.90796 730.99799
532.64435 734.48645
542.78717 778.41412
540.34485 772.59888
538.99060 761.23022
536.21661 748.42572
533.11511 737.75610
562.53613 727.75580
567.70093 731.81171
573.09497 736.98743
577.49377 742.28296
607.54163 690.86658
768.45935 560.10608
572.30096 723.94818
577.11169 725.41016
544.26746 667.02002
578.34436 653.15057
547.49756 662.77698
610.41077 568.10803
651.93890 581.35559
589.63599 629.63531
726.44525 296.05566
708.46045 341.17493
690.01270 385.97650
593.72937 750.59998
579.86572 398.03580
588.36066 337.77649
598.81171 269.38455
688.21204 515.76019
739.78516 524.92041
585.07404 512.58350
723.04578 464.03815
569.29675 545.40729
574.92358 634.27930
763.16248 530.47614
725.76477 547.00024
696.46790 559.98798
650.13202 559.87061
615.52307 552.49481
590.50531 543.60211
538.28033 521.25824
759.68079 581.49243
740.77930 454.74969
530.49469 665.33539
582.30505 583.08893
782.12885 454.74750
571.76721 533.44543
591.28223 627.30859
709.23419 485.70282
575.13733 617.06519
759.52625 617.07532
584.30994 503.31165
558.51862 609.27643
691.76624 744.82104
686.45404 758.63116
774.71289 573.26263
725.41418 714.24915
773.67059 426.95480
592.72546 815.09705
527.45825 667.54565
603.02942 596.42529
761.31165 483.73297
667.62018 514.48773
645.92047 517.83191
586.34521 728.41711
753.84045 626.56543
552.69232 838.70532
614.93298 805.62994
646.44275 786.38513
624.40649 515.56732
603.71832 510.11469
590.59375 506.56900
757.36609 442.59790
606.02856 475.89603
628.59045 464.00818
652.91882 462.29150
675.66412 467.52979
688.54834 475.82150
784.61682 403.47125
682.13690 507.70328
586.38647 683.52777
569.37677 648.47986
546.97614 684.61584
654.70190 771.53094
623.74634 792.43384
556.59076 832.86920
717.84723 723.86963
590.76416 493.15326
554.19214 559.88043
585.05255 824.38037
766.06476 623.97571
549.60431 732.92859
554.71533 740.51935
559.19519 749.68304
562.46228 759.61292
571.08929 766.54413
575.88019 722.07556
579.93744 719.93414
583.39075 717.81018
623.21783 700.87122
725.35266 646.35431
553.56519 531.97852
569.18414 480.71686
582.65979 483.85254
572.14343 724.14795
720.60559 692.06354
547.48468 480.92078
583.35614 783.86316
538.12775 551.53644
569.47748 594.63965
549.59930 798.58228
633.02643 742.01147
611.76746 642.14728
609.54065 764.49268
674.49915 636.62927
635.79144 662.47229
691.58612 667.18652
555.58063 819.35822
580.70490 602.93787
650.97430 754.53345
620.94727 777.84650
655.03802 717.73743
744.47229 662.66931
686.44788 718.25952
751.93402 670.49622
652.62628 685.48926
567.91266 571.06299
568.00458 645.47235
579.17108 645.34637
559.41034 634.66156
589.68530 451.78473
631.62354 432.42865
668.52185 429.38446
697.32928 434.62042
715.70935 445.99432
723.17639 486.93631
779.81885 522.80365
704.51599 526.69989
680.09094 537.22766
647.66394 540.67468
616.80603 536.74377
593.47449 529.33667
577.60718 522.36377
774.47137 506.05646
577.53723 648.29321
554.95526 584.40485
553.09961 650.99194
541.31854 659.71655
552.68762 652.41498
571.83929 653.27374
537.31042 663.09985
534.11963 665.31989
576.58984 504.31134
565.14752 509.56000
557.43555 515.69391
695.39319 482.16849
711.49054 468.73935
377.57568 483.23788
409.37183 482.60712
377.59814 450.16403
345.27216 483.86636
377.38519 516.31543
634.59882 485.61072
669.64423 486.02301
635.64099 453.15173
599.69080 484.99323
633.57898 518.05676
