515.32965 699.82117
503.36005 623.07782
507.60739 641.10852
484.95502 554.37122
502.40808 602.60571
502.71121 574.67883
505.22406 504.70160
343.36615 497.74002
504.80502 445.01224
503.89740 414.93741
504.05484 305.69247
515.62976 706.03711
516.35083 711.86572
517.49475 715.87866
516.95490 716.84485
517.14551 725.81757
517.41504 736.35388
518.17841 746.69147
519.05042 764.91278
504.73087 632.63171
487.24292 631.47589
271.14694 403.23071
413.21579 520.40564
390.03546 523.19891
367.66733 521.06921
337.62384 502.50922
431.58521 514.03455
369.79755 443.89246
398.67352 447.45972
344.80594 448.89124
330.35583 459.44278
324.05750 514.78760
443.84521 791.53180
335.39410 486.92722
270.54031 496.81403
299.27316 494.09851
401.73862 603.48322
493.07858 695.83521
497.05640 710.74298
474.05206 700.98395
461.35245 705.77734
481.48587 710.82477
469.21216 711.41553
426.66837 729.39722
485.93686 622.45233
481.90320 603.03510
299.64694 439.04163
443.35397 550.43585
442.95441 616.23389
441.63983 605.25916
337.31189 601.09912
482.89404 576.99286
345.26825 418.84167
316.29565 424.63528
285.42181 366.42261
449.09958 439.40063
423.56711 460.18750
409.88303 711.33575
317.84766 684.07819
460.18900 627.11755
476.58759 633.00940
444.59924 712.51929
449.10324 712.79919
303.87567 409.16669
444.34595 624.79022
387.53607 421.41638
381.81403 403.78293
368.05658 317.99069
297.53534 388.09964
380.56604 360.98291
287.51221 426.27905
281.26199 417.28842
494.48105 704.25677
477.54459 706.27112
464.87286 708.65332
465.68524 630.64850
446.91412 712.69452
454.69202 716.83301
451.55212 712.94586
466.44244 620.66071
472.88202 713.45520
485.00598 713.82837
499.72955 714.66931
491.97696 763.35681
494.34195 744.33661
494.65317 734.07825
496.27631 723.87555
498.86639 715.53339
472.02075 713.50598
467.71793 717.05927
463.38889 721.75867
460.11679 727.15118
427.89401 677.50098
286.63013 583.06500
506.02655 636.51520
462.94043 713.13135
458.70169 714.87653
482.80814 640.78894
453.09009 636.25372
479.82764 637.00256
420.86499 562.73596
384.85919 577.26776
439.76770 614.01825
315.44757 337.38416
328.47638 368.13776
335.76050 401.08118
443.43304 742.65405
438.46576 409.76733
437.33209 360.74588
429.21619 308.55188
348.48706 514.53552
303.90277 529.08301
443.08887 508.27374
312.95602 468.81955
457.68542 536.80359
452.44714 608.84735
285.56165 542.39734
318.84705 547.98938
347.17151 558.60864
389.78851 555.78815
420.67194 546.97888
442.65387 537.47131
484.21844 509.83630
293.36780 587.90576
297.46594 463.49738
494.44995 631.98560
446.88577 571.67303
269.89420 490.81357
458.65625 527.18341
438.96472 614.62305
326.79407 486.45499
451.95709 595.48022
299.55365 632.58630
443.13284 499.86630
466.17984 583.90643
357.88971 740.34222
364.12317 757.14417
282.32877 585.80267
332.29053 711.53516
275.00327 454.22302
441.87372 809.06024
497.94888 635.84174
428.39062 586.92169
283.85242 495.03415
366.74158 511.26913
387.65472 513.17053
451.24020 719.31287
303.61929 628.41754
481.38104 836.91260
421.21405 804.29150
395.23346 784.65875
503.59381 360.67053
525.05371 842.38708
407.72293 510.16083
425.90125 505.17282
437.63254 502.34912
283.95270 455.60043
421.35852 475.71454
399.90994 465.02621
377.43506 463.04834
356.59796 467.69443
345.08914 475.38113
266.58850 442.68408
352.59595 505.33688
509.37256 657.58502
446.20535 666.00317
459.02002 623.78961
482.26422 659.18140
505.75812 474.61710
386.18695 766.68140
413.42554 787.21869
477.79709 825.55145
339.68610 725.85089
436.24533 490.72754
470.59824 543.72137
523.16498 830.91406
448.68378 822.82312
294.91602 630.59491
484.02524 714.28320
479.75241 720.39008
476.50769 728.03290
474.64514 737.02271
465.05969 754.72552
459.30566 712.03204
455.12772 710.73889
451.87943 709.27185
415.41489 693.38501
328.98608 643.11017
471.04800 521.67749
456.44690 480.89252
443.83194 483.14398
463.48810 713.26440
334.73267 688.39655
476.03378 480.47968
453.37173 772.84436
503.62671 551.16071
484.36682 533.42303
504.43723 529.04492
457.66840 576.85321
521.51672 812.41864
520.23346 787.82971
485.52997 784.81531
405.26361 736.42651
421.07538 630.76544
427.48792 756.97272
369.55801 628.01837
402.04749 651.32764
356.76877 660.01953
479.06299 807.83655
447.85944 588.43359
388.73901 748.91614
416.63373 770.89319
386.58008 712.54333
314.32239 661.78668
361.23102 712.84753
309.77271 672.00385
389.45123 677.92194
459.05988 557.27710
459.41748 617.56281
449.84387 622.66327
465.65921 604.83484
435.04199 456.39825
394.31091 439.03796
359.29086 436.23203
332.93246 441.23511
317.24460 451.95477
315.55728 490.26941
273.36798 541.28473
336.03510 526.67126
359.63177 535.68536
389.62802 536.95880
417.56039 531.83197
438.25049 524.41907
452.17212 517.76654
277.75702 536.57263
451.83221 627.85736
469.68066 563.40674
472.30899 619.03503
484.81952 628.27148
473.75891 621.74316
458.62714 633.56738
488.21179 630.51752
491.76193 634.51825
450.33859 500.93036
462.35605 505.94800
469.84491 510.56573
339.40302 481.35867
323.56662 471.13171
523.70746 553.86499
690.42645 497.40472
525.55377 631.05048
775.48676 396.43851
614.36926 521.79547
640.15680 523.44550
664.53931 520.52783
697.68884 501.82736
592.99683 516.07373
657.52386 444.88568
625.93231 449.25778
685.71649 448.86499
702.72437 458.78922
713.37646 513.49091
602.58441 792.87823
699.45496 486.99246
780.75378 491.49310
740.18280 491.90216
625.75751 601.12244
538.22278 695.74121
537.20135 710.74506
560.73676 701.31781
576.75348 706.13470
555.29639 711.11890
570.17761 711.90216
615.21698 728.85211
521.59314 622.14380
524.11725 602.55914
735.37079 434.70825
579.11780 548.63318
574.62378 615.19946
577.23413 603.93256
697.61932 597.55457
523.73242 576.41583
680.66034 415.18634
714.20184 420.11548
750.85437 359.89917
567.46143 441.02686
599.16998 462.61047
630.58960 710.07440
751.83228 683.23120
557.38995 626.49292
540.24750 632.36737
599.40820 712.71844
594.57330 713.15930
727.25006 403.90405
575.54120 623.82397
633.89014 420.10205
638.43494 402.24838
648.07074 313.61465
731.21686 383.24646
632.38928 357.55957
749.04272 421.77802
756.58447 412.52109
537.99451 704.16040
558.06879 706.53271
573.68451 708.97119
552.25385 630.09686
596.89740 712.98285
587.70197 717.23053
591.95459 713.34320
546.49292 619.99866
567.75891 713.89935
553.20062 714.04962
536.53564 714.75867
547.22803 763.38733
543.17944 744.90039
541.32935 734.36597
539.06305 723.96039
536.42419 715.49963
567.90100 713.83350
572.62445 717.41791
577.35529 722.36823
581.32642 727.98877
602.49915 676.00195
780.71619 579.17615
579.07532 713.53241
583.36639 715.24316
534.40607 640.34814
568.66193 635.50989
537.07623 636.50629
604.15845 560.41522
643.46436 574.35284
581.34174 612.74640
710.33594 331.41074
691.72009 363.79791
689.89484 396.87906
598.01941 742.54193
576.53204 411.63715
571.77905 358.70850
581.56555 306.01248
685.62585 513.74640
735.86084 526.19897
579.03638 510.66162
722.72821 467.20105
562.17969 535.31976
560.97272 607.88684
757.89807 537.87170
719.92780 545.35211
688.94067 556.43146
642.01868 555.19000
607.11938 547.67493
581.69684 538.93262
528.42883 509.12933
751.50232 584.06610
739.73804 460.92102
515.54578 631.79114
574.65680 570.05304
791.19928 484.33038
562.96503 529.00616
584.52051 613.26923
708.95160 485.93256
562.97784 594.27570
769.63422 630.29504
578.82776 502.45435
544.16199 583.00342
698.70758 741.94250
699.54950 759.65668
773.77942 582.31860
726.59930 711.80396
770.07349 448.84259
608.16571 811.37805
514.26825 635.62213
596.08325 584.99091
759.09723 491.81366
664.57593 510.93964
642.00171 513.74298
591.75677 719.64478
744.82507 625.56683
569.76868 838.23627
635.69006 807.47742
665.13049 788.06543
619.84198 511.80817
598.93970 507.50974
585.30579 505.03839
755.58752 452.45166
603.39178 479.31696
626.79388 468.55951
651.26215 466.07965
674.30615 469.80377
687.46521 476.65125
787.58032 435.77698
680.01282 504.85681
579.94031 664.86298
557.15625 623.23566
538.47711 658.75037
668.49713 769.24615
639.50092 790.31238
569.46985 826.64795
727.42834 726.58936
586.48309 493.85226
543.63104 542.75568
604.83423 825.29523
763.78180 628.32263
553.38977 714.38397
557.95642 720.67554
561.73285 728.63000
564.83746 737.96906
575.45667 754.65759
582.50110 712.45746
586.22168 710.97699
589.35706 709.46350
620.02216 691.73206
713.52356 640.32727
545.06781 520.66907
563.36786 483.14252
577.35077 485.66422
578.97125 713.82935
715.54358 687.00696
540.70966 483.07489
590.45270 773.62653
526.21600 532.84686
559.00989 575.73541
556.21765 785.19086
638.97662 736.42291
605.69684 628.94867
617.33142 757.65277
663.13934 625.30493
629.02356 649.30469
681.88354 657.72870
564.85760 808.50458
572.53821 586.91278
660.19910 749.96643
631.86322 772.69202
655.95276 711.57703
737.57104 659.85089
686.34534 712.39508
750.54712 670.96326
646.91095 675.92651
558.93481 556.00714
553.28564 616.82477
567.12628 621.84814
543.52740 604.03723
585.40216 458.12451
628.89349 439.53934
667.15088 435.30710
696.97955 439.49133
716.05817 449.73975
721.72479 489.13205
780.47827 536.71539
700.48346 525.51447
674.47211 534.85809
641.37488 537.02606
610.03198 532.93921
586.22357 526.13611
570.07031 519.65582
787.30762 531.12683
566.78674 627.07800
542.30151 562.51410
537.18280 618.50232
526.65607 628.02380
537.61963 621.35101
561.07111 632.84558
522.40613 630.21289
520.86145 634.17279
570.46313 503.32529
557.80377 508.05099
549.23529 512.81909
694.33398 482.04132
711.31274 470.27988
392.13556 487.06671
422.36755 485.57233
390.41068 459.76624
361.69217 488.45718
393.71915 514.12781
640.58051 487.76819
672.51984 487.66141
640.60974 462.64499
608.42346 487.64120
640.47644 512.74359
