215.91212 458.03332
216.30912 413.15133
216.21688 425.17540
205.10157 361.19529
216.42842 397.51821
216.60088 376.49482
217.09882 325.84935
120.66546 322.61187
217.37943 290.57091
217.53180 270.52049
218.43085 193.49917
215.81324 461.49073
215.67208 464.70378
215.54917 466.87492
215.66281 467.14445
215.44835 472.11341
215.20247 477.77225
214.93497 483.57827
215.70939 508.75263
216.29184 420.45084
201.88636 418.55876
70.91090 262.47520
159.05295 332.64428
145.51648 334.41219
132.37042 333.99985
114.53790 327.53206
170.60393 328.98567
136.69051 293.61814
152.45892 294.81290
122.27874 296.68545
113.01057 302.82976
103.26009 335.18505
163.91200 535.02673
115.43717 319.52393
64.77389 327.49115
86.75027 325.38394
145.42487 392.63539
195.52007 454.04934
197.03360 462.42582
177.64205 453.90499
165.43126 453.90724
181.68547 459.90230
169.87140 457.89795
148.30323 477.20119
204.33619 412.46920
202.90414 397.29249
91.85708 288.56685
175.89940 356.91088
170.22633 403.32601
169.87695 394.73643
103.46974 388.78531
203.93863 377.86858
123.96531 272.08833
104.68167 277.64056
83.40573 236.08017
186.68820 285.49767
166.33820 300.65787
136.17003 462.29128
78.57083 466.80247
180.18985 412.19838
191.90516 417.21407
148.36491 453.46310
151.76787 454.49255
96.45297 267.81460
169.01114 408.40939
150.95918 273.67190
148.22141 261.54995
138.70393 201.08576
92.44645 252.20839
146.53054 230.89901
83.44939 281.67109
79.14910 273.25979
195.95763 458.68842
179.55230 457.03216
167.48227 455.85745
183.27878 414.54983
150.12164 453.99189
158.20180 459.02209
153.50388 455.01233
187.99437 409.98572
171.98729 459.60306
183.87673 462.10511
198.50148 464.91490
196.18377 507.80866
195.86036 481.58805
196.40784 475.60214
197.55666 470.03339
198.96588 465.29531
172.59051 459.80339
170.20985 461.75434
167.62847 464.44230
165.57505 467.66533
152.99840 442.96775
65.50860 392.98371
216.22958 423.06616
163.48176 457.54209
160.78547 458.16126
196.82978 423.02322
173.58987 416.17580
194.47127 420.21150
160.74656 364.55221
137.30952 373.21547
167.06450 400.29565
104.96520 214.97863
113.91110 237.36352
118.68649 260.35060
160.91862 489.45994
181.73188 265.94571
180.01836 229.81308
175.33624 194.62557
121.22863 331.92308
88.95531 344.25006
178.04671 325.52083
99.47455 308.64319
185.96957 347.95823
179.59779 399.95924
74.35775 354.17316
99.10931 353.59100
116.96599 358.52870
142.81733 356.92778
161.97686 351.52025
176.26698 345.06064
204.10640 329.35791
74.70862 384.09229
88.53600 305.81135
208.82817 419.73943
175.92933 371.70995
62.18552 325.59505
186.93305 337.58285
165.85669 400.20035
108.65094 319.95404
179.48947 389.42962
70.15816 429.41791
177.60342 320.79720
191.72698 382.32287
104.59218 500.23965
108.13641 518.35850
64.91614 390.01197
87.25323 480.71841
71.73476 298.04909
161.84319 551.05999
210.20695 422.36591
162.74499 381.50185
74.85167 327.57497
133.72266 326.09658
145.08361 326.49151
155.98651 460.16056
75.64275 414.46110
187.22602 570.47895
146.93732 551.95800
129.21185 538.27551
217.87925 230.66476
215.07235 572.73368
156.41875 324.94720
167.18221 322.65005
174.21809 321.69707
78.50846 302.39598
164.03857 312.17166
151.90400 309.18289
140.39708 309.04690
129.21460 311.47682
122.36531 314.83117
64.62895 290.56541
126.04218 324.51297
216.33601 435.88344
168.20348 436.74266
180.49317 410.56312
195.65717 435.26774
217.26201 307.75246
124.36580 520.17063
142.52076 536.05258
186.27387 560.63541
91.83694 496.36913
173.25393 317.16559
194.82243 353.23116
215.24945 562.63014
165.55835 563.27870
68.66139 423.08557
184.59931 462.45485
182.38087 466.06820
180.57219 470.49317
179.32999 475.96423
176.42897 500.25549
160.47093 456.07561
158.08833 454.79362
156.20612 453.57913
140.97953 451.27667
90.98939 421.51577
195.40122 337.69135
187.26138 309.54599
178.83836 311.70860
163.21683 457.47592
90.06579 457.89634
199.71518 308.80566
169.80010 517.41421
216.77998 359.12261
204.49103 346.00831
216.93894 343.04548
184.24031 376.16053
215.32813 547.05882
215.49533 527.01152
192.01840 525.98220
137.75441 486.65106
154.23156 411.40833
152.82141 504.29013
121.26656 408.94793
140.15424 425.37789
108.33966 431.91513
187.74358 545.43791
175.25584 383.28614
127.52105 501.01789
145.85797 519.18273
124.76079 467.26045
78.74873 440.37243
108.16668 472.51075
74.96154 453.59226
127.46022 441.72703
185.80563 362.35069
183.75926 407.30726
174.35902 408.81413
190.57496 398.35181
175.53908 296.69256
152.02691 287.24843
131.79564 285.80113
115.31953 289.51809
104.17035 296.92015
98.97633 322.61644
63.10975 358.48528
111.19954 340.99372
125.54665 344.57189
143.76817 344.61125
160.81963 341.30554
174.13724 336.55076
183.19346 331.93965
63.27843 358.91101
174.21145 411.61037
194.38916 367.41446
194.02993 409.62562
201.21642 416.71347
193.77164 411.59846
177.79677 415.37452
204.16179 418.50510
205.38647 421.00503
182.60135 321.12045
189.96184 324.11730
194.58926 326.58974
118.48067 317.39782
107.46339 310.12647
228.47825 361.17324
314.19759 324.36562
230.74178 418.68184
363.57495 262.71676
275.88843 334.83853
289.66912 336.27012
302.78600 335.65517
319.83838 328.87463
263.87620 331.40964
298.36102 296.07616
282.21404 297.12174
313.07320 298.87436
322.05430 304.64826
330.96970 336.08309
267.23744 535.26623
319.28563 321.13097
369.17020 327.90768
345.96501 325.09963
288.15255 393.06041
236.60773 454.97290
234.54682 463.31249
254.65958 455.62941
266.79101 456.20935
250.21693 461.57799
262.21200 460.08965
284.96909 477.80141
228.29995 412.52112
229.87986 397.29336
342.45660 288.94240
258.18682 357.02778
262.86574 403.71824
263.37701 395.03013
330.04960 389.30081
229.24054 377.81556
311.42525 273.77741
330.43011 278.73539
351.43552 236.32149
248.12512 286.75279
267.91505 302.81849
297.51633 462.94881
355.06421 466.98400
252.81926 412.60519
240.95248 417.55554
283.81736 456.62050
280.36061 457.47280
338.06859 268.11004
264.11721 408.88304
284.53793 275.31000
287.08110 262.80409
297.66900 201.21571
342.27006 252.44397
288.83090 231.12261
350.03281 281.20628
355.40307 273.60521
235.88738 459.60679
252.55032 458.78243
264.68730 458.10909
249.60009 414.95542
282.03625 457.05141
273.75577 461.52562
278.56601 457.91468
244.91717 410.18171
259.93319 461.71826
247.76446 463.67964
232.99426 465.71582
235.47408 508.10298
234.39994 482.15164
234.12997 476.18358
233.48395 470.67882
232.68081 465.97348
259.42050 461.76023
261.64529 463.68012
263.89954 466.28813
265.57484 469.39954
280.47511 443.52838
368.61058 393.51888
268.72929 459.98843
271.28453 460.64642
236.02277 423.32684
259.56755 416.77379
238.36503 420.56408
273.08589 364.80356
296.47378 373.59884
266.28260 400.73139
330.72240 215.15799
321.12572 237.66395
316.41476 261.28354
271.67357 489.95951
252.72553 266.96182
255.57935 229.96293
261.50784 194.66992
313.53417 333.50955
344.82690 344.78818
255.99334 328.11023
334.56212 309.34817
248.27304 347.99242
253.32721 400.19298
359.35941 354.67520
336.40588 354.72158
319.90865 359.89367
293.99991 358.50192
274.34783 353.25913
259.59124 347.06017
230.12769 329.35617
358.88093 384.69720
344.95999 305.87920
223.70538 419.79395
257.78062 371.88156
372.13387 325.92055
248.64531 339.83816
267.61893 400.68006
325.55733 320.98414
253.63408 389.61707
363.88120 429.83955
255.78992 323.31911
241.39525 382.35637
327.82052 500.41375
324.54900 518.33092
368.60658 390.53339
345.37312 480.94780
362.57554 298.38576
268.93506 551.15893
222.27063 422.41512
270.85835 381.82349
356.27190 326.49070
301.37145 328.07682
289.92450 328.63744
275.86863 462.71949
357.82613 415.07715
242.98987 570.48899
284.47316 551.74692
302.94043 538.16035
278.24065 327.33067
266.86230 325.15544
259.40459 324.28068
353.63530 301.39585
270.06007 314.65437
282.68554 311.75758
294.57412 311.73026
305.85805 314.00990
312.63318 317.09881
369.67957 290.81189
308.96947 326.36476
265.16274 437.18963
252.49379 410.95965
237.44532 435.60905
307.57867 520.34550
288.81791 536.14895
244.27962 560.76699
341.29159 496.34113
260.39994 319.69726
239.05614 353.23717
265.15324 563.12021
364.54564 423.58623
247.28667 463.84695
249.15280 467.34231
250.55688 471.64645
251.53580 476.98046
255.52905 500.58588
271.85754 458.64841
274.14990 457.43436
276.06324 456.32184
292.66810 451.93578
342.28448 422.08717
238.84831 337.75627
247.09555 311.38181
255.03369 313.95196
269.00149 459.99821
343.01049 458.29922
235.26683 310.73486
261.72362 517.67882
229.38496 345.96338
249.20710 376.33991
239.09911 526.16160
295.01591 487.11988
279.20104 411.90104
279.33665 504.61814
312.14268 409.43295
293.38342 425.89645
325.02049 432.44746
243.01328 545.68980
258.23438 383.49056
304.91208 501.31240
285.89852 519.36896
308.45563 467.89842
354.59031 440.87238
324.72569 472.94260
358.02457 453.91619
306.29247 442.32129
247.96416 362.48288
249.15664 407.49880
258.64510 409.22799
242.22518 398.45394
258.98831 298.39700
282.80919 289.39965
303.51315 288.12364
319.97296 291.41945
330.66918 298.22966
334.38760 322.86988
370.49290 358.97568
323.70271 342.33596
310.08344 346.05881
292.00108 346.30758
274.61041 343.21185
260.86051 338.69669
251.50685 334.14816
370.94735 359.30198
258.75302 412.05103
239.14964 367.42444
238.69078 409.74313
231.44296 416.89578
239.07101 411.83294
255.17606 415.82584
228.41582 418.58853
227.10295 421.08804
251.27173 323.64538
244.49002 326.33141
240.51303 328.89365
316.47805 319.36499
327.04369 311.44412
142.45272 317.44072
156.04253 316.95065
141.77941 304.97495
128.60005 317.86346
143.05028 329.82223
290.11721 318.37735
304.13857 318.60633
289.92038 306.14815
276.14232 318.05085
290.32143 330.51401
