136.94540 316.99646
139.55231 278.81058
139.83241 287.91305
133.72527 247.95047
139.88980 269.34047
140.65369 256.93862
143.12470 227.07656
82.72421 221.64386
144.83771 204.03617
145.63776 191.56402
149.00078 145.21719
136.76241 318.93074
136.68505 320.48972
136.75944 321.62385
136.59790 321.68745
136.21315 324.20430
135.83842 327.39238
135.57452 330.95690
138.58843 347.48886
139.56782 283.62285
131.32922 282.86807
53.17437 185.34430
106.51047 230.55013
97.66602 231.11951
89.25650 230.39911
78.69784 224.95727
114.21915 228.60065
95.14758 202.54336
105.27537 204.00772
85.74660 204.13717
79.61125 208.00876
70.71232 230.78393
103.52780 360.37602
79.83801 218.98899
44.48664 226.01080
61.25636 224.26088
95.14162 268.54701
126.47108 314.29266
127.10835 318.88194
117.47946 314.90214
110.69500 315.47056
119.27235 317.90000
112.78160 317.32296
96.53609 325.71572
132.02021 278.32990
131.15979 269.23960
67.92735 200.29713
115.64028 246.14146
111.58507 274.14012
111.35298 269.14362
67.87682 266.60526
132.33750 257.67910
89.40081 190.32407
76.91805 193.36789
62.02071 169.13711
127.40590 200.36304
113.83469 208.59532
89.77887 315.94100
50.81723 312.58549
118.27248 279.64305
125.55773 283.07915
100.84507 316.05191
102.74382 316.43976
72.59825 187.51110
111.23391 277.92319
106.01517 191.97022
104.97279 184.53140
97.15081 148.67306
66.08782 177.94707
100.72302 165.96609
62.87930 196.24105
56.86909 191.08457
126.57254 316.96710
118.29514 316.47349
111.64589 316.36676
120.35078 281.43680
101.81181 316.23898
105.92270 318.64878
103.71273 316.67060
122.46273 277.17177
113.89952 318.18092
120.31943 319.02221
127.87608 320.25264
125.65535 346.21633
125.33360 329.61028
125.69609 325.94971
126.51755 322.93313
127.69068 320.41550
113.73038 318.32286
112.21718 319.38643
110.69163 320.97915
109.48136 323.07256
100.44779 301.53934
43.84697 266.20640
139.68707 285.66205
108.92924 317.66903
107.39378 318.04838
128.27341 286.96644
114.23203 283.43797
126.99906 285.09190
105.67974 251.03310
90.03687 256.63137
109.78091 273.00941
75.76277 156.59068
79.82560 168.97219
86.93701 183.15491
103.91518 333.66784
125.26482 187.91066
122.45295 166.33257
120.76254 145.35044
82.36103 228.51015
61.06055 237.26932
119.35669 226.53615
70.91563 212.47238
122.31013 240.50940
117.04070 271.30893
49.01158 243.35521
66.36877 243.77801
77.29966 247.42590
94.29831 246.45670
107.04525 243.02993
116.61143 238.95480
134.45403 229.08603
48.62477 262.53437
64.00294 211.34437
134.94961 283.14134
115.46439 255.20634
44.23361 224.70403
123.94371 234.21958
109.18415 273.41541
75.81547 219.26966
117.12201 265.28291
45.90239 288.86719
119.55079 223.42281
124.55666 260.56012
67.21930 335.58816
68.25900 346.12035
42.07320 264.94096
56.54843 322.52745
50.60671 207.30065
101.78057 370.05598
136.07571 285.16130
106.90524 261.54387
53.61771 226.00964
90.73050 224.98939
98.02817 225.86074
104.65264 319.59030
49.37235 281.34456
117.89889 384.90754
92.14659 369.18540
81.19139 359.50357
147.33120 167.42968
137.17102 387.90913
105.39238 225.47367
112.51793 224.44525
117.21630 223.99727
57.58744 209.51888
111.51657 216.10489
103.93366 212.88269
96.53288 212.05775
89.12930 213.34309
84.51184 215.61391
47.57712 202.97041
85.97285 223.41019
139.76757 295.14014
109.48256 296.87699
118.17189 278.19182
127.01233 295.06605
144.04955 215.35835
78.93032 348.68407
90.06834 359.18486
117.21756 377.98442
58.69591 331.67048
117.01758 220.52763
127.60720 243.44520
136.94466 380.94056
103.73076 378.10286
44.14549 285.55783
120.07412 319.18759
118.42692 321.05827
117.30122 323.59714
116.47530 326.90308
113.27536 340.89101
107.56350 316.88265
106.26562 316.29614
105.34272 315.74833
93.35858 307.94368
59.91110 286.64104
128.57565 234.16435
126.38033 215.95155
120.97906 216.94418
109.06931 317.55296
59.29690 309.09750
133.94390 215.57072
108.02756 350.27995
141.48116 246.79015
133.94568 239.02425
142.26880 237.34901
120.35960 257.47240
137.26063 371.03554
137.91644 358.65906
122.19574 356.87103
88.60762 330.21771
101.15315 280.70050
97.42495 341.43290
79.60661 279.10071
91.87399 289.83568
71.51089 293.76642
118.61506 368.50253
114.88612 262.22455
81.37381 337.94125
92.45564 349.63113
81.34068 317.70585
51.59480 297.44811
70.40579 319.54859
48.30422 304.81373
84.27157 301.20872
121.75206 249.20555
119.68422 275.50592
114.24319 277.29762
123.70276 269.91442
120.02926 206.82661
105.69760 199.74571
92.85452 198.04465
82.15825 199.92093
74.68748 204.64018
69.59761 221.56288
41.94159 245.30848
75.20293 234.80924
83.94181 237.73660
95.71904 238.07591
106.97607 236.29432
115.88175 233.51746
122.07461 230.73655
43.72361 245.25633
114.47934 279.58189
126.70563 251.82167
125.84681 276.62344
130.64143 281.38691
125.94843 278.00649
116.96791 282.42525
132.18163 282.38218
133.25966 284.39519
122.70890 223.68854
126.99957 225.72292
129.58920 227.11911
81.89291 217.41449
75.77336 212.84916
149.35337 248.31888
209.46061 226.74549
148.73356 283.18241
247.27126 191.01653
183.99796 234.46195
193.07948 235.26706
201.86179 234.74596
213.22525 230.15237
176.34089 231.97773
198.25312 208.27256
188.00917 209.11005
207.66692 210.08260
213.54649 214.01193
220.94046 235.96802
172.72267 362.93967
212.72171 224.60476
249.96462 230.74511
231.45392 230.48414
189.22631 270.84403
148.43069 315.73635
147.44913 320.35756
158.79738 318.14680
166.35449 319.89665
156.51623 320.85710
163.90969 321.39777
183.97610 327.65541
147.31650 278.61327
148.72195 269.61521
226.82673 206.45312
170.89075 247.50585
170.12783 275.53837
171.17697 270.54669
217.80627 270.21176
149.11906 258.04429
205.99940 194.33760
218.50109 198.69166
238.78592 174.32216
164.95053 202.55404
178.82002 212.96548
191.59449 318.07973
236.12322 318.03074
163.03982 280.66162
155.32399 283.75243
177.12418 322.14392
175.19734 322.19529
223.71685 193.07943
170.64785 279.31024
188.49154 194.92443
190.35899 187.16535
202.28024 151.59920
230.92245 183.23705
195.07418 169.21873
232.18617 202.96146
240.18433 196.68734
148.02220 318.43178
157.69509 319.59378
165.19257 320.65175
160.82928 282.38772
176.12196 322.17791
170.98111 323.58896
174.18797 322.20848
158.20200 277.97012
162.78633 321.95414
155.41886 321.70605
146.84088 321.60466
151.60225 346.98179
146.98800 330.95980
147.06501 327.25436
146.99961 324.22638
146.65520 321.69800
162.67132 322.06828
163.98676 323.15715
165.13644 324.79261
166.02209 326.88949
180.77090 303.23177
248.72260 271.61818
168.33008 322.26416
169.65840 322.82440
152.19071 287.55758
167.57626 284.72568
153.69091 285.75803
180.64902 252.82177
196.10123 259.16303
172.82349 274.52533
224.66895 160.80042
216.66026 173.66974
209.44230 187.08791
175.45134 335.55700
168.29232 189.83258
172.72215 167.95226
177.93826 146.87943
209.09594 233.27201
230.80223 242.41639
171.38022 229.49428
222.37269 218.59187
164.41008 241.58128
164.20546 272.48026
240.99720 248.07459
224.39137 247.78928
212.72818 250.40791
195.35244 249.21772
182.38863 245.66279
172.59982 241.24480
152.00594 229.54243
239.06927 267.30776
229.67436 217.74923
144.29989 283.27961
169.52330 256.54517
253.26641 229.79625
165.40223 236.09979
174.02878 274.97311
216.64841 225.06542
165.17168 266.47716
244.01965 294.41807
171.54318 226.54426
157.25689 261.36040
214.21214 340.62026
213.33334 351.63828
247.69246 270.02752
226.75612 327.68836
245.47659 212.35831
173.92092 373.10050
143.44010 285.30749
177.81392 263.27003
239.59948 232.89749
200.97836 229.53953
193.30275 230.24416
172.21043 324.61372
236.70727 286.23040
156.55846 386.54893
185.60482 373.31950
198.41711 364.44922
185.71349 229.60944
178.58038 228.19446
173.90112 227.35993
236.23022 216.43943
180.49916 221.00670
188.41029 218.91026
195.94857 218.43757
203.42791 219.61611
208.05121 221.60665
251.82160 208.40684
206.00335 228.16408
171.46845 298.12660
163.03107 279.24645
153.15974 295.71480
200.47053 353.28674
187.74315 363.38262
156.82562 379.51289
225.28109 337.15693
174.49965 224.17649
157.29655 244.22186
172.04466 381.15202
243.59953 290.78402
155.34264 321.78253
156.44665 323.64162
157.02320 326.15030
157.37523 329.38891
164.83780 342.29473
169.97397 321.77821
171.28821 321.43446
172.41642 321.05769
188.08241 309.84745
224.42994 290.77424
158.08756 234.97345
164.79878 218.37474
170.48037 220.20461
168.47983 322.14057
223.94637 313.65060
156.59497 217.42061
169.14685 352.34748
150.70984 239.41641
163.26041 258.60891
153.80907 357.90750
191.34066 333.14887
181.79686 282.57466
181.17997 344.10039
204.17715 282.14034
190.64589 292.19752
211.57479 297.34234
155.98763 369.79076
168.97393 263.53338
198.34301 341.80562
185.66370 353.10714
199.67871 320.83727
233.28600 302.34265
211.15822 323.67587
237.38345 310.00619
197.90287 303.88271
163.24965 250.28664
161.08054 276.46914
167.06923 278.57034
156.88130 270.69211
172.38266 209.94780
187.84684 203.80166
201.11569 202.89593
211.92183 205.47696
219.16720 210.63157
222.92841 227.61877
249.96960 250.13697
215.79588 239.43849
206.55426 241.64121
194.45906 241.72747
182.92525 239.67204
173.91869 236.44270
167.74306 233.12852
251.47736 250.32951
166.92858 280.79996
156.59359 252.56679
154.12459 277.15864
149.22903 281.77611
154.32961 278.62937
164.54569 283.54000
147.30482 282.66169
146.50952 284.62790
168.15682 226.43914
163.09464 227.84279
160.10613 228.79982
210.68941 223.21373
217.14869 218.90653
96.80617 218.06936
105.97895 218.44491
97.32865 209.76743
87.63733 217.67462
96.26973 226.39601
192.86890 223.02820
202.44847 223.16255
193.30075 215.05342
183.32631 222.82717
192.48392 230.98780
