108.91579 310.14280
92.21016 279.32679
99.95449 287.32971
88.59726 249.82753
91.18036 270.13413
92.49357 258.89325
97.22857 230.24803
58.74929 217.52049
98.09608 207.71860
97.45384 194.77064
100.58992 143.78393
108.95138 313.64276
109.33739 316.89263
110.01888 319.13841
110.10792 319.23761
109.71064 323.72808
109.45148 329.14687
109.62898 334.66821
107.71507 347.05699
94.30946 284.31769
89.36264 282.27668
43.41976 178.88139
74.77623 228.23312
68.11857 227.88110
62.00279 226.55057
56.16362 220.18804
80.41897 227.00820
68.58040 201.47796
76.08910 203.69271
61.81173 202.11480
57.41674 205.24561
49.96384 225.69567
84.75153 353.58898
57.21064 214.54822
41.88723 216.84846
45.98227 219.15640
66.93371 264.07489
99.61214 307.91240
101.18170 316.12601
91.89470 309.97279
86.84740 312.29530
94.82199 315.93411
89.99292 316.09209
77.18813 320.70692
86.40463 278.17174
84.87455 269.27919
50.57667 197.38268
81.10241 245.32522
75.27708 271.82418
75.61600 267.08330
48.60954 259.41152
86.42998 258.91436
64.13643 189.56563
56.08946 191.38556
45.04694 164.08290
89.01285 200.64146
82.26410 208.32953
71.24298 309.47203
56.78555 302.95870
81.11294 277.89346
87.34207 281.32602
80.96937 316.73453
82.80426 316.93814
54.76377 186.11679
76.75789 274.82448
74.69578 191.91103
74.60033 185.02859
62.23076 144.59555
46.15788 172.37286
65.84641 162.40267
48.66722 193.70440
43.13789 184.12698
100.07076 312.47612
93.21804 313.18120
88.26195 314.27638
83.32502 279.31179
81.89056 316.85742
84.94637 319.01192
83.81964 317.02369
81.34113 276.73223
91.68333 317.53810
96.38130 317.85481
102.47786 318.40655
97.21609 344.20951
100.15711 332.85681
100.35337 327.45560
101.24161 322.35796
102.56689 318.43713
91.68974 317.37388
90.00374 318.97671
88.29811 321.28042
87.01180 324.02645
73.12857 294.27028
48.45047 256.86737
96.69973 286.19417
88.16387 317.16480
86.49017 317.99360
90.70686 285.23263
80.56911 279.63301
89.09868 283.50898
74.89456 248.48362
63.84066 251.97386
75.70532 270.10226
50.57072 152.18130
53.56369 164.99445
63.49928 182.94197
81.41506 329.32834
88.48871 189.41668
80.74409 162.98849
78.48303 142.13573
57.81385 223.98589
42.71669 231.28662
84.22419 225.30148
52.05948 208.81928
84.98562 240.93350
76.88286 270.16381
40.17467 235.36839
43.88674 237.18982
49.62681 240.96272
61.70399 241.00740
71.42168 238.77591
78.41866 235.93378
90.95451 231.41846
38.80814 254.07795
48.19160 207.46603
90.41401 283.19754
80.11639 254.19955
45.77404 216.14857
83.87405 232.51409
76.48746 269.97333
54.95008 214.60162
77.76640 264.38749
51.96043 278.80028
85.45980 222.45725
81.61871 260.73129
61.57227 329.18208
66.50890 337.80897
40.71352 256.44688
53.66251 315.90502
42.31998 198.85424
85.85697 362.97894
93.47193 285.07478
75.06336 258.81780
41.85570 220.46246
63.87522 221.88536
69.14213 223.51352
83.62904 320.29365
40.49196 273.00124
99.00944 374.77878
81.81200 359.59215
74.84919 350.69850
99.77894 165.64472
113.31518 379.36226
74.72038 223.93918
80.13298 223.45133
83.67035 223.01775
45.24487 205.77550
81.21302 214.33463
75.92905 210.40299
69.78323 208.79691
63.95155 209.32059
60.40359 211.22130
43.25245 195.09328
60.71241 219.77740
102.07817 292.65567
78.67105 290.50040
79.94152 276.84341
91.58279 291.24063
98.70480 218.37353
70.71587 341.76585
78.10234 352.32914
96.39240 371.13977
61.38241 323.21940
84.15094 219.40884
86.21140 245.04294
110.89127 375.49151
89.25879 367.83422
43.30818 277.14699
96.40825 317.73431
94.68660 320.54290
93.31377 324.30003
92.54147 328.92826
87.84012 337.63722
86.29843 316.45039
84.60716 315.54730
83.30048 314.46145
70.57762 300.46502
45.51266 278.55122
88.07644 235.68826
89.68021 215.89909
86.55294 216.44166
88.17091 317.33732
49.92722 301.77804
92.95265 216.13901
86.08065 344.94723
94.26964 249.54712
89.67684 241.39879
95.68247 240.48990
81.25296 257.28070
108.92534 366.84609
108.11625 356.15431
95.90054 352.59912
72.73643 323.82419
72.08275 275.81569
79.03549 335.59029
56.40125 272.79022
66.46873 283.64673
53.73352 286.56682
94.92567 362.46126
78.88386 260.89737
69.37868 330.98028
77.34417 342.92578
65.88194 310.85257
44.32224 289.52760
58.70506 312.51127
47.59085 297.30572
63.76770 294.02025
83.31747 249.63255
78.79019 274.73590
77.09223 275.22320
80.12566 269.53089
85.54483 206.48769
75.58298 199.71365
66.52081 197.39304
59.10469 198.21643
54.36478 201.94601
51.09354 216.96926
40.47302 236.61497
51.66866 229.36715
56.60255 232.79842
64.97883 233.83547
73.57557 233.02785
80.07164 231.18633
84.58307 229.26531
47.70248 236.30746
78.78710 277.03479
84.25978 252.75657
82.14382 276.36518
87.53365 281.04709
83.27198 277.69738
81.59428 279.42831
88.42560 282.12901
91.20686 283.96139
86.99469 222.97639
88.74025 225.19246
88.76680 226.71804
58.47492 212.94707
55.03054 209.22696
101.58224 251.48746
173.35049 226.65856
105.68455 285.80304
216.14956 195.84159
142.43519 231.15556
150.81141 233.77722
160.11951 235.27917
177.18678 229.56915
135.95160 227.77112
161.10582 204.48827
150.14879 204.39463
171.44053 207.64013
178.16788 212.51536
182.96152 238.50200
140.74450 361.38906
179.52732 222.75070
218.89008 237.53235
197.82379 233.04890
148.18190 275.53232
119.62397 308.57847
119.29827 316.56317
130.76782 311.40573
138.92220 313.84830
128.59247 316.64434
136.30241 316.95295
151.42710 330.74879
99.19781 280.38502
99.39596 271.33739
191.41773 207.97274
128.53491 251.66796
126.65321 279.38524
128.48495 274.52366
177.32553 277.04329
100.26428 260.59456
165.79716 194.25125
180.32583 199.54171
199.25213 178.69007
122.44219 197.49855
140.84085 207.78548
158.96463 321.41844
214.66446 322.00417
120.42202 284.25487
113.98855 285.88910
150.21162 317.14922
148.10493 317.30043
187.30507 195.24536
129.16811 282.15798
147.10592 192.74894
149.01966 186.56180
152.59783 153.75740
188.84155 188.26112
145.37849 170.94053
200.43007 205.64550
204.46148 202.85799
119.49219 312.99291
129.61443 314.22108
137.60464 315.43509
119.17570 285.05670
149.10412 317.22956
144.01424 319.74506
146.98278 317.40259
112.81891 282.63988
135.34615 318.05817
127.75253 318.32145
119.23573 318.79009
120.25974 348.01492
120.30317 334.19120
119.92620 328.58515
119.55633 323.15632
119.22005 318.87899
135.20458 317.91120
136.54257 319.89614
137.93514 322.60142
139.09781 325.77559
146.06777 305.45992
230.02598 278.93379
141.05783 317.67116
142.44743 318.58397
111.65676 288.73697
128.45955 286.22584
112.67763 287.42562
138.88254 257.29242
153.87173 264.55756
131.86520 277.89217
178.36197 164.35974
169.39535 177.30309
170.26316 188.74990
143.14627 338.07386
125.66284 186.67976
123.23469 167.86762
127.95847 147.41074
170.15633 233.94362
192.09751 247.48339
131.95692 224.71996
187.48199 218.96840
121.20937 245.81362
118.36689 276.72979
204.54639 256.44952
181.39088 253.87389
165.98885 256.12006
147.75154 251.14821
136.38590 244.75899
128.12057 239.55019
105.98541 233.21402
203.69083 275.69480
196.09722 219.90538
98.75412 284.91604
127.79133 260.68037
230.71377 235.56485
121.24353 234.33758
135.00385 278.06360
182.73596 223.23337
120.26226 270.33633
224.50523 300.29971
133.92771 221.42564
109.88951 264.61550
183.43204 343.69137
185.94414 352.24436
219.66175 279.03376
197.60361 332.95460
213.09845 218.69439
142.73279 370.22348
100.23762 286.35510
137.17766 267.38386
207.45331 235.92264
160.25381 229.72931
151.67326 228.86150
145.47989 321.20292
203.71109 294.44814
128.70342 379.19715
155.51962 369.52941
168.96957 362.80462
145.04782 226.75000
139.22764 224.06378
135.55168 222.39291
206.09215 219.26516
143.54755 215.11738
152.23974 212.53357
160.60102 212.66383
169.13340 214.98313
174.21400 218.20113
225.98049 213.55437
167.37307 228.79661
135.32417 299.03922
119.38547 283.59356
114.88182 295.22815
169.15073 353.94220
156.12289 362.07425
127.24905 375.22655
200.86037 339.14651
136.97475 219.19534
111.80450 248.38152
142.19812 375.39631
217.02744 299.31120
127.69377 318.28527
128.81849 321.58149
129.69814 325.85142
130.38027 330.93560
132.91193 344.20694
142.68713 317.09154
144.10042 316.33149
145.41008 315.50854
154.56381 312.71064
188.33641 297.91495
113.25619 239.06482
125.33606 213.95184
132.52495 215.19794
141.21622 317.83022
191.54133 319.82945
113.25882 214.13714
137.41587 352.34890
103.63560 243.01816
119.53791 262.62264
122.87117 356.81298
158.35077 335.17469
143.33218 285.66090
148.72051 344.85910
163.79833 288.11036
152.71296 296.28889
173.93007 303.37861
125.23071 366.96325
127.36979 267.61116
165.40474 343.22995
153.01634 352.69201
165.80471 324.28072
202.07687 309.71272
177.68007 327.90544
210.40794 317.27668
161.98713 308.25795
119.66654 254.47649
115.06395 281.08610
123.51542 282.68198
108.61704 274.02548
133.09423 205.08977
148.16748 200.51883
161.89386 200.97920
173.73455 204.78248
182.53546 210.44518
188.65009 228.12964
220.22320 258.57518
175.19836 242.02984
162.90529 244.21929
149.98079 241.71866
139.48587 237.23624
132.10552 233.05836
126.52893 229.73053
231.52618 257.05276
124.82222 283.88549
110.18614 256.13821
106.54200 280.79688
104.61189 284.84130
108.49419 282.91513
123.99567 285.62202
102.03005 284.98524
103.36626 286.49601
129.68252 221.37775
122.47641 224.08505
116.38941 226.63078
177.17121 220.74358
182.27705 217.62680
72.06970 216.54903
80.29961 217.39740
73.22973 208.58661
63.90085 215.70105
70.98515 224.48204
164.53608 221.88581
173.70577 223.60303
165.83424 213.89284
155.11015 220.11343
163.16404 230.09077
