167.96785 347.83650
169.07347 316.61556
168.30334 324.33157
160.24721 280.78724
169.19827 306.12289
169.09710 291.66513
168.72808 255.95329
94.92388 248.62951
168.58566 230.04470
168.70771 216.08583
169.46720 162.20462
168.12332 350.19532
168.07148 351.96327
167.96637 353.08966
168.10083 353.24377
168.32010 356.90042
168.48135 361.38805
168.52633 366.08352
167.27749 387.72595
168.88103 321.34717
158.29462 319.84982
57.07890 205.45640
123.87760 257.21871
113.70100 258.10319
103.76118 257.59355
90.48300 251.63895
132.62398 254.97592
107.92334 229.47880
119.71401 230.79577
97.07788 230.94000
90.00423 234.67499
81.74057 257.51592
127.82404 403.10106
91.01852 245.90759
51.16447 249.97471
69.86864 249.67686
115.35307 300.52253
154.77859 345.37855
156.08088 350.85373
143.04617 346.80522
134.71893 348.30887
145.94107 350.38983
137.88248 350.38674
117.40614 361.77506
160.42717 316.08223
159.21370 305.88110
74.81163 223.94249
137.63323 276.05718
135.04314 309.25914
134.34774 303.22662
83.81224 297.05105
159.67215 292.43825
98.44568 213.50853
84.42656 216.88322
67.64374 188.41570
144.96368 223.19097
129.99979 235.13667
108.94667 350.43003
59.16292 346.04954
142.61478 315.39856
151.16123 318.88938
123.23896 350.78118
125.62626 350.92538
78.55019 210.11095
134.17791 312.55948
117.94212 214.63161
116.05442 206.69197
109.52488 166.26565
75.52013 200.78385
115.88711 187.85318
68.37261 219.05713
64.61660 214.16050
155.33438 348.65359
144.50375 348.82186
136.23173 349.39890
144.92002 317.00579
124.49055 350.85850
130.26260 352.68382
126.86954 350.98312
148.25953 314.13717
139.31894 351.18905
147.32552 351.43405
156.94159 352.19153
152.85301 386.36478
155.96237 364.98831
156.15280 360.18483
156.56834 355.82214
157.20371 352.29897
139.62873 351.06262
138.20595 352.56045
136.72600 354.72496
135.47064 357.40156
121.76462 336.15563
48.60077 293.53590
168.63281 322.95038
133.43903 351.05129
131.91645 351.73947
154.57294 322.98006
137.28556 317.93035
152.95475 321.04687
126.54190 280.98471
109.11507 286.73779
132.27356 306.87946
84.20265 174.87438
91.78642 191.45903
94.51235 205.73848
126.67488 371.47743
141.51026 210.06975
140.79786 187.56176
136.98584 162.51834
95.36785 255.45608
70.75962 264.02667
138.33881 252.66937
79.92800 238.06789
145.13615 270.18794
141.88797 307.21536
59.64689 270.50794
78.00030 271.16467
91.51125 275.25313
111.38243 274.11897
125.96455 270.42557
136.79953 266.24277
159.01325 258.11938
60.23952 291.79667
71.59842 235.80908
163.51364 320.84290
137.92162 286.62922
47.12591 247.08301
145.02348 261.42619
131.00601 306.52377
86.25504 245.68219
141.34106 299.79396
52.13951 319.19717
138.10621 249.35059
150.43407 295.19187
82.37606 374.16945
83.01876 385.65134
50.50507 293.67192
68.76904 358.98237
57.61826 230.30557
125.66259 414.44610
164.30311 322.42603
128.22865 293.08658
61.19986 251.04382
104.88745 252.06903
113.50559 252.79222
128.81636 353.93337
61.00056 312.81961
144.81274 429.97918
113.59903 412.78881
99.64159 401.45788
169.10568 188.30382
166.10527 432.41125
122.02457 252.07810
130.16018 250.66991
135.52769 249.97059
64.04720 233.18620
128.43567 243.52187
119.18381 241.33090
110.42467 240.93349
101.88807 241.91586
96.52061 243.52589
50.56904 223.78111
99.03385 250.45004
168.11274 331.43162
132.79947 331.92115
142.75097 314.31860
153.26488 331.07944
168.63607 242.44697
97.28605 389.40184
110.85691 402.00389
144.26388 422.97893
70.08905 368.41965
135.09310 246.96331
152.15452 274.66070
166.02425 425.69696
128.09572 422.88096
53.15145 316.86034
147.62009 351.35237
146.37434 354.03331
145.44205 357.46021
144.80598 361.79599
138.16051 380.21285
131.34413 350.60857
129.69795 350.07875
128.33359 349.47802
113.00749 342.15900
74.14261 319.04451
152.24854 263.49639
145.55386 241.60104
139.16393 243.09350
133.25552 351.15693
72.67216 343.97313
155.12197 241.39002
132.59188 391.12234
168.95164 279.52779
159.51845 270.07300
168.84653 268.22144
144.38353 290.33228
166.47263 414.56660
166.89034 400.36373
149.41715 398.58388
108.87108 367.37143
122.24602 313.98508
119.69193 380.72577
97.73706 311.54824
111.88854 323.38554
88.21930 327.19079
145.94473 412.08155
137.67643 294.96646
100.50659 376.79702
113.87547 390.68615
99.89668 353.06243
63.27610 330.80254
86.74427 355.77367
58.33941 338.68327
102.83466 334.79028
145.24235 280.54063
145.16212 312.38397
138.26019 313.08898
150.06546 306.38939
136.57293 231.72960
119.15606 224.89470
104.27891 223.56584
92.07647 225.58629
83.74311 230.19025
79.11232 247.49352
49.51475 271.53282
87.51966 261.91063
98.29073 265.13630
112.15405 265.33717
125.12627 263.24682
135.26110 260.23262
142.21853 257.31926
47.34999 269.80112
138.17556 314.89046
152.06903 284.70811
152.81622 314.10215
157.91662 318.74032
152.48543 315.29205
140.69521 317.49287
160.08814 319.97593
160.81266 321.54354
141.83172 249.68359
147.54793 252.07475
151.09612 254.04238
93.38339 244.81969
85.74263 239.18908
177.54633 280.89063
238.47187 247.55812
178.88134 320.05430
275.16930 208.45103
210.66914 257.01628
220.77953 257.94808
230.38788 257.45434
242.78217 250.74227
201.87721 254.52914
225.56419 226.91405
213.88813 228.17962
236.12206 228.52791
242.86503 232.52927
251.63132 257.43487
204.50569 403.10010
242.09759 244.43880
279.17290 252.94469
262.71618 248.97896
220.61474 301.88820
181.07414 345.44772
179.97597 350.89397
192.78442 346.69215
200.83591 348.07938
189.92580 350.31400
197.70870 350.12001
215.19905 362.61951
177.63617 316.24828
178.95790 306.04934
256.79443 221.40423
198.74519 276.54912
201.57818 309.96534
202.10827 303.90079
250.88413 299.18570
178.34810 292.56641
234.06784 210.98575
247.59029 214.17141
266.28777 190.99564
189.87408 222.14996
203.71639 232.84670
223.53664 351.79110
265.82359 347.32084
194.09431 316.01805
185.75638 319.36915
211.70059 350.20215
209.22340 350.29311
252.74906 206.73249
202.07588 313.46981
215.38845 212.78513
216.88099 204.23958
227.52548 168.08471
260.22549 201.90590
221.41434 188.48509
262.37892 216.32449
269.64558 216.09149
180.77740 348.73142
191.47339 348.79112
199.43230 349.15821
191.69266 317.62483
210.44666 350.25265
205.09907 352.26913
207.98962 350.33411
188.95580 314.49576
196.01864 350.82715
188.28941 351.32700
178.98016 352.23331
181.90704 386.59447
180.88554 365.09559
180.55492 360.26825
179.84888 355.87467
178.91464 352.34242
195.76492 350.76947
197.41928 352.34242
198.98483 354.52315
200.24426 357.22898
212.94857 337.48420
277.32033 296.21778
201.60461 350.58472
203.34961 351.31796
182.25723 323.38966
198.70766 318.98503
183.93024 321.48226
209.60827 281.86916
226.82808 288.23256
203.87547 307.75098
251.41468 177.15625
244.99844 192.23476
237.38422 202.45220
206.75503 371.99184
192.68772 208.21278
196.98647 188.02946
201.12705 163.56533
238.31646 255.11809
262.67910 264.62225
196.10676 252.11393
252.48287 236.16960
191.56139 270.48476
195.24765 307.70022
272.53326 272.89205
256.27796 272.61097
243.76064 277.07376
224.52496 275.64532
210.22797 271.32711
199.58839 266.75692
178.37952 258.24500
271.81675 294.12038
260.30045 234.18427
174.21833 320.92820
198.48324 287.18673
280.87692 250.51912
191.53210 261.64879
204.83265 307.59861
246.64284 244.11390
195.58777 300.26488
272.97089 321.04137
196.00513 248.58593
187.07611 295.47404
246.28132 374.28461
244.16210 385.29716
278.49152 295.86460
258.74416 359.57776
274.62296 232.97628
205.51529 414.31754
172.89797 322.52729
207.83535 294.02333
271.21284 250.35442
228.93894 251.54413
220.55500 252.38349
206.54697 353.56184
269.84791 314.77890
187.24628 429.74962
216.64043 411.98801
229.24095 400.68585
212.08477 251.55909
203.79272 249.98405
198.45222 249.26552
267.00806 231.37741
205.65331 242.13408
214.80457 239.76065
223.53264 239.46653
231.75659 240.58546
236.85070 242.25398
279.56543 227.18473
234.54323 249.67480
202.71080 332.87988
194.08905 314.90182
183.11062 331.56761
232.29927 389.23080
219.22634 401.68962
187.95502 422.99857
255.83073 368.83897
199.02740 245.96949
185.05280 274.85131
203.25325 422.33617
274.57729 318.46667
188.15941 351.28046
189.70505 353.99562
190.81707 357.45824
191.65775 361.81173
195.91782 380.38762
203.88256 350.06619
205.55592 349.57873
206.93607 349.03033
220.55191 343.72883
258.37257 321.07976
184.77196 263.73284
189.22085 240.32249
194.88270 241.67137
201.80454 350.57229
257.33299 345.25338
180.99106 240.48793
200.53150 391.18716
178.03843 270.14593
192.46513 290.76007
184.48208 398.66962
223.27400 367.90196
213.38860 315.27097
212.70493 380.85677
237.40894 313.43801
223.29254 325.03684
245.54317 329.13064
187.27890 412.18351
198.71681 295.51785
230.58540 376.94508
217.34768 390.60986
232.38316 354.21754
266.34727 332.28688
244.29508 356.63356
268.70899 339.74501
231.16699 336.66814
191.47614 280.91306
192.10178 312.71401
198.46836 313.75823
187.63424 306.65779
197.34123 229.89886
214.16290 222.59104
228.81866 221.23068
240.64316 223.32705
248.64269 227.93101
253.53767 246.45827
280.20630 274.26883
246.34106 262.35609
236.29566 265.89767
222.87392 265.92995
210.10128 263.45841
200.12707 260.16676
193.30284 257.03360
279.60308 272.95846
198.27438 315.66191
185.29724 284.92122
184.92611 314.32748
179.47277 318.92504
184.97177 315.58041
195.63354 318.30921
177.47864 320.10191
176.35185 321.66672
192.57648 248.91146
187.91531 251.46476
185.25867 253.75730
239.84459 243.48334
246.92757 237.26690
110.97570 245.95520
121.65361 245.58850
110.50627 236.99193
100.14490 246.22724
111.36572 254.80243
221.72127 245.11680
232.58194 245.30146
221.15192 235.14005
210.79044 244.83083
222.27837 255.06018
