168.49255 362.58337
162.82418 337.41442
163.01266 343.59873
155.77496 299.73560
163.13214 326.81508
163.77032 311.57046
166.09496 273.74938
97.85430 263.81067
167.91016 249.30562
168.32072 235.01111
169.89280 170.07876
168.45130 365.74067
168.18328 368.61145
167.92641 370.58159
167.62154 370.87545
167.72025 376.09707
167.56650 382.12154
167.26008 388.20074
164.58674 404.72323
162.77308 341.92124
152.48513 339.48768
56.08868 213.04903
128.08461 273.54158
117.43960 274.57895
107.05300 273.86641
93.81631 266.42769
136.90486 271.25537
108.47310 248.01276
120.78580 248.84938
98.22097 249.63827
92.23622 252.63718
84.66298 271.56423
125.60044 422.27196
93.85779 260.50244
52.04354 262.03500
72.00690 262.88254
110.88837 317.00618
153.86655 360.02486
154.93874 367.53912
140.22931 361.82486
130.78130 363.55849
143.57745 366.78203
134.62388 366.47278
112.80228 374.98258
154.15150 336.69820
153.36055 326.27808
75.90104 244.59902
134.86277 292.02095
129.73943 326.64855
129.91772 320.10773
78.81831 312.78678
154.44808 312.11692
99.44955 239.64825
85.21149 240.55318
65.65245 196.05063
146.15231 251.37721
131.94064 252.55765
103.06371 363.46882
59.69815 362.71643
136.88180 333.35795
145.46813 337.34432
118.09117 365.91924
120.88336 366.28185
79.18526 232.25749
128.81102 329.31803
119.68791 242.81566
117.31852 233.86518
107.12916 174.60721
72.79671 211.41576
113.40653 200.15853
69.61680 237.13317
62.65118 224.52597
154.23150 364.29073
141.90009 364.47664
132.61967 365.00102
139.02551 334.92254
119.52781 366.11075
125.01805 369.01442
122.29110 366.45669
142.67829 333.31888
136.19939 367.69111
145.11777 368.50105
155.79287 369.66569
149.35775 403.18092
152.27879 386.88116
153.16685 380.80750
154.30217 374.85293
155.56033 369.93515
136.04060 367.59197
133.85804 369.73592
131.53306 372.53750
129.53481 375.76715
115.64872 351.98371
51.00842 306.71480
162.85210 343.08072
129.49778 367.00309
127.30086 367.90959
149.08606 341.55109
131.55228 334.44058
147.34753 339.56512
123.74266 296.61293
105.31962 302.36704
127.72973 323.30186
81.65850 182.85738
88.88625 202.72248
95.54711 230.23273
122.35781 386.56186
142.12090 238.11486
138.96222 199.95605
135.58369 170.67553
98.59788 271.14987
73.40388 277.23917
142.31002 269.29657
82.18625 254.77746
142.39602 286.67998
136.64079 325.80249
58.80797 284.22190
80.68387 286.39198
93.80360 292.33638
113.56812 292.18092
128.23115 288.57860
138.49089 284.79283
156.18123 275.92377
57.88947 306.47913
73.34437 252.03279
157.48597 341.33416
134.51436 303.10482
49.49506 257.01745
146.16227 280.87521
126.72877 322.43411
89.57221 260.56256
136.93244 317.73675
53.66013 334.00999
141.65192 265.58083
145.61925 314.19662
79.53271 392.47511
81.82919 404.48396
50.86863 308.08607
66.44793 376.85738
57.01508 241.29434
124.80273 434.87407
158.54850 342.45875
124.65699 309.19709
63.61987 261.98968
108.35231 268.32402
117.51021 269.02691
122.96292 370.36858
57.62179 328.86317
145.69953 451.42579
113.24300 432.77757
98.75706 420.81816
168.65191 200.44222
167.65107 454.13873
126.41337 267.86295
134.89178 266.18214
139.90189 265.77044
65.95092 246.78516
130.92612 257.65226
121.08420 254.71537
111.64483 254.50136
103.21631 256.03804
98.39886 258.06766
51.22609 232.25517
102.18686 266.28359
163.31073 349.93716
127.14070 348.46739
137.05523 332.63633
147.98159 349.06748
167.18867 260.46494
95.15435 407.90712
109.53900 421.35085
143.66826 443.77055
69.48720 386.29079
138.18620 262.41786
148.64140 292.45289
166.39417 446.86187
128.30914 443.71944
52.69065 332.58631
144.94971 368.59735
142.81882 372.32951
141.00854 376.85705
139.56618 382.27308
134.27472 396.43006
127.48568 366.33033
125.46082 365.54684
123.75159 364.76181
106.75809 356.58110
68.74139 335.99692
149.46240 280.68493
147.67672 260.83686
141.80465 260.27263
129.59489 367.18050
67.95209 361.55784
155.45630 263.57319
129.42208 408.77950
164.53049 298.68130
155.88122 288.34010
165.25754 286.64838
140.47639 307.86102
165.74031 434.76489
165.10367 418.91278
146.67130 416.85529
104.41096 382.44096
117.55902 330.04512
116.16891 396.90320
91.67088 328.66632
106.30462 339.88544
81.68649 344.45850
144.07561 431.88324
134.01254 311.65948
96.87211 393.77872
111.40702 408.70438
94.24203 368.04368
59.60643 347.67200
81.51580 372.80471
57.32076 355.47111
96.26649 350.59248
141.82278 297.67232
139.47079 331.34913
132.56526 330.97197
144.60410 325.98293
138.67869 253.50007
120.63994 247.45290
105.19431 245.78770
93.14534 246.86788
85.48123 249.75871
81.87880 261.84571
50.54871 284.89717
90.78465 277.20820
101.33147 281.54836
115.42092 282.33184
128.53253 280.19041
138.32021 277.35414
144.76054 275.05184
50.32658 281.41852
132.52480 332.28279
147.82647 303.10798
147.00805 334.06464
152.17048 338.71134
146.83621 334.98974
134.80063 334.70052
154.17599 340.26898
155.10938 341.37001
144.99669 266.86262
149.47785 270.52667
151.80192 274.18602
95.73153 259.50369
88.67780 255.85394
173.52423 299.87008
240.18309 264.20186
173.49551 339.59081
290.36526 214.18367
210.94716 272.81017
221.54868 273.21901
232.20994 272.68645
245.98439 267.73063
202.00898 271.06554
228.03553 250.59559
215.86257 251.20900
238.74108 251.92998
245.41001 254.65238
256.92849 273.36539
205.56489 422.41126
244.56452 262.55990
291.06095 262.32989
270.54913 267.04026
220.30837 317.47520
182.75401 359.75842
180.88942 367.36255
195.33713 361.11907
203.47445 362.65810
191.31779 366.36966
199.26806 365.81097
215.96179 374.72103
171.68729 336.82103
173.14578 326.46380
262.95461 247.83258
198.23323 292.39669
197.96315 327.09987
198.74175 320.59278
253.80505 313.13272
173.26016 312.25712
235.55470 241.44600
251.52562 243.01532
279.49715 197.09508
187.44958 252.03542
205.11765 254.29691
225.28786 362.61317
277.50726 362.15741
189.97472 333.57940
181.06229 337.42240
214.42307 364.78776
211.50414 365.22073
257.98341 235.79814
198.51807 329.64299
213.84824 243.90521
216.01815 235.32557
234.26564 175.08811
269.95610 212.18634
225.67359 200.53904
269.81454 241.76957
281.14705 225.62466
182.15234 364.08030
193.40422 363.95850
201.55625 364.23138
187.58668 334.99374
212.94598 365.01860
207.83700 368.04613
210.09486 365.40799
184.04233 333.64834
197.37487 367.03528
189.39456 368.07522
179.61570 369.45499
179.83805 403.21600
181.81371 386.60654
181.45551 380.48190
180.56264 374.52784
179.21046 369.67103
197.01455 366.89591
199.55943 368.96074
201.90169 371.69299
203.67198 374.86754
212.25116 351.29685
290.71500 307.17899
203.02710 366.18047
205.52380 367.03843
177.30038 341.74157
195.47892 334.48995
179.03479 339.74614
209.19490 297.12502
227.47203 302.95664
200.77536 323.72897
261.51986 183.74441
252.09771 203.31291
239.52134 232.68557
206.69923 386.36244
190.82885 239.12822
198.90803 200.13317
204.89215 170.86945
240.81733 270.93010
269.46297 279.64273
196.35485 269.28112
257.45229 257.67543
190.86850 286.92480
190.90615 326.33717
279.79150 285.30787
261.52146 286.82218
247.61391 291.10466
226.78830 290.79188
211.24842 287.47312
200.08569 283.76653
176.48499 275.82586
278.05886 307.21008
267.29501 255.90646
168.26728 341.39319
197.10604 303.37493
295.95616 257.35833
191.73396 279.42122
202.22705 322.75971
250.23827 262.90320
191.77533 318.24529
285.75673 334.24450
196.67031 265.94843
182.65502 314.54751
253.19543 391.61573
252.27223 403.64582
288.18127 308.50121
267.13639 375.81724
286.62717 242.09884
207.86132 434.96175
167.22363 342.52152
206.61237 309.60985
280.69638 267.61743
229.86716 266.52672
221.07243 267.20010
209.81837 369.31839
276.72013 328.81032
189.28321 451.48102
221.09235 432.57866
235.44301 420.29648
212.50676 266.89027
204.05541 266.16295
198.92382 266.12278
275.63180 252.25378
206.44637 260.09068
215.86806 258.36889
225.00851 258.37926
233.45992 259.45509
238.81833 260.80422
295.21813 233.03782
235.77958 265.32923
200.33946 348.21634
189.85307 332.98826
179.04166 349.15522
237.32779 407.62150
223.09289 421.33971
188.69561 443.87741
265.65816 385.37985
199.82814 263.42346
182.71779 292.71495
206.27757 443.69047
284.14311 332.43491
189.02961 368.09395
191.37559 371.76347
193.07132 376.25478
194.21481 381.69848
194.97710 396.29642
205.54074 365.40226
207.69463 364.54964
209.52758 363.68981
221.43378 355.63230
263.37758 335.55159
183.52900 280.84193
189.11332 261.03120
195.50896 260.97996
203.25249 366.29891
264.27731 360.49420
180.31230 262.93001
200.56794 408.76656
174.95618 288.43808
189.74864 308.29593
183.25537 416.87241
224.78919 382.32973
211.60394 330.34401
213.49759 396.97748
239.21321 328.59841
223.24996 339.87855
248.92896 343.95401
186.80985 432.00632
196.26759 311.99203
233.92541 393.65513
219.72043 408.75086
234.85015 367.58122
273.99014 347.00587
249.23875 372.04478
278.01801 354.79945
232.93778 349.92383
189.74732 297.97391
187.36924 331.77747
194.63137 331.32602
182.36789 326.38597
197.05357 254.13395
214.83992 248.62427
230.56868 247.13622
243.59555 248.35828
252.58145 251.81437
259.30302 265.30290
290.75093 285.38583
250.40295 277.63751
239.46515 280.76134
224.61959 281.28990
210.79587 279.55956
200.42781 277.08828
193.40817 274.61004
293.71655 281.76652
194.44661 332.51615
181.91624 303.42167
179.26751 334.34273
173.98017 338.94199
179.59636 335.31393
191.94407 334.71693
171.75034 340.40352
170.77422 341.42833
193.00574 266.81299
188.00582 269.98368
185.23824 272.70711
242.08287 261.85495
250.10449 258.14024
114.79293 260.83538
125.34243 260.85829
115.15593 251.01347
104.15902 260.74844
114.38048 270.71039
222.71191 262.09068
233.91700 261.99943
223.18782 252.75260
211.63237 262.07237
222.27801 271.44012
