151.47474 329.22779
156.06748 302.02034
154.90064 309.67577
148.55707 269.82740
156.22964 292.52243
156.20424 279.57650
155.81777 246.75479
88.17987 239.44533
155.25209 224.15996
155.39377 210.85109
157.59435 150.59644
151.46764 333.18300
151.50404 337.08909
151.60898 339.60459
151.67398 339.44907
151.72033 344.58912
151.74574 350.70231
151.79174 356.91720
152.93569 362.85316
155.79626 306.48249
148.00615 305.39593
51.99319 191.70018
113.40070 249.80263
104.38802 250.50448
95.70264 249.39907
84.43725 242.20722
121.10029 247.34267
101.30945 221.01263
111.82062 222.65939
91.59410 222.30061
85.17459 225.71563
76.73887 247.88582
119.62320 378.34151
85.06919 235.87269
48.00745 236.60806
65.99435 240.37652
110.28196 289.30796
141.22026 326.65512
142.47476 336.29827
131.36793 329.27774
124.82843 332.27817
134.69644 336.04927
128.55268 336.32247
114.12843 346.32301
149.09025 301.55628
148.03648 292.40939
72.76920 218.87429
128.84119 265.78915
129.40893 296.76255
128.66861 291.33217
81.16230 286.39856
148.23927 280.33668
95.84226 210.27148
82.45479 212.89300
61.89537 175.25368
136.31956 221.19812
120.63440 227.36773
107.28178 337.52631
58.98645 330.09509
136.03391 302.49664
142.70158 305.37456
116.97424 337.15262
119.05191 337.24288
77.33585 206.98636
129.04432 300.21294
113.65293 212.36077
112.44569 205.18279
102.09749 153.98468
70.14238 190.38434
108.63412 178.89704
66.92476 214.53387
59.45371 202.69191
141.62481 331.96867
133.01679 332.95138
126.62756 334.38375
137.93832 303.98346
118.02972 337.22054
121.82870 339.97010
120.22207 337.30648
139.95454 300.46309
129.98022 337.68570
136.06721 338.06801
143.34417 338.82510
141.91881 362.43358
141.16029 355.86316
141.61806 349.55853
142.39420 343.45912
143.42920 338.74431
130.02290 337.79571
128.22973 340.03370
126.26237 343.01295
124.68137 346.43714
118.17735 323.09201
47.43169 279.17957
155.50661 308.01476
125.44698 337.57749
123.68539 338.68284
145.06136 309.01518
131.82409 305.34154
144.00518 307.23629
119.24028 270.66869
103.56874 276.37587
127.06346 294.94349
78.10655 162.32491
86.11215 182.10700
92.86783 203.22038
121.36476 352.75883
134.11291 209.18161
131.10906 178.34294
127.64654 150.28381
88.41962 246.70142
67.03863 253.78886
126.24864 244.94249
76.05331 229.78149
135.12754 260.09899
134.42899 294.33234
57.23510 258.45928
73.55135 261.28198
85.69810 265.78992
103.04895 265.26702
115.68678 261.97708
125.25426 258.02731
147.07574 248.65347
59.34185 280.11755
68.57311 228.37967
151.57842 306.03123
130.07715 275.84067
44.13986 232.85118
132.73080 253.54019
125.91081 294.89740
81.10015 235.97331
133.87235 287.68054
52.13310 304.35715
126.27737 241.57910
140.76250 283.04743
80.73938 355.75301
81.34586 365.64412
50.14085 280.15766
68.30360 342.21678
53.22332 217.77190
118.26559 387.04815
152.27697 307.51793
121.92701 282.17530
57.83495 241.15955
96.71716 244.41534
104.35953 245.64696
120.18957 341.52651
61.34233 300.41649
134.41331 398.88744
108.39918 386.89333
96.20802 378.44798
156.56324 179.39506
151.71976 400.49284
111.95417 245.00407
119.09322 243.36001
123.86209 242.44814
61.42398 225.98091
118.38907 233.74880
110.64428 230.33787
102.82888 229.39631
94.97949 230.44637
90.13773 232.54319
46.52469 209.68852
91.62386 242.04764
154.73047 316.50092
127.53828 318.52861
136.05600 301.29917
143.71049 316.75700
155.51965 234.59482
93.77477 368.35210
105.58004 377.82620
133.61154 393.62887
69.19521 350.79417
123.83772 238.48897
141.52250 264.24816
151.81944 395.14383
120.74335 394.04678
53.66884 302.62957
136.14481 338.11886
134.37234 341.81870
132.93062 346.51574
131.92640 352.09901
130.65256 358.41857
123.62978 336.66365
121.76347 335.77691
120.17194 334.73085
110.87099 329.48773
73.71036 307.04678
141.19863 253.71522
134.02010 235.21502
127.85837 235.59759
125.52080 337.47037
72.74065 329.65780
142.97865 235.91997
124.25394 368.53183
156.05718 268.68297
147.78585 259.87713
155.92420 258.20163
135.63451 279.05887
151.99888 386.57089
152.33041 374.43213
137.80477 373.60726
104.89969 351.06466
117.78677 302.06283
113.78545 361.13035
94.69202 300.00534
108.24731 311.19961
86.67234 315.02060
134.54836 385.20824
130.65942 283.65736
96.85850 358.36933
108.07027 368.94453
97.59206 339.29837
63.89253 317.20381
85.51866 340.70222
58.60118 323.17769
100.50481 322.85647
135.91993 269.86589
137.26953 298.84225
132.20689 300.20090
140.83013 293.01887
127.44432 226.43538
112.67400 219.26278
99.37471 217.33825
88.23331 218.91909
80.26285 222.91965
74.61593 238.20296
47.76174 258.13468
81.84562 252.47739
91.24368 256.23886
103.31777 257.06355
114.65292 255.29699
123.53010 252.32070
129.81508 249.52431
45.16794 255.56404
132.34033 302.17355
141.64301 273.55582
143.24106 299.90086
147.49872 304.21578
143.17606 301.17564
134.54206 304.66646
149.01655 305.25270
149.75732 306.86094
129.61938 242.04835
134.84430 244.73830
138.43168 246.77719
87.36997 234.25374
81.17380 230.06052
163.42764 270.06049
216.39696 239.63893
163.36698 305.61609
259.20805 200.21477
188.66129 248.76059
198.82627 249.80958
208.46838 249.50628
219.95710 242.72690
180.33754 246.18139
205.46247 221.38924
193.43198 221.74371
215.51485 223.77185
221.30579 227.61489
228.56489 249.35675
184.00480 378.61419
219.63403 236.22301
261.18593 244.74387
238.88311 242.10455
199.58376 291.39223
161.93716 327.23918
160.93809 336.81595
172.33366 330.44863
179.22678 333.72560
169.12325 337.04782
175.64523 337.58940
190.33464 346.96539
163.01416 301.80611
164.32623 292.63952
235.56558 222.69669
181.99979 266.82839
181.70454 297.31030
182.35319 291.94532
227.94759 290.62014
163.97729 280.51448
214.10116 214.92262
227.04111 217.29850
249.84048 182.66900
172.74473 221.77439
183.06169 225.44021
197.54613 338.73401
244.25142 334.57487
174.78704 302.68268
168.18060 305.66881
187.88583 338.66327
185.80507 338.69487
232.36765 210.89644
181.69447 300.75657
196.16621 215.62081
198.51820 208.09493
212.04259 158.30192
241.17696 195.84491
203.73270 181.41865
241.46249 217.35142
251.75886 209.60712
161.62164 332.51867
170.73721 334.05982
177.50181 335.71659
172.77860 304.20993
186.80185 338.69931
182.70750 341.20355
184.58250 338.71444
171.59036 300.69361
174.28945 338.82491
167.83384 338.93698
160.29024 339.29393
163.94834 362.60565
162.66626 356.21605
162.04748 349.91342
161.28107 343.82753
160.30958 339.11980
174.30879 338.82478
176.11639 341.05022
178.03934 344.00713
179.61393 347.36849
189.75969 324.30493
258.65873 286.63538
179.11806 338.77688
180.87129 339.90747
165.29806 309.30061
178.61475 305.89598
166.65865 307.57747
191.24570 272.26816
206.44197 279.18099
183.55173 295.64336
234.66928 168.38701
225.66221 186.02393
217.81660 207.18904
183.48524 353.13606
176.75771 209.85086
181.76233 179.86044
187.38699 152.71424
215.96597 247.21695
238.79922 256.40434
174.94314 243.86808
230.08524 231.94545
176.02220 260.85798
177.19144 294.77902
252.13777 265.04023
232.90254 264.41871
221.11902 268.90216
202.66828 267.08878
189.09959 262.51971
179.74760 258.08370
164.51379 249.05014
249.63438 285.98161
237.84662 230.90145
159.97427 306.19242
180.80503 276.70861
264.12901 241.86086
172.79977 253.50887
184.28609 295.71417
223.63512 236.81308
177.59462 288.21169
252.70425 310.30161
174.53687 240.19064
171.07309 283.41300
221.91358 357.11695
220.29298 366.44454
257.80798 286.71540
235.07520 345.08724
257.25546 225.57249
184.75050 386.83842
158.77287 307.67577
188.27882 283.47570
246.24063 242.97284
207.10104 244.11453
198.49439 244.77580
184.40065 342.76511
246.33012 305.35660
168.99324 398.48801
193.84718 385.82834
205.46739 377.86476
189.97335 243.73914
181.86544 241.86524
176.79983 241.01947
244.13377 227.58969
183.45171 230.66047
192.38405 226.95191
201.88551 226.85641
210.41410 229.12254
215.15722 232.06113
263.54627 218.72996
212.69662 242.11137
181.66734 319.24309
175.00196 301.44517
166.06413 317.01687
208.59506 368.72682
196.74539 377.63308
170.14074 393.62952
233.00714 353.32905
177.33106 236.52981
170.07013 264.71196
182.17317 393.04977
252.97044 308.07907
167.90868 338.85767
169.60744 342.53369
171.06680 347.18767
172.19896 352.68197
174.65314 358.52974
180.92863 338.02346
182.71928 337.20844
184.30097 336.24271
195.51218 330.94661
233.87930 311.08651
170.19395 254.32335
170.20403 233.70367
174.56159 233.72872
179.08784 338.73414
232.09138 332.63969
164.61313 234.96075
179.97739 368.83915
164.03017 260.14019
175.67281 279.66636
166.90206 373.92294
199.30246 352.02401
191.75233 303.36046
190.10690 361.55380
214.09589 302.99585
200.37214 313.22035
220.61388 318.07072
169.60126 385.58289
180.24988 284.32929
206.55172 359.05426
194.96343 369.14028
207.19087 341.01513
242.11687 321.23266
218.78969 342.47962
246.40783 327.54457
206.44701 325.17783
175.30489 270.50595
174.34953 299.15922
178.89581 300.57942
171.25265 293.35606
177.83071 225.44169
194.33160 220.38979
208.93175 219.98704
220.29447 222.05441
227.23943 225.95815
230.28162 239.74144
260.90166 265.64547
223.45899 254.15299
214.05378 257.59234
200.93244 257.42404
188.53860 254.74280
179.49537 251.50153
173.50313 248.66358
262.00452 263.93385
178.42203 302.54267
169.98979 273.96214
168.76047 300.17741
164.18707 304.44785
168.56775 301.50581
176.09705 305.05244
162.60057 305.47376
161.41737 306.99850
171.77404 240.90158
168.87640 243.65275
167.56513 246.36923
217.71291 234.28751
224.50853 231.70306
103.19440 236.78006
112.89625 236.82023
102.97926 227.87602
93.31163 236.62782
103.30061 245.61017
199.65940 235.06693
210.53735 235.41909
199.51337 225.10186
188.64435 234.56643
199.74432 245.00799
