119.48996 287.04979
123.99178 254.79691
124.01856 263.26164
120.13203 226.37475
124.68730 245.82492
125.86140 234.57336
128.70961 208.13214
73.29732 203.76160
130.02019 189.69024
130.96450 178.50317
135.33242 133.32767
119.43806 289.43623
119.66843 291.27923
120.16448 292.34054
119.97519 292.39404
119.66792 294.93079
119.44121 298.16585
119.52733 301.87013
120.06257 314.90657
123.89222 259.51629
116.61315 258.78611
49.25219 170.06188
94.74234 212.52444
86.66785 212.51285
79.13724 211.47716
69.95621 206.60946
101.84317 211.20705
85.07415 188.56783
94.28635 190.20175
76.49211 189.50632
70.89835 192.50862
63.23928 211.38935
88.31528 327.59520
70.89429 201.56127
41.85622 206.57026
55.63622 205.92466
85.97142 245.07479
110.45502 284.60735
111.55286 290.08575
102.59150 285.77108
96.91323 287.28887
104.93777 289.60701
99.43208 289.51985
85.99185 297.16582
117.33544 254.21975
117.05724 245.46373
61.02416 185.88586
104.06184 225.54543
99.55304 250.37526
99.51361 245.79415
62.17429 242.68893
118.58559 235.05693
79.59145 177.60530
68.66097 180.07735
58.01499 154.84918
113.71241 186.70816
102.02891 194.33694
80.42189 288.43130
42.61845 287.91342
105.20928 255.82244
111.52287 258.71832
89.26274 289.96660
91.02267 290.00522
65.27884 175.22678
98.90731 253.84812
94.33648 179.07545
93.39371 172.62785
90.32876 135.52434
62.16800 163.94316
93.32619 153.21378
57.25413 182.53556
53.20750 175.81045
110.71721 287.86578
103.67429 287.93151
98.05878 288.48402
106.98558 257.34287
90.15246 289.98720
93.77978 291.52487
91.94432 290.05112
109.12562 253.92414
100.77527 290.26979
106.17665 290.62018
112.58208 291.34102
109.56765 313.59124
110.72465 300.62419
110.78473 296.86970
111.41032 293.83844
112.43977 291.46475
100.64772 290.41927
99.30859 291.45207
97.96923 293.03185
96.94373 295.17283
89.88347 274.56046
37.78464 245.13272
123.94893 261.33020
96.59234 290.27282
95.13608 290.79952
113.88820 262.12520
101.54351 258.88164
112.73131 260.48858
95.14804 229.78813
81.72892 234.25793
97.82681 249.35759
71.11670 142.96908
75.05673 155.97403
77.56345 171.48890
91.82095 303.34350
111.83896 175.79931
112.01005 153.31021
110.90941 132.62884
73.10128 209.63075
54.77271 216.56462
106.59865 209.57706
63.47943 196.16655
110.15462 220.39539
104.58152 247.94215
45.74435 221.94929
58.83445 221.92503
68.08682 225.20238
83.16802 225.20206
94.83006 222.99188
103.71239 219.88846
121.05923 209.82908
44.70792 239.37436
57.88579 195.10118
119.84908 258.96359
103.70129 233.53547
40.29107 206.67152
110.39798 215.94960
97.16992 249.86916
67.56509 201.87914
104.88215 242.30778
38.96298 266.02859
107.04337 206.86380
111.64784 237.75049
56.73589 306.95258
56.61229 318.05319
38.05072 242.39983
47.92725 295.28786
47.42926 189.92964
85.69922 336.81258
120.73462 260.79114
95.92589 239.15382
49.72071 207.43189
80.28394 206.79157
86.89467 207.93213
92.64092 292.63718
44.40871 256.76126
99.16875 350.03821
76.58561 337.72790
67.30159 329.67599
133.26974 154.85330
115.64378 352.99898
93.72124 208.07543
100.32677 207.59231
104.74408 207.36224
53.06142 193.67435
99.96823 200.64125
93.15373 197.69161
86.32144 196.49897
79.39135 197.14129
75.07722 198.85985
43.69855 186.31729
76.05832 205.28338
124.07412 269.37457
97.73835 270.32909
105.26336 254.60193
113.04911 268.87800
129.46286 198.78795
66.37524 318.55382
75.49687 327.82611
99.31535 343.45059
48.86172 305.31763
104.78001 204.37849
114.86769 222.57770
116.37357 346.44297
86.81342 344.69705
38.84082 261.49995
106.00419 290.74499
104.57831 292.48609
103.63046 294.92132
103.11106 298.22849
99.45897 309.12690
94.92402 289.66301
93.53053 289.17436
92.49507 288.57749
83.56890 280.60155
54.07994 261.11300
115.82516 214.51074
113.17557 200.51939
108.40779 201.45666
96.59051 290.13841
51.85281 282.19825
119.58249 200.13701
93.49231 318.20015
126.89950 225.53944
120.55089 218.43067
127.81623 217.10136
108.08701 235.36051
117.37773 337.01342
118.72521 325.35244
105.36097 323.55740
77.75399 301.04500
90.45436 256.21241
84.80029 310.86890
72.29321 254.00931
82.59003 264.02652
64.30198 267.43411
101.33752 334.41352
102.89792 239.79935
69.96943 308.10505
78.95224 318.48777
72.12664 289.80547
45.44984 271.74208
61.53703 291.46571
41.51559 279.22100
75.51907 274.33953
109.50740 228.00313
106.71532 252.13792
101.79974 253.47308
110.40376 246.40744
107.36089 192.49761
94.37035 186.16736
82.75191 184.39775
73.15947 185.71945
66.57477 189.57160
62.50417 203.78683
38.83172 224.23331
66.86019 214.75658
74.41003 217.48799
84.83542 218.35612
95.10152 217.44370
103.34195 215.43288
109.04116 213.15446
38.72889 225.81992
101.82051 255.51113
113.86187 229.97964
111.99580 252.93711
116.09324 257.48391
112.07820 254.55217
103.88434 258.03307
117.44759 258.28445
118.26510 260.12835
109.82011 207.19146
113.62029 208.92786
115.60092 209.95802
72.69124 200.28468
67.46815 196.49054
133.62817 227.33873
187.47422 211.04908
132.04413 259.78029
222.58006 183.09175
163.69237 216.64682
171.91781 218.03580
179.88089 218.20671
190.57671 214.16357
156.85653 213.96730
178.08245 193.52893
168.47794 193.74503
186.64899 195.64757
191.80180 199.43097
196.97997 219.97182
148.82569 332.54194
190.59056 208.74124
224.02613 220.67014
206.71414 215.02121
167.48792 250.87331
129.42155 286.00206
129.04183 291.39928
139.31834 288.77994
146.87848 291.27330
137.49095 292.17066
144.72550 293.09693
160.30223 302.18408
130.86665 255.17980
132.48696 246.54616
203.86674 193.71323
152.02546 228.78371
151.37240 254.06531
152.39550 249.53017
192.64214 252.18536
133.12646 236.07100
185.35878 183.11556
196.60231 186.93926
214.74778 166.39905
147.89208 188.81753
159.85791 196.77945
167.86437 294.35053
208.13996 301.08053
144.90065 258.56557
138.02584 260.59570
157.74459 294.96065
155.86610 294.81189
201.48877 181.98292
151.84121 257.62585
169.45544 183.26098
171.34595 176.60301
182.28169 142.16216
207.40908 174.48456
174.85419 158.84893
208.94688 190.62687
215.99072 188.03418
129.20605 289.20088
138.34142 290.68513
145.78923 292.24489
142.91596 259.82503
156.76011 294.88907
151.70256 295.81141
154.81078 294.73799
140.49725 255.98196
143.89094 293.60625
136.78880 292.96097
128.87555 292.56643
131.21049 315.32969
129.32616 302.11829
129.13430 298.26357
128.95337 295.11212
128.67402 292.60583
143.71974 293.65047
144.82901 294.82528
145.91597 296.64568
146.83671 298.97528
159.75119 279.56784
222.20378 260.04196
149.24723 294.23124
150.39050 294.89583
134.95070 263.74515
148.81762 262.27886
136.39146 262.26122
160.51366 234.31580
173.68523 240.82642
153.88552 253.35631
202.09554 152.52486
194.25622 164.49213
188.68729 176.77083
152.44832 307.60274
151.33784 178.08198
155.36748 156.28560
160.82551 136.17360
186.60195 217.17925
205.42903 226.53426
152.39859 211.56361
199.34678 203.91024
146.55244 222.82811
146.01434 250.80450
214.81318 234.73204
199.37024 231.74938
188.56049 233.83854
172.90292 231.40273
161.53264 227.09366
153.13496 222.56019
136.31696 210.81791
212.40432 252.04046
205.88387 203.57254
128.08064 259.52376
150.85736 236.79281
227.25709 221.33807
146.90560 217.74690
154.81885 253.96689
194.03329 209.34989
146.94279 245.23932
216.76045 280.40650
152.61884 208.81559
140.10541 239.76556
186.96936 317.04742
185.29166 328.07304
220.55148 256.65639
199.00603 307.02081
220.58730 203.07609
149.07426 342.17472
127.25644 261.23299
157.98554 243.51998
213.65945 217.35467
179.38674 213.57012
172.32098 213.62760
152.94516 297.06082
209.57333 269.33459
132.49869 352.85775
158.71447 344.22732
170.91531 337.82323
165.45516 212.43734
158.98484 210.61411
154.71928 209.64330
211.74462 202.47568
161.08157 203.36654
168.51908 201.40935
175.73373 201.40761
182.61729 203.12128
186.63766 205.42571
226.47952 200.26962
184.15784 212.49026
151.73524 274.15369
144.80332 257.34081
135.72747 270.58684
174.06775 327.16171
161.86600 334.89252
133.96056 346.45720
197.04617 316.79618
155.39151 206.55964
140.52769 224.33985
146.17936 349.47617
215.90112 275.36982
136.65330 292.98505
137.57169 294.90362
138.17530 297.53371
138.63959 301.00271
142.78619 312.27667
150.80695 293.92058
152.00269 293.57779
153.06487 293.14315
165.72604 286.31504
198.18217 271.84823
141.31533 216.23014
147.08001 201.73810
152.06889 203.12411
149.43314 294.20923
196.97522 293.12287
139.82377 201.01487
146.20997 322.29241
135.02812 219.42748
145.35476 237.98436
132.66269 325.83756
166.97339 307.49312
161.20065 261.26061
157.16254 316.21096
180.19738 261.89938
168.58031 270.29839
186.46514 276.48650
134.03786 337.24658
150.36595 243.08489
172.74705 315.90229
160.68566 324.87203
175.06991 297.20077
205.98361 283.97913
184.98919 300.59728
209.50204 292.34486
174.60213 281.53437
145.46187 230.46520
143.10777 254.59317
148.53553 256.78932
139.57572 248.42115
154.21002 194.68526
168.50037 190.03219
180.77336 189.77573
190.52161 192.33719
196.85860 196.93555
199.38643 212.03662
223.47773 238.61058
192.20544 223.20296
183.67707 224.93595
172.70974 224.12156
162.43300 221.36884
154.54951 217.98134
149.14532 214.85307
225.23640 240.72349
148.46017 258.80285
139.69491 231.80564
136.95182 254.66096
132.52410 258.62061
137.12811 256.27678
146.20602 261.02951
130.79552 259.18535
129.97498 260.87134
149.63731 208.73551
145.15380 210.04801
142.44372 211.10978
188.86845 207.19841
194.74511 203.86286
87.58229 201.63575
96.13984 202.16219
87.85397 194.16616
78.91894 201.05465
87.24212 209.08692
173.40388 206.37495
181.79400 207.11659
173.85918 199.08574
164.98469 205.58162
172.96494 213.65445
