131.28810 310.25349
127.66725 280.02804
129.55695 288.36788
120.47023 250.15960
127.13435 270.74577
127.13830 258.62517
127.83353 228.88078
70.08561 228.34082
127.52202 206.18936
126.98501 193.56272
126.88842 143.19099
131.53884 313.26949
131.87621 315.96041
132.31790 317.60746
132.47565 317.81996
132.68497 321.82969
133.00637 326.43860
133.49424 331.17948
134.44942 343.93351
128.37907 284.68208
121.37117 284.30884
44.73832 189.94978
94.01424 236.01170
85.27393 236.73178
77.18398 236.03198
67.13590 231.32071
101.55074 233.76856
81.00694 209.33069
91.39754 210.46385
71.64573 211.10977
65.89805 214.97705
60.77447 236.24492
104.50320 358.41583
67.42315 225.91614
40.73558 230.24504
52.53232 230.08031
87.64789 271.02592
119.60855 308.26977
121.53539 315.45772
109.49975 310.28709
102.54707 312.27428
112.95650 315.17467
106.08398 315.15266
95.77153 324.65650
120.90276 279.90586
119.32920 271.01079
54.27892 207.38959
104.60214 248.84356
103.06554 276.49396
102.55325 271.59562
61.99041 269.68928
119.69999 259.74455
72.82602 197.77670
61.41431 200.83246
50.32499 173.33427
110.38381 205.52406
100.30030 214.62962
88.45802 315.40822
54.84168 315.24993
109.71753 281.62236
116.64916 284.50718
92.83527 315.21060
95.02326 315.45418
57.30657 195.39184
103.24887 279.93566
88.72890 198.62923
86.97017 191.65283
78.97001 150.08853
54.55266 183.76923
83.74580 169.86299
50.18525 203.65290
47.89254 196.76363
120.30704 312.39531
111.14061 312.92580
104.16503 313.73587
111.83624 283.13095
93.95312 315.34410
98.91408 317.59001
96.21001 315.57701
112.75920 279.46426
107.71533 316.20271
114.62671 316.64888
122.84808 317.23101
123.12297 343.20159
121.89422 330.48799
121.73068 325.67681
122.13140 321.19143
122.94015 317.38640
107.80437 316.21488
106.14434 317.83116
104.48753 320.04861
103.32469 322.67587
96.10753 301.80588
44.07691 269.89450
128.97840 286.51034
102.46513 315.90846
100.61330 316.68068
119.36279 288.01152
106.57161 284.87430
118.08191 286.33460
95.70424 253.81277
81.62154 259.53547
101.57117 275.20985
60.86471 159.77895
65.79173 174.43936
69.95778 191.12057
102.88821 331.92698
107.03544 193.87209
103.34472 168.17728
100.29144 144.93392
70.72007 234.38190
52.72933 242.04648
106.57710 231.44521
58.64587 219.22219
110.28053 243.10097
107.26632 273.78019
44.51997 247.47583
57.28162 247.93230
67.23861 250.94630
83.15454 249.86040
95.28035 246.65037
104.29950 242.63987
120.16284 231.30590
45.20890 266.27867
52.95455 217.93923
124.27579 284.43843
105.20679 257.75922
41.17509 228.94921
110.83837 237.91734
101.15701 275.47062
63.85339 226.16546
107.02611 267.76852
48.23604 292.14310
107.20458 228.34475
113.10550 262.86239
70.03640 336.73082
73.38174 347.10839
41.24301 268.63453
58.94193 324.59541
44.20171 212.19407
104.26322 367.70595
125.73211 286.25980
97.91026 264.00682
46.84438 231.67708
77.70189 231.34401
84.91739 232.09576
97.51830 318.77074
47.45847 284.67416
120.54107 379.88681
96.91468 367.41582
86.34921 359.08016
126.65542 167.69680
137.05907 381.69376
92.44090 231.51499
99.65995 230.16496
104.61164 229.30526
48.24743 216.20490
99.16951 221.48580
91.49768 218.59635
83.65791 217.96788
76.07940 219.50633
71.57209 222.06110
41.86752 207.47160
73.07189 229.92015
130.45165 294.92601
103.89672 297.30762
109.37856 280.40829
119.08973 295.32609
128.04496 217.10876
82.22968 348.60719
92.93534 358.13781
118.50820 374.22559
63.45107 333.70863
104.63018 225.58469
114.96419 245.89360
135.82746 376.14159
107.86473 374.76291
44.76024 288.86536
114.71179 316.69999
113.20895 319.54786
112.17687 323.04254
111.73112 327.35399
111.78628 338.55528
100.40633 315.22154
98.57585 314.52625
97.17241 313.79226
90.33078 307.75440
56.72063 289.44716
115.37681 236.58108
112.17818 220.88816
107.74205 222.17704
102.42267 315.91767
59.21012 311.33444
118.48050 220.01816
107.54625 348.26144
127.37926 248.70941
120.22830 241.32408
127.58187 239.32067
109.51005 259.89390
135.12399 367.02431
134.69941 355.03670
120.58324 353.93959
88.88808 329.73637
94.69819 282.47627
97.64974 340.24893
74.02129 281.45892
86.96817 291.22572
68.20214 295.72643
118.49967 365.34520
105.21497 264.70726
83.09091 337.84415
93.82232 348.69634
80.79625 317.99608
51.28194 300.35968
70.79366 320.76000
50.18302 307.61413
81.11131 301.93334
110.31057 251.69483
109.99356 277.91017
105.73756 279.54434
112.83427 272.14221
104.98431 212.35243
90.29193 206.27156
77.40857 205.19981
67.25761 207.31125
60.81556 211.86171
58.96259 227.92542
39.77187 249.28001
64.73109 239.88367
72.97382 242.36512
84.09805 242.68396
94.94647 240.92484
103.48479 237.98776
109.25439 234.98817
42.31956 249.21403
106.30588 281.52471
114.54454 254.18555
115.39254 278.68264
120.40992 282.94549
115.79314 280.01549
108.81557 283.98395
121.78258 283.84343
123.20960 285.66602
109.86619 228.48308
113.63113 230.05687
115.57800 231.10725
69.18651 224.07218
62.84076 219.82105
134.81448 249.79107
192.12524 225.88995
137.13523 283.84278
228.55373 185.90201
167.31948 234.67306
176.56482 235.04160
185.29094 234.04137
196.48326 228.74161
159.10926 232.74702
179.30225 207.86235
168.58302 209.08769
189.20928 209.37807
195.70071 212.96211
204.94239 233.70715
167.66023 357.96690
195.25851 223.48742
234.17266 226.99600
215.12809 227.39743
175.91491 269.27356
143.25078 307.41522
142.86798 314.63793
154.95723 308.75057
163.20201 310.08766
152.52216 313.64292
160.30454 313.03318
175.73867 322.96130
134.79572 279.57569
135.33147 270.55877
208.13655 205.76005
156.29768 247.59234
156.92058 275.07453
157.66530 270.06477
204.47719 267.42715
135.03604 259.29420
185.06870 196.94275
198.41846 199.55964
217.95181 169.18707
145.51677 206.06563
159.49985 213.35884
182.59036 313.38614
228.73397 313.38279
150.62015 280.52114
143.52292 283.69595
174.68776 311.80533
172.44300 312.20875
203.27590 193.51167
157.97527 278.48946
167.66818 198.53383
168.79783 190.98130
179.06924 147.23468
209.94346 179.78824
172.22202 166.94322
213.70719 201.37731
221.14665 193.08954
143.25387 311.55125
153.75240 311.39791
161.81728 311.58350
148.72483 282.10317
173.52733 312.01943
168.59189 314.70894
171.20383 312.42820
145.55619 278.64041
159.14005 314.07860
151.34484 315.12240
142.42612 316.45415
146.63749 342.90606
145.43603 329.77995
144.59552 324.91393
143.61608 320.39204
142.58422 316.60446
159.10754 314.10595
160.92269 315.63533
162.77950 317.78230
164.32119 320.39423
170.52669 300.18413
238.57269 267.45901
164.98426 313.33959
166.75122 313.93549
140.95578 287.41297
155.70808 283.64683
142.12989 285.64632
166.38828 252.29627
181.82235 257.67966
159.82320 273.67049
202.22911 155.95018
194.36897 170.68558
187.86220 189.50670
168.16222 330.72179
147.77394 193.82507
150.62095 166.61051
154.86545 143.33689
192.46238 232.11527
215.30193 239.43950
153.54480 230.74708
204.96940 216.98162
149.41594 242.09431
150.73505 272.63641
226.14268 244.60679
209.33257 245.60560
197.70961 248.98067
179.99553 248.46846
166.66797 245.55307
156.60804 241.84814
136.34799 230.81474
226.05697 263.67555
212.34615 215.69931
132.69212 284.21814
155.61767 256.44389
238.68690 225.52032
149.02587 237.35375
161.36243 273.92419
199.79495 223.51986
151.35606 266.54035
235.23845 289.97972
152.93826 227.71144
143.12347 262.03192
206.64035 335.36752
206.74884 345.90442
235.70296 266.05246
218.88885 322.91727
228.10020 208.65632
169.18830 367.39548
132.32574 286.02072
164.26763 262.47577
223.49693 228.77984
183.74576 229.28047
176.20788 230.31166
170.26107 315.77437
225.49472 282.32113
154.22710 379.64013
180.29708 366.70978
192.22572 358.22361
168.46149 230.00010
160.78868 228.98133
155.58648 228.49126
219.08099 213.33038
161.51561 220.58348
169.55646 217.63816
177.44487 217.05758
185.14983 218.27565
190.02868 220.33442
234.89696 203.59535
188.69842 227.60407
160.71630 295.92141
150.33530 279.33564
142.97115 294.77873
193.60278 347.70757
181.69669 357.63409
153.89030 374.06247
218.59519 332.05470
155.57893 224.89706
142.41960 245.14881
168.00687 374.21149
233.34834 286.53351
151.44550 315.19328
153.18134 317.99164
154.64189 321.49604
155.85754 325.86040
158.61127 337.69042
166.67472 312.49187
168.25298 311.69557
169.58192 310.91691
178.61102 305.88803
213.38435 287.27631
142.70656 235.85946
146.73917 220.14594
151.93919 221.30569
164.97974 313.31384
214.80457 309.31982
138.90517 219.82820
163.68810 347.69258
135.60493 240.87811
149.37486 258.88742
149.66726 353.71596
183.14048 328.13560
169.52710 280.76556
174.27795 339.15658
191.74804 279.55387
179.23301 289.47182
200.65555 293.75713
152.54470 365.18491
155.45081 263.29305
190.53806 336.46508
179.12463 347.85003
190.48083 316.05562
223.51833 298.13443
202.10414 318.86885
228.57536 305.56526
187.70599 300.00176
148.83161 250.69364
148.06703 276.97103
154.16576 278.30155
143.28632 271.33234
153.27380 211.80745
168.02695 205.42151
181.51302 203.90955
192.79998 205.66652
200.84438 209.92499
206.43562 225.44912
236.16473 246.37222
200.04626 237.62231
190.76305 240.38244
178.54636 241.09723
166.77314 239.64292
157.44838 237.03845
151.03208 234.22001
239.39552 246.23002
154.44425 280.25238
142.20050 253.46677
141.23445 278.07908
137.39993 282.62909
141.89838 279.53539
152.55140 282.81970
135.52493 283.52755
135.12496 285.28068
149.97001 227.83311
145.94941 229.36422
143.24855 230.63829
192.90046 221.96718
199.78202 217.46307
86.21423 224.47322
96.27238 224.09606
85.44753 214.81894
75.99494 224.81395
86.90196 234.06377
176.93252 223.25187
187.37422 222.89757
176.11575 214.23186
166.41442 223.52829
177.65453 232.22444
