155.59990 341.56898
154.49966 318.11973
155.12931 323.99856
146.42854 282.03218
154.44839 308.66028
154.68551 294.32231
155.76286 256.29669
88.03100 236.64383
156.03082 229.54832
156.25530 216.19645
159.61837 160.23045
155.51807 343.88738
155.64052 345.92498
155.93761 347.52201
156.37889 347.75073
156.45620 352.00585
156.41615 356.80569
156.47056 361.18782
154.66611 384.18971
154.83314 321.91262
145.15018 319.26129
54.18350 189.44737
115.78407 248.97996
106.15696 249.16274
96.55960 248.08276
84.10047 239.59402
123.70624 247.56385
100.45282 219.63333
111.75975 221.90650
90.43094 220.47208
84.14774 223.60443
75.47506 245.80923
117.76298 392.28443
84.41536 232.72580
47.14618 231.79960
63.92030 236.67502
105.18026 295.18102
142.04448 338.80951
143.31833 344.26988
130.32121 337.37875
122.55113 336.46079
133.30314 341.85525
125.80017 339.86606
110.27866 357.38312
146.45401 316.96961
144.76200 307.69207
69.82975 215.16787
126.08730 271.41373
123.26788 307.15253
122.63433 300.87816
75.43266 288.71723
145.48389 294.25771
92.68491 209.26547
79.12069 210.18253
63.11670 175.22203
135.69759 225.08839
121.46812 227.23781
102.59035 347.15804
55.04404 321.88626
130.89021 313.44081
138.92809 317.69561
112.28864 336.07140
114.61088 336.74751
73.89692 202.64799
123.13049 310.14214
111.29335 213.70296
109.66875 205.40509
101.02949 159.69320
68.19158 188.55690
105.42499 182.21873
64.10867 208.88226
58.96558 199.34566
142.37333 341.86587
131.64272 339.80310
123.92877 338.21412
133.15654 315.22951
113.53296 336.47019
118.62661 340.57378
115.56388 337.03912
135.61142 312.91552
127.54419 340.96948
135.07955 343.45511
144.64710 346.02083
141.56829 381.78023
143.43826 359.05373
143.67424 354.79996
144.30990 350.11965
145.33975 346.24298
128.28537 341.24345
126.55931 343.04319
124.74680 345.04796
123.18771 347.06895
113.62508 334.00207
46.04807 269.67640
154.98323 323.03390
122.32374 339.27982
120.47380 339.98470
142.26272 322.07497
126.29158 315.64735
140.65042 320.00692
115.95344 275.40247
99.34784 280.44867
121.26590 304.11242
77.67725 164.93065
82.81444 182.13144
89.44303 200.71201
118.40849 366.46415
132.84853 211.95086
129.76377 184.73504
127.58213 158.49650
88.47955 244.77225
64.55785 252.00684
128.56872 246.00814
74.57435 226.62269
133.02620 266.60944
128.99147 306.10583
52.71207 256.02561
71.62304 261.27411
84.40517 267.57439
103.17783 267.70082
116.72895 264.51661
126.35280 261.15775
146.15514 257.36081
53.17270 277.99503
66.35137 224.34460
149.69801 321.09830
126.26405 282.93254
45.70142 226.24109
133.71685 257.46722
120.62641 303.14695
80.47842 232.90936
128.56351 298.40926
48.63208 294.57053
128.09311 242.31448
136.78329 295.47964
75.51431 358.02002
76.07238 365.66529
45.43031 274.28621
63.24167 340.70709
53.03394 213.84062
115.01028 401.96368
150.86078 322.30526
117.55876 288.56366
55.41231 236.48129
97.78698 242.05384
106.18162 243.43599
116.94770 341.09732
54.71805 298.12470
133.03472 418.49287
103.79718 396.73750
91.05848 383.59298
158.03938 187.42329
153.71980 422.87989
114.24650 243.21274
121.76899 242.44342
126.30125 242.46415
59.26468 220.17799
119.47633 232.88400
111.02831 228.38757
102.36581 226.99651
94.07108 227.83989
89.20253 229.83159
48.61990 205.43100
92.00937 239.54747
155.13326 331.40037
122.74379 330.17573
130.76725 312.47792
141.34159 330.59207
156.19796 241.38977
89.02292 374.41602
101.29116 388.05087
132.22042 412.48018
64.78725 346.11057
125.37090 238.77835
139.14461 273.65587
152.95585 417.38218
117.17315 409.05733
48.02835 296.77261
135.81283 343.66993
134.32842 346.67866
133.05366 350.08689
132.25206 353.91998
128.47374 375.19783
119.90778 338.07070
118.15666 336.96419
116.63076 335.67943
106.44392 339.77163
67.34970 307.93070
139.72746 261.40237
135.42116 237.30111
129.38663 236.53095
121.73025 339.00597
66.99304 329.95310
143.61742 240.00774
122.66059 382.80428
155.01905 281.62940
146.11269 270.45541
155.34584 269.58215
131.74635 288.46147
153.48108 407.19650
154.06456 394.76427
138.13718 391.46708
100.77509 359.61551
112.37184 309.72262
110.64390 372.16747
89.06017 304.94981
103.22355 318.63069
81.03283 318.99082
134.41413 402.79950
125.97595 291.95847
92.26846 365.38880
104.53607 379.39309
92.55537 346.20790
57.71978 315.12062
79.73798 344.71019
53.21767 318.64820
95.90631 329.98564
132.81345 278.04122
132.42595 311.22789
126.41403 311.10146
136.36690 306.67108
127.91435 227.98048
111.86327 219.54459
97.59002 216.57094
86.04087 217.15986
78.37236 220.42866
73.29736 235.14674
44.96620 252.66116
81.08896 251.45693
91.20222 256.36827
104.42621 257.45798
116.54556 255.97338
125.54599 253.81060
131.70400 251.87410
45.61353 247.24678
126.78247 312.76087
138.68553 284.45885
139.41080 313.99252
144.59520 318.31304
139.53554 314.58742
129.34000 315.50461
146.52004 319.94618
147.56105 321.14442
131.45658 243.61263
136.52969 247.53353
139.40570 250.98685
86.47283 231.42102
80.27689 227.37273
163.56001 283.14848
222.26614 241.88750
165.16727 320.42238
266.18410 203.00684
192.60809 248.98021
202.61182 251.12638
212.60835 252.09693
226.24776 245.12314
184.46470 246.05420
212.78173 221.52007
200.63108 221.27214
223.04811 224.64589
229.12927 229.25993
235.31046 253.09352
189.90682 396.70357
226.89172 238.04382
269.40424 247.51647
249.22876 244.71515
206.80952 301.53627
168.91023 338.99921
167.70420 344.40964
180.27908 337.79795
188.07359 336.67387
177.68825 342.23679
185.22710 340.29781
200.38011 361.53794
162.71949 317.87093
163.93371 308.81857
245.28535 222.91889
186.64709 275.37408
187.19629 310.78388
188.05803 304.57648
236.48588 299.07237
163.91981 295.38266
222.93527 212.70702
236.25837 216.40898
257.38817 187.88410
177.27346 219.62538
189.64315 224.81655
207.81305 352.20527
256.77477 335.44550
179.97535 316.13891
171.88753 319.42589
199.55328 335.98089
197.04004 336.92351
243.32018 209.67022
187.64913 313.64477
203.60883 212.63421
206.95921 204.93446
218.39723 167.80516
249.77258 201.40862
210.59442 190.10996
253.13440 217.36566
259.60649 213.54306
168.27182 342.07116
178.91117 340.18033
186.73246 338.46472
177.57633 317.61965
198.24636 336.49375
193.18475 341.04859
195.89014 337.32603
174.84022 315.25339
184.12572 341.60684
176.40251 343.87289
167.06968 346.16960
168.18634 383.20004
169.31261 359.62452
168.85295 355.27265
168.11796 350.46662
167.23396 346.50723
183.93999 341.88029
185.65878 343.66948
187.44245 345.82546
189.04142 348.06036
196.98030 338.23820
268.80090 285.05398
189.43155 339.90919
191.27382 340.52112
168.44263 323.41702
184.44376 318.78029
170.08342 321.51360
196.96634 280.63902
213.34890 287.84034
189.70449 307.89456
242.50478 175.98376
234.26595 193.31867
228.27360 204.94611
192.04046 370.08610
182.07643 207.25842
186.11150 188.90426
191.73605 162.91681
221.11532 249.92820
246.92449 261.40945
179.52835 243.56712
238.69951 233.78625
179.48623 269.73394
180.92722 309.22376
260.92599 270.38797
238.12914 270.26415
223.70786 275.08579
204.02483 272.03663
190.62872 266.18783
181.56683 261.41750
165.49915 258.73845
259.00568 291.69280
248.10449 232.47777
159.96227 321.68419
185.64447 286.61622
272.15562 241.48282
174.63628 256.90688
190.89811 307.05999
231.15762 238.60245
181.72121 301.56602
264.65334 309.32885
180.55946 239.54522
172.90805 297.69343
233.59499 368.04644
233.09866 375.61986
268.18967 289.60969
246.58701 352.53976
264.99185 228.72582
191.43301 407.00834
159.17051 322.72765
194.58860 293.24416
258.49252 245.71006
211.30544 245.81052
202.51020 245.36950
194.92002 341.55205
256.63709 311.15244
174.33702 421.02556
204.20759 403.01444
217.38283 391.52560
194.51135 243.33039
186.97176 240.97939
182.30852 240.05795
256.43213 228.73577
191.46803 230.86735
201.24117 227.75888
210.51900 228.27528
218.62920 231.03237
222.82003 234.20162
270.78004 219.86587
217.58573 244.35414
187.72318 333.46680
179.97289 315.29176
169.14129 332.10306
219.32535 382.74152
205.81228 394.84705
173.93905 415.23470
245.73831 357.88838
184.07835 236.32811
171.95957 275.82469
190.27658 413.64320
264.22372 311.36526
176.47140 344.24877
178.11243 347.33745
179.38020 350.97189
180.30655 355.03563
181.54073 377.76606
191.20515 338.42250
192.61140 337.15963
194.09044 335.93950
204.04565 344.56497
243.47971 319.02826
172.39502 263.72035
174.75278 233.42228
180.19662 233.28504
189.65437 339.61713
243.38552 340.93967
167.34159 236.26052
186.03128 386.36514
164.57595 271.67167
179.24780 291.44931
170.26996 393.23406
208.92679 365.51375
199.30025 314.65588
198.58808 376.97524
222.32542 313.40122
208.21165 324.84040
230.04285 328.20511
172.82594 405.14641
185.45232 295.43371
216.82893 372.81198
203.45308 385.37193
217.40823 353.15278
253.21600 327.51642
230.06311 353.69937
257.78722 332.12424
215.02546 336.74062
178.76743 281.03395
177.80601 313.88254
184.13557 314.38635
172.90731 308.84506
183.41722 224.02711
201.22102 218.89181
216.30800 219.40223
227.98818 222.58750
235.26846 227.14794
238.72205 241.83281
269.99212 268.46158
228.27726 258.30799
217.36486 261.87748
203.55951 260.45403
191.33516 256.49242
182.57127 252.93642
176.69920 250.23822
270.84951 262.59379
183.93873 315.86346
171.68651 286.57222
170.21515 315.82480
165.48690 319.61711
170.69814 316.50731
181.33863 318.23328
163.24947 320.89871
162.58262 321.97461
176.92127 240.50956
172.40795 244.85654
169.66022 249.22782
225.13826 236.45783
232.30901 233.58940
104.21850 235.02862
114.13824 235.60604
104.54065 225.65546
94.13614 234.42650
103.80960 244.37188
206.79041 235.51026
217.00517 236.87728
207.59046 225.64174
196.42950 234.00801
205.87465 245.45891
