153.38689 367.26013
158.50492 329.54926
157.88425 339.79252
151.87043 294.28504
158.83943 318.62644
159.38514 304.47574
160.75231 269.93263
91.35637 265.57851
161.74995 244.19688
162.33268 229.29054
164.06097 167.76558
153.38220 370.19187
153.47587 372.60937
153.64146 373.99606
153.53778 374.02094
153.43656 376.22407
153.41653 378.96350
153.48228 382.41000
155.53209 401.87984
158.30882 335.07439
149.89633 334.55667
55.10772 218.07747
118.92461 275.07968
108.85318 276.00594
99.25679 275.25120
87.17447 268.92391
127.63723 272.48667
103.53688 245.94532
115.18394 247.05604
93.06119 247.66942
86.51139 251.49372
78.46717 274.85447
120.76087 420.26564
87.92669 262.75279
49.57679 267.07222
67.39043 266.62013
111.69143 318.83154
142.81615 364.91425
143.91685 371.74793
133.15265 366.87383
126.19470 369.20284
135.72631 371.55223
128.87021 371.86290
115.47427 384.43604
150.84436 329.15636
150.03337 318.64914
71.44891 241.68975
131.94255 292.51421
130.16139 325.16394
129.78780 319.40281
81.30719 317.24307
150.84064 305.46525
94.25304 231.94396
80.50296 234.94738
65.43292 198.42599
139.43231 241.94798
125.43075 251.37129
108.40738 374.96593
60.42522 369.69700
137.14320 331.54105
144.40740 334.91990
116.61868 373.04501
118.56006 372.93857
75.10627 227.60487
129.81807 329.51356
113.52191 233.37024
111.63730 224.71838
106.25234 172.70093
73.05783 211.84999
112.77112 197.27069
65.84422 236.04658
61.81356 226.93828
143.14758 368.90393
134.37911 369.47823
127.44170 370.62169
139.30202 333.37038
117.59372 372.98070
122.37735 374.37782
119.68381 372.91929
141.09914 328.68978
130.28367 372.74912
136.99723 372.82283
144.84954 373.36691
144.20976 401.11448
143.79943 381.78983
143.79932 378.20914
144.12370 375.61674
144.79261 373.46340
130.26136 372.82473
129.13274 373.86602
127.92018 375.52453
126.99899 377.75264
119.55987 356.60871
49.34871 315.35279
158.14712 337.35819
125.10825 372.89013
123.75488 373.50074
146.95193 339.05197
132.98637 335.58243
145.75608 337.07707
121.44752 298.44518
104.87779 305.26895
128.13029 323.88952
81.74447 182.90173
89.38409 201.45861
90.73055 223.31559
122.94091 390.92835
136.00692 227.85753
136.36541 196.63755
132.64997 168.02590
91.51384 272.95833
67.72735 281.57282
133.34680 269.89021
76.80343 255.07331
138.91835 285.79498
135.56392 321.89714
57.38017 288.81533
74.12975 289.68038
86.70623 294.43529
105.93282 293.50816
120.28011 289.55520
130.95887 284.94674
151.64579 272.31234
58.91042 312.18029
68.91502 252.85740
153.67957 334.65001
132.75056 303.12455
47.09188 265.35758
138.91401 279.67227
127.28326 324.42603
83.25887 262.72772
135.49806 314.81855
53.53210 342.16540
133.58569 266.05284
142.98536 309.01024
80.64132 396.07001
81.62711 407.77979
50.16238 313.96645
68.65077 381.26297
55.19715 245.27333
118.59473 431.05868
154.53885 336.84848
123.90416 310.68545
59.55690 267.57266
100.44515 269.29489
108.77937 270.16949
121.19952 375.66416
61.06391 334.45554
135.32142 445.48068
108.35159 431.46217
96.25295 421.92428
163.33284 197.63923
154.28909 447.80378
117.28336 269.35962
125.48190 267.69451
130.91052 266.84289
62.29661 249.62430
124.21155 259.29087
115.24928 256.86791
106.48763 256.54726
98.09219 257.91226
92.98326 259.92617
49.47173 239.13806
95.02826 267.51279
157.78022 347.20378
128.82495 350.55276
136.99712 329.95008
145.85628 347.45934
161.27656 256.66404
93.60776 410.01569
105.61330 420.72185
134.85828 438.26466
70.24339 391.66967
130.64473 263.22210
145.11922 289.12162
154.46973 440.59014
120.88510 439.68698
53.76601 338.34631
136.96450 372.91630
135.88956 374.60245
135.19359 376.89156
134.79751 380.15849
132.47922 396.84503
123.26879 372.38161
121.79685 371.85459
120.68093 371.17359
112.18816 364.97083
73.59153 340.66393
145.44961 278.28075
140.31808 258.55982
134.42746 259.61380
125.09246 372.83264
72.93967 366.39920
148.70586 258.83881
125.95592 408.68886
159.85326 292.86308
151.69082 283.89093
160.31394 281.85761
138.21197 305.65988
154.80006 429.76472
155.15025 415.44739
140.12542 414.19160
105.66371 389.75277
118.91288 332.75011
114.97812 400.71958
95.30675 331.33113
109.28445 343.44112
86.77381 348.81018
136.44798 427.71630
132.73483 311.37711
97.01078 398.17575
108.72707 410.05480
97.99182 376.67777
63.99005 353.04103
85.48423 378.34706
59.01530 360.67648
101.29934 357.55834
139.10632 295.91091
138.25088 326.76751
132.94328 328.84357
142.30266 319.86608
131.80339 249.01533
114.60246 242.18127
99.79341 240.87861
87.92915 242.90813
80.10024 247.45876
76.28959 264.60866
48.34546 290.29569
83.76842 279.81251
93.75407 283.40610
107.10521 283.88458
119.87596 281.67443
129.90276 278.31323
136.73408 275.07417
47.68319 290.16430
133.22360 331.43754
144.59199 298.89006
144.52167 327.58736
149.22696 332.86292
144.53168 329.35022
135.75704 334.44457
150.85431 333.87809
151.75588 336.11566
136.91861 266.63432
141.95464 269.46426
144.80102 271.73540
90.09912 261.44908
82.56862 256.09826
168.05021 294.58628
229.16972 269.75896
166.99014 334.92543
274.02290 223.72926
201.45219 277.67259
211.28513 278.89249
220.90915 278.67970
233.54228 273.17510
193.07231 274.98782
218.21487 248.00429
206.62418 248.35010
228.57738 250.70522
234.92152 255.42202
242.82275 279.38530
190.27549 421.54280
232.97786 267.11223
277.41744 272.91413
255.33572 271.34388
207.99438 321.05331
164.60353 365.40326
163.84908 372.19303
175.31944 367.95066
183.09066 370.57872
172.98598 372.45542
180.50956 373.05515
197.43463 386.20916
166.30910 329.47182
167.92209 319.01590
250.28991 246.32248
189.52808 293.67624
188.05539 326.59701
189.00600 320.81764
239.21970 321.09351
167.97370 305.77334
227.42015 234.21906
240.99696 238.56302
264.31773 203.40512
182.52652 241.21602
196.36707 252.51371
205.31320 377.12652
257.99556 373.57187
180.27124 332.58560
172.57108 335.66112
193.52344 374.61301
191.57428 374.37953
247.23159 231.40126
187.88923 330.95825
208.55502 234.01539
210.81477 225.37547
223.52309 175.56456
256.23615 216.02416
215.68389 199.25525
257.06184 240.71717
267.10025 232.11786
164.30907 369.35679
174.16742 370.48718
181.83891 371.90802
177.84801 334.30201
192.52454 374.48301
187.20195 375.50625
190.46460 374.31390
176.57731 329.43377
179.24522 373.79908
171.81691 373.62266
163.26308 373.78398
167.43285 401.66213
163.83506 382.06933
163.64515 378.51742
163.41838 375.95110
163.05217 373.78372
179.01548 373.72839
180.03520 374.73361
181.03387 376.32565
181.86111 378.51495
196.42543 358.48828
274.41234 320.55120
184.76985 374.02898
185.90945 374.62537
169.42126 339.72174
184.27249 336.95360
170.88908 337.81160
199.73094 300.13037
216.12563 307.91410
190.25071 325.39311
248.35952 187.02305
239.94640 204.61385
231.67529 225.63814
189.53357 392.31852
186.42621 226.98837
191.11537 197.82134
196.36632 169.62853
228.85387 276.92908
254.44331 286.42088
187.70972 272.38042
244.80396 259.81120
182.92438 286.59675
182.91196 322.94745
266.99577 294.07667
246.82189 294.28089
233.41766 298.40022
213.80363 296.55400
199.64254 291.95870
189.32214 287.06007
170.17995 272.59237
263.33606 317.24619
253.61510 257.69114
163.07100 334.82978
187.69937 304.28896
280.31852 271.15582
181.69866 281.56551
190.99961 325.97330
237.82146 267.18288
183.55575 315.89333
267.88257 346.82759
187.82388 268.66124
176.10187 309.67570
232.82050 398.60177
231.69852 409.84372
272.88089 319.33603
246.74155 384.56694
272.96878 250.94008
191.52198 432.27578
161.83189 337.02358
195.96572 312.27859
264.90550 272.66762
219.60578 272.96377
211.39053 273.34550
188.37503 376.81073
259.10449 338.94723
173.64700 446.22226
202.50699 432.57647
215.56705 423.38400
203.25767 272.25035
195.39237 270.46107
190.26817 269.56645
261.66671 254.31825
197.50020 261.13571
206.42190 258.49381
215.12244 258.61824
223.22097 260.72823
228.06571 263.45693
278.95164 245.04300
225.14209 271.51550
187.53228 352.00096
180.56163 330.96318
170.26218 348.15721
218.51276 412.07218
205.29197 422.28296
174.78757 439.06353
245.36472 394.53288
190.93564 265.62743
175.88117 289.66879
188.96354 440.57018
266.83772 343.11758
171.61590 373.55684
172.48977 375.17798
173.03382 377.39807
173.48546 380.58058
179.47044 397.72659
186.71495 373.69386
188.04195 373.23781
189.18155 372.65723
202.80957 367.12578
245.34000 344.43474
176.45292 278.82441
181.49381 259.56140
187.29934 261.23809
185.01910 374.07269
243.46420 369.69790
172.69696 259.20133
185.60905 409.81755
169.15651 284.16757
181.71022 306.65886
170.82626 414.84370
207.53879 391.87689
199.07382 334.64200
197.24912 402.33483
223.64864 334.21952
208.34777 345.76340
230.86059 351.89236
173.93636 428.53642
186.84947 312.59340
215.94882 400.32095
202.91537 411.64870
216.29672 379.32041
254.35279 357.01912
229.20222 381.09083
259.17018 364.84630
215.08582 360.17552
181.64161 296.76978
179.62505 327.67491
184.85746 330.11532
175.90457 320.55020
190.08907 249.48332
207.07965 243.35817
221.76803 243.17226
233.47911 246.30220
241.17938 251.77468
245.33027 269.22492
276.87659 296.00374
236.76986 284.10696
226.44191 287.05846
212.90172 286.83432
200.28753 284.07696
190.71283 280.50027
184.20400 277.04041
278.12629 295.64122
184.22391 332.66771
175.32985 299.48748
173.01522 328.16952
167.89823 333.25563
172.96390 329.99591
181.42766 335.58825
166.05899 334.20169
164.75179 336.39159
184.46143 268.86108
179.36681 271.05459
176.13494 273.18486
230.84560 265.46524
238.64200 260.59990
107.30577 262.37151
118.43028 262.12258
107.06344 252.88502
96.11682 262.49517
107.47176 271.75471
212.21816 265.44384
223.01463 265.84109
212.49259 255.66841
201.48326 264.96986
211.94820 275.20794
