160.33875 326.08949
160.00075 301.21189
159.18387 308.30773
152.71041 267.47985
160.52855 291.67181
161.06488 278.05029
162.35966 243.61478
87.30748 235.79867
163.36949 219.62051
164.00624 206.68153
166.17301 152.39728
160.23639 330.84395
159.99509 335.71042
159.79361 338.94420
159.65943 340.90069
159.75705 347.36786
159.65262 354.84363
159.41195 361.98749
157.02117 370.21404
159.64444 305.42614
149.73889 303.65922
53.50003 191.68191
117.61401 245.28783
106.55541 245.96877
96.26883 245.02584
83.15808 238.51837
127.32283 243.29993
101.85841 216.36652
114.57417 218.43205
90.33948 217.48609
82.97068 221.06021
74.71051 243.45249
118.63934 379.66908
83.69298 232.65997
47.84453 234.37114
63.82329 235.28755
108.30624 284.96562
146.32838 323.50646
147.31080 335.09984
132.14852 327.16407
122.55357 330.58253
136.24133 335.12205
127.45415 335.51280
109.91088 343.27007
151.48852 300.51776
150.65167 291.27238
68.78396 210.45547
130.54509 261.58386
126.86999 293.25564
126.59499 287.51209
77.58080 281.46225
151.59106 278.59314
93.28667 202.68455
78.52803 204.32271
63.08657 175.59802
140.68627 217.20485
125.55838 223.55692
102.71981 332.27116
58.96006 320.85429
134.25526 299.06003
142.66043 302.77860
110.50666 335.42338
113.34771 335.80466
73.57783 197.09771
126.18546 296.42138
113.67478 206.59875
112.30286 198.40535
104.80143 155.49720
69.57366 187.35862
110.56176 176.90824
63.61380 205.14862
59.26219 199.86366
146.51618 329.82473
134.13928 331.39524
124.86213 333.10261
136.56056 300.72465
111.97202 335.63794
117.60691 339.17813
114.86966 336.00454
139.73178 297.84518
129.45412 337.15257
138.06254 337.53166
148.24858 338.15833
142.38223 368.60413
144.39170 360.20377
145.24983 353.14489
146.54021 345.74514
147.98377 339.92698
129.26965 337.65204
126.81781 340.06500
123.99695 343.37795
121.73846 347.02617
114.87532 318.96050
47.65508 273.53594
159.41973 306.86976
122.76751 336.81983
120.22458 337.91584
145.90237 306.77758
129.38283 301.54953
144.37207 304.87375
119.49015 266.19638
102.17089 271.89391
124.57408 290.93068
79.29833 163.13093
85.80058 178.96258
90.33913 194.46070
118.13552 353.03751
137.71607 204.28531
136.06669 177.41685
132.84758 152.29902
87.80364 242.61004
63.98196 249.09106
133.63505 241.28789
73.30529 224.24268
138.08886 256.25854
133.49629 291.49253
54.77473 254.73174
70.06038 256.64066
82.78712 261.36055
102.88392 261.36615
118.21093 258.37068
129.69897 254.74191
152.39135 245.52376
55.76350 274.79501
65.86531 221.91483
154.51360 304.87221
130.78885 271.70433
45.69682 230.92995
138.36770 250.45673
123.61466 290.49855
79.18813 232.39012
133.37836 284.50684
51.57616 296.55759
133.82262 237.96109
142.38246 280.72711
79.76685 348.89878
81.28079 357.53995
47.95720 274.64354
67.77928 334.13283
53.37506 215.63234
117.16317 388.61307
155.34884 306.29395
121.12311 277.70776
56.09538 235.83215
97.39207 239.77094
106.60937 240.67840
115.27610 340.67139
57.66682 293.76818
134.53067 402.67838
106.84838 384.63372
95.30473 373.13805
165.19723 178.46655
154.88696 405.59145
116.03919 240.00873
125.20276 238.77161
131.11386 238.40217
59.55384 218.78701
122.91222 230.75788
113.08415 227.46932
103.70332 226.52780
94.66449 227.60289
89.10718 229.67474
48.33995 209.13492
91.36269 237.93952
158.92999 314.62993
124.94510 314.91562
134.36965 297.98500
144.48422 314.25328
162.84140 230.71797
92.32806 363.81800
104.35311 376.00793
134.12457 397.59799
69.67093 341.27669
130.33452 235.11941
144.94410 261.06160
155.30547 400.69247
119.35906 395.15369
51.58652 295.48649
137.81232 338.74059
135.45878 343.00279
133.26690 348.43465
131.70884 354.63203
128.54541 362.01575
120.26904 335.69755
117.66059 334.48128
115.53822 333.17155
106.91464 324.67109
69.94118 300.94764
145.39059 250.28344
141.08430 231.63824
134.99089 232.06079
122.74663 336.77489
70.01843 322.48589
149.79640 232.39566
123.23867 370.09907
161.51521 266.45188
152.44805 257.07415
161.91495 255.51651
136.77640 275.59272
155.88757 391.90588
156.50618 380.35877
138.99936 378.12419
101.82935 347.00434
114.97363 297.63088
111.44313 359.58554
91.57029 295.46943
105.25914 306.75505
83.06126 309.53989
135.53002 389.05454
130.28977 279.59672
94.28792 354.13366
106.45356 367.26485
94.05629 333.56886
60.94653 309.70939
82.43081 334.50426
57.53997 315.14698
97.09075 317.48983
138.00252 266.23700
136.57744 296.19389
129.88465 296.82854
141.61828 291.14151
132.45791 222.49586
114.38437 214.30497
98.44647 211.61006
85.56392 212.79047
76.99464 216.74304
72.48887 233.72831
46.44440 254.43859
79.98011 248.26142
90.54919 251.96229
104.63080 252.85784
118.30191 251.27298
129.19829 248.65731
136.55078 246.13350
46.03928 251.96254
129.92207 298.59152
144.41441 270.78470
144.18622 298.19672
149.30224 302.58168
143.95591 299.09968
132.53287 301.18466
151.30101 303.92064
152.09260 305.34007
137.50893 238.60282
142.29766 241.42313
144.99829 243.68334
85.96520 231.28812
78.67949 225.64009
170.19429 267.77880
236.97926 236.75783
169.22944 304.00658
271.91682 196.81714
206.39195 246.07640
216.97757 246.92020
227.01947 246.27055
240.42176 239.72897
197.39369 243.84465
224.12011 217.55626
211.19698 219.13404
235.59144 218.98895
242.55849 222.66979
247.60636 245.48906
193.09907 380.37087
240.77538 233.45260
274.56601 238.68947
258.91484 237.47520
212.01049 286.67492
173.90670 323.89527
172.07701 335.39577
186.84212 327.70210
195.29971 330.98821
182.33784 335.59429
190.37823 335.93965
204.41670 344.31375
168.48431 300.77763
170.36441 291.64638
257.34689 213.15199
191.90682 262.69262
192.92203 294.54516
193.69542 288.82002
242.30077 284.13077
170.41545 278.92550
234.45744 204.63557
248.57190 206.92525
264.31931 180.43894
186.89563 216.56601
200.14508 223.92932
212.30712 333.64501
254.32050 324.26432
184.90155 300.02923
176.26418 303.46199
206.51921 335.27204
203.66093 335.76675
254.09596 200.06270
193.11669 297.67575
214.40047 207.31406
216.43666 199.39821
226.23126 158.60770
257.83566 191.53923
219.26141 179.61371
262.67171 208.30663
266.59978 204.49182
173.33718 330.18026
184.67805 331.90443
193.04385 333.46348
182.41681 301.61911
205.04046 335.54125
199.64125 339.36565
202.10883 336.02546
179.82381 298.57395
188.21994 337.64940
180.28380 338.00661
170.85971 338.46378
171.66034 368.92123
174.03556 360.56343
173.52521 353.44506
172.39075 346.02478
170.89593 340.18325
188.28826 338.04542
190.91599 340.45426
193.67442 343.76812
195.77172 347.42888
202.29308 320.10750
269.91868 277.28908
194.35042 337.11530
197.04430 338.15846
172.64293 307.42125
189.38517 302.74223
174.32418 305.57477
202.27380 267.59366
219.11046 273.83508
195.24712 292.24872
250.12852 167.33675
242.99680 182.67130
238.20355 196.67822
196.09742 353.79261
190.72528 203.91497
194.21098 178.87699
199.16272 154.01253
235.52895 243.97707
257.29230 251.71657
191.57260 241.73502
251.50536 226.12225
185.12162 257.14077
186.76762 292.53344
266.38680 258.40319
250.61833 259.35701
237.85199 263.73946
218.57602 262.80071
204.21454 259.12044
193.61880 255.08064
172.13452 245.90066
263.82607 278.28905
258.73448 224.27120
164.78049 305.03352
190.80195 272.78625
275.78732 235.49451
185.80386 250.56758
195.92192 291.83216
244.93909 233.44120
187.39367 285.60633
263.89325 300.15244
191.60733 238.33194
179.13350 281.44255
232.23306 351.18608
229.38096 360.02643
270.79106 278.31055
245.21638 337.04462
270.94991 220.20347
193.29459 389.39803
163.46185 306.44316
199.64675 279.07350
266.47927 238.48631
226.74928 240.98681
217.64161 241.84220
201.88481 340.80632
259.86905 297.08880
175.02250 403.21731
202.86500 385.75091
214.73138 374.77679
208.52313 241.04565
199.82934 239.58483
194.19267 239.01764
264.81072 221.60925
201.95531 230.98866
211.52503 227.78738
221.22218 227.06119
230.39468 228.33166
235.71881 230.45153
275.31777 214.16342
232.85779 239.02247
192.79494 315.93040
184.93989 298.97705
173.71243 314.81172
218.69767 365.36527
206.25966 377.19439
176.47979 397.99801
242.14764 344.31928
194.90477 235.43271
178.24183 261.70353
190.21596 395.95114
264.90994 298.97577
180.38411 339.10848
182.84888 343.41883
184.97342 348.88796
186.34385 355.15822
185.50563 362.45039
197.03543 335.89627
199.54318 334.62677
201.66766 333.30551
209.36656 325.97497
247.71188 303.72469
178.48857 250.97120
185.02566 231.54252
190.78507 232.25667
194.46801 337.09689
244.63342 325.17925
176.49644 232.11975
189.68455 370.73835
171.23891 257.41223
184.77841 276.55683
173.97799 378.44889
211.72707 348.32772
203.95201 299.09563
201.53056 360.55821
227.68225 297.58878
213.05470 308.43853
234.34518 311.82584
176.28186 389.43080
190.51699 280.71939
218.12146 355.56975
205.42493 368.34445
220.55665 335.39821
254.71486 312.85156
231.57445 336.64673
257.02302 318.44229
219.82119 319.28957
184.33993 267.12413
183.20880 297.02887
189.56553 297.98564
178.98742 291.84536
194.06781 222.38739
212.31576 215.02608
228.33279 213.19846
240.80766 214.83650
248.78030 218.89528
250.89494 235.40413
274.16558 258.33560
242.13322 250.23368
231.50761 253.69765
217.81396 254.02531
204.85249 251.91774
194.85253 249.02115
188.04164 246.26746
273.46509 255.97498
189.19577 299.72005
177.90961 271.41246
175.72968 298.68609
169.91837 302.96103
175.61850 299.67447
186.37624 302.20999
167.95176 304.18837
166.69709 305.59035
188.05222 238.88317
182.91789 241.41457
179.97916 243.61040
238.62389 232.06568
246.21007 227.07812
105.41364 233.00392
116.51189 233.42691
106.06286 223.73607
94.17954 232.60815
104.71829 242.34431
216.59425 234.10032
228.52231 233.81270
216.33487 225.14545
204.59220 234.33670
216.84493 243.11911
