142.60297 306.36101
151.25539 282.19892
147.90490 286.54758
147.27451 249.97083
152.84166 274.02162
154.06400 261.27525
156.23248 227.50587
91.58698 207.62343
158.98027 202.76597
160.96673 190.62084
166.88539 140.10083
142.16804 308.99438
141.55326 311.53281
141.01871 313.16189
140.72293 313.44166
140.35152 317.76592
139.74761 322.67481
139.00386 327.23544
138.29564 331.59871
149.99356 285.22986
140.79320 282.31325
57.14805 158.65964
116.04243 219.22486
107.12320 218.98018
98.45596 217.45615
87.41304 209.88241
123.78345 218.29931
105.17553 192.26782
115.65128 194.70286
95.48444 192.67756
88.98591 195.24656
78.76702 214.09755
104.41632 339.24887
88.41508 204.24269
48.91116 198.26449
68.46082 205.22920
105.50203 258.61516
132.16527 302.88139
131.70058 309.33749
121.66360 302.32772
114.08813 301.83250
123.22120 307.19329
116.40504 305.33748
102.27988 308.52948
144.32496 280.89634
144.70788 272.76055
77.21160 186.98261
126.15237 238.96536
123.33856 270.53859
123.15854 264.92623
78.03998 251.52331
146.12054 260.82270
100.61460 182.46594
87.24189 182.99914
70.10505 147.00342
139.79951 196.92746
124.19543 199.88650
96.86689 299.99851
46.59024 276.80878
128.60519 276.34664
134.85406 280.14150
103.13968 300.75702
105.15716 301.75184
82.97301 176.30196
122.04646 272.69251
117.97214 186.40029
117.52582 179.19875
112.87334 136.11064
77.78186 161.57908
117.32606 157.94864
71.97250 181.16496
65.13345 170.29892
131.74693 306.39005
122.38589 304.82179
115.15042 303.54907
130.07203 277.80727
104.17611 301.27342
108.22280 305.49468
106.18261 302.25054
133.83519 276.67121
117.37630 306.70161
124.10966 308.91463
132.00689 311.19298
127.25038 329.48174
127.94240 324.88184
128.97992 320.27885
130.37507 315.40697
131.69257 311.55585
117.05478 306.77448
115.20816 308.20440
113.02943 310.21464
111.25406 312.41491
109.41442 290.81853
40.59777 230.34897
149.00491 285.94447
111.94854 304.66968
110.12687 305.02746
137.27077 283.93403
123.52321 277.09389
136.12333 282.12644
116.47273 241.88597
101.01829 245.54274
120.89347 267.28537
87.99548 139.09047
94.51696 156.84387
98.52920 175.03047
108.54564 316.43391
138.79237 185.11617
139.64685 161.39942
138.25828 136.60660
91.17522 214.32112
68.01273 218.44234
128.90805 217.12630
79.66476 197.41206
133.20720 235.22645
129.37440 270.35236
56.86647 221.15322
73.96623 226.89001
85.70197 233.02431
103.34087 234.43685
116.35188 232.59185
125.93431 230.17368
147.49097 227.97412
56.31417 240.59458
72.20710 194.69501
145.65654 284.39539
126.12119 249.14035
43.27878 190.92700
133.56305 227.18774
119.32746 266.09305
84.42235 203.84100
129.37743 263.45408
42.24527 252.70147
128.92122 213.86458
137.74478 261.41674
67.52956 309.35783
65.18111 315.31890
45.23544 236.05223
56.95899 294.10343
56.51164 182.56224
101.15562 347.00028
145.56791 285.11257
117.32818 253.43403
60.07030 204.39918
100.14928 212.47484
107.66519 214.01110
106.54704 306.08447
55.68847 257.96718
114.45199 360.15658
89.56779 342.15338
78.49185 330.96084
164.27339 165.28652
131.59095 363.78554
115.11111 214.13045
122.31134 213.77485
126.88720 213.99166
65.40851 190.53091
121.46499 205.52667
113.83218 201.47651
105.98680 200.07981
98.19761 200.51678
93.38943 202.00901
48.77675 172.46868
95.08092 210.13417
146.76009 292.14732
118.78415 288.74875
129.08509 275.75589
135.37591 290.67466
157.23916 213.93546
78.86035 323.50947
89.56355 335.20566
115.56997 355.83876
54.67149 298.03835
126.68258 210.75601
139.97592 242.03763
133.15370 359.74922
101.21318 352.49979
45.99727 255.76897
123.80559 309.21242
121.89586 311.99095
120.03459 315.55992
118.58102 319.62520
116.72879 323.80089
110.60111 303.50440
109.15921 302.30062
108.01469 301.20016
101.65258 294.55474
67.82739 267.41778
140.48845 231.08913
136.77970 209.20494
130.79536 208.53450
112.09834 304.71216
63.61058 285.55031
145.26778 211.60342
109.94817 331.08901
154.79408 250.01589
147.25648 239.68698
155.47237 239.35308
131.95070 254.61515
134.89091 351.94812
136.63722 341.22428
122.78947 338.42174
92.72424 311.03153
110.61799 271.12477
100.28592 321.88206
89.49105 266.24671
101.05588 278.07287
79.69096 277.44723
118.39465 348.24995
125.80396 257.11154
83.70149 316.03853
93.83586 328.13731
87.20733 299.69396
56.16042 272.35989
74.74586 298.43406
49.00323 274.69580
92.47647 286.63628
133.03823 245.39642
131.59261 275.05204
125.58171 274.21969
136.74497 271.47779
130.82540 200.34297
116.67203 192.40816
103.53416 189.34387
92.41559 189.47674
84.34436 192.05398
77.51601 204.69806
45.84192 216.89514
83.59706 219.30945
92.80732 223.98557
105.00644 225.80732
116.40350 225.24438
125.26895 223.78517
131.52303 222.29140
41.29478 209.90410
125.05918 275.34288
139.48011 251.65946
138.09531 278.07377
140.96435 281.75681
137.22322 278.40310
126.55973 277.48817
142.86864 283.25870
142.74093 284.00954
132.11801 215.02671
136.75916 218.52410
139.79539 221.56694
90.61944 203.23158
84.83566 198.58642
161.38890 251.55479
211.27193 222.31605
157.36539 283.90159
243.48933 182.75851
187.08495 227.03511
194.83020 228.55740
202.60280 229.43989
213.48201 225.30219
180.98239 225.03800
204.37915 206.71364
194.61951 206.69324
212.51807 208.92582
216.98287 212.48835
218.49921 231.38338
163.97807 344.10420
214.57938 220.07948
240.32790 221.24759
227.90557 225.58009
188.82526 267.72735
152.92148 305.49120
150.82217 311.68292
161.46741 307.18170
167.17601 308.15728
158.24172 311.48903
163.91914 311.05651
175.34137 315.28852
157.82104 282.21186
160.46376 274.40992
228.16261 207.14552
175.58902 244.59446
174.45789 275.90801
175.14213 270.51870
212.18951 266.15730
161.19424 262.44561
213.24672 198.80709
222.79315 201.71141
239.99259 169.54885
177.18787 203.05037
185.76190 209.38422
182.95673 308.19777
213.68297 294.02631
167.92102 280.35444
161.48561 282.95955
175.61225 309.02779
173.45424 309.59119
227.08629 196.62169
173.62819 278.12392
198.77109 198.45974
201.39110 192.18620
214.44778 149.99323
234.29687 182.22872
207.39146 170.39271
232.40276 203.08526
238.96949 192.58686
152.08280 308.92248
159.98557 309.44905
165.74750 309.57664
165.87396 281.43108
174.50687 309.32494
170.28239 312.43042
172.33421 309.87250
165.54958 279.84364
162.33859 312.14950
156.56676 312.92938
149.52396 313.36242
148.53135 331.43971
149.83924 327.11178
150.14405 322.47075
149.95477 317.53591
149.35876 313.53333
162.43530 311.92754
164.00399 313.61482
165.58849 315.88777
166.66835 318.26436
177.48588 297.65759
229.67563 252.05915
166.88390 310.94926
168.62426 311.64636
158.11601 286.28989
170.30082 282.01823
159.74422 284.74018
182.56328 249.40473
195.20751 256.07513
175.37444 273.15612
231.28799 158.49066
224.53666 174.57252
216.88560 192.58943
168.01543 321.81865
181.76208 193.00303
187.85777 167.97255
193.75491 144.17584
209.31522 228.37310
225.29277 237.71125
177.22850 223.27199
222.95612 216.15150
171.41307 239.58392
171.22413 274.77176
232.68943 241.36152
219.57839 243.96328
209.49821 246.91170
194.73281 244.25978
184.23412 239.80369
177.02937 235.91620
163.52231 229.87402
228.54335 259.71890
228.74545 215.19479
154.16265 285.15899
174.01809 254.53887
240.25832 215.02542
171.90322 231.90152
175.46394 272.15905
217.52063 220.61719
171.84715 268.07812
222.65422 272.45787
177.87990 220.29545
167.05253 264.59696
197.58868 321.47934
193.70753 327.12047
232.25066 256.95163
208.41754 309.04453
240.34724 205.39870
163.44209 351.88567
152.46761 285.80362
179.63496 260.37782
233.31268 226.66484
202.93765 224.35462
196.01489 223.87478
171.67491 313.28279
223.37863 276.03257
147.60295 362.60912
170.63670 348.55688
181.05128 339.58103
189.48112 222.52372
183.37432 221.13320
179.50439 220.70634
233.61331 213.05052
186.08245 214.75255
193.68064 212.73909
201.24942 213.03797
207.87006 214.91889
211.48936 217.18997
243.69453 197.02866
207.77541 223.64169
171.05373 294.10980
168.41735 279.75436
157.69389 293.04938
185.48850 332.79702
174.77409 342.22895
149.67845 358.44837
203.89941 312.58930
180.54660 218.13013
166.93711 245.09206
159.96171 356.90497
225.80432 275.08165
156.56963 312.92442
157.89542 315.91732
158.87876 319.62900
159.27827 323.74958
159.16646 327.57759
168.69819 310.33721
170.43300 309.45562
171.81373 308.62231
181.85569 302.43645
214.13593 282.89782
167.51086 234.27128
173.52233 214.94991
177.88036 215.51588
166.79183 311.21545
209.43011 300.32553
167.18734 215.57665
161.98308 335.46689
162.52988 241.41160
170.21556 258.91945
149.49615 340.62825
181.55734 319.13764
181.18541 278.60459
172.21416 328.10023
200.10169 278.02002
187.42805 287.09436
203.50665 290.25398
150.37597 350.82661
173.18610 262.37171
186.08508 325.13431
175.01544 334.97669
190.08662 309.61018
217.86063 289.30558
198.68800 310.37448
218.37459 292.19354
191.34010 296.70216
170.41137 249.63358
168.33026 278.73282
171.81796 278.98684
166.43769 274.53474
181.59568 207.91517
196.01775 204.04023
207.96596 204.24069
216.76418 206.60550
221.74121 210.46556
221.82155 223.14074
237.22186 239.07209
213.94744 234.87504
205.58765 236.99001
194.96844 235.70815
185.40897 232.75806
178.54537 230.00316
173.94290 227.64910
234.98363 232.94468
170.86765 280.05871
166.44159 254.65680
163.30196 280.48280
158.32154 283.34199
162.77696 280.88146
168.40888 281.79781
156.73288 284.54339
155.16063 285.18763
175.12084 220.87970
170.77552 223.36224
168.39996 225.72074
213.35567 218.83611
219.00882 216.11918
107.66370 205.98642
116.77892 207.16335
108.57734 197.91932
98.31657 204.77132
106.65141 214.12575
196.32755 217.51466
205.36266 218.50169
197.34138 209.89850
187.34416 216.53227
195.42472 225.24709
