159.67408 374.73361
149.45319 344.91075
154.24752 353.10351
138.07249 316.33975
147.30708 335.56418
145.97990 323.42600
143.31246 290.56956
90.96621 314.37052
141.32113 268.39415
138.75885 256.07280
124.48664 198.26616
161.68847 379.86163
163.86462 385.17762
165.60646 389.05088
166.01548 390.05780
167.88390 395.11900
170.21529 401.26321
172.67817 407.36075
178.20149 425.15120
151.64948 350.19230
144.45933 352.77553
46.64891 260.61635
118.40405 310.83773
109.85314 314.50281
101.02431 316.87572
89.74015 316.65544
123.64596 306.81223
94.85754 297.27987
104.83479 294.77576
86.93406 300.70941
83.30399 304.66152
85.34436 320.95839
145.48861 447.13021
87.88094 313.78601
52.05813 308.33278
77.15525 316.61701
107.66463 347.32519
147.68948 375.76622
154.12094 387.65424
139.08673 382.84545
134.26814 388.88924
146.25885 390.04506
140.66361 392.44945
124.06166 414.61682
142.62032 347.31998
139.46169 338.81360
66.80968 300.08846
121.64982 316.54723
122.27244 349.66077
120.99842 344.06244
81.96841 353.55000
138.37433 327.17998
80.12642 290.16440
70.45004 294.27661
51.73993 244.04538
118.26306 286.34277
114.44313 294.18372
113.57510 405.01983
81.29589 405.98414
130.61077 353.26025
139.00513 354.49596
130.46624 396.71861
132.97856 395.92997
64.56606 289.46833
123.06311 353.14831
95.38506 287.68430
90.53368 281.12012
79.99304 218.32482
57.61635 256.84966
88.35169 238.49514
61.19463 296.51087
50.68495 271.53182
150.82928 382.29641
142.64412 386.68363
137.28142 390.68473
133.45864 354.38820
131.77246 396.31454
136.31182 398.06774
134.15312 395.69469
134.10889 350.57094
143.29918 393.59381
149.07399 392.22325
156.66577 390.86279
163.38219 429.27603
161.25227 408.95540
159.27805 402.85097
157.85269 396.75787
157.17017 391.84988
143.57893 393.96589
142.68349 396.62984
141.88858 400.06066
141.56042 404.03466
117.42644 382.69591
63.17286 351.22652
153.11667 352.17596
139.01108 394.66170
137.69444 396.19995
142.56327 357.66755
127.01544 358.11713
140.92236 356.24491
113.99973 324.14820
100.80481 335.18431
120.56298 348.08177
62.70617 229.85100
70.11914 245.46677
74.39722 283.71602
134.50932 422.61516
110.87046 277.98650
107.10839 232.30928
99.54293 208.61235
94.03454 317.89198
80.37121 326.78788
126.38344 303.82384
77.35913 308.20371
126.67738 309.41702
126.88280 346.03915
59.61752 331.54337
84.62635 331.79726
93.62124 331.98986
108.82569 326.14550
119.73929 319.37153
126.48272 313.45951
135.70986 295.65394
62.57399 354.57984
71.14710 307.43014
147.52926 351.43206
122.80630 326.98177
53.17055 300.81067
130.55544 308.10954
120.30686 348.23330
84.83624 313.58864
125.66224 338.98451
70.06140 378.21375
125.54533 301.84585
131.76463 332.30195
102.80844 432.53401
108.60281 442.66292
57.61572 357.20690
88.52375 420.93348
50.28807 288.05567
147.57773 458.67242
149.61844 353.16357
116.82413 335.65642
73.70932 318.45640
100.15593 313.57345
108.28347 311.16017
135.20026 400.39469
67.05086 376.26427
171.26986 467.57032
139.73063 459.49466
125.79092 452.69906
129.26226 223.97104
191.40076 463.62908
115.36427 307.96264
120.74603 304.59567
123.94173 302.69802
66.53468 306.13856
117.95939 300.87523
110.56044 302.49975
102.62991 305.13705
95.49172 308.42245
91.54671 310.85453
47.54361 278.26035
94.74717 314.36305
154.44212 357.79636
124.52692 373.61075
129.94627 352.27747
141.47511 363.91399
142.46062 278.32839
118.13689 442.56597
132.30198 450.91006
165.96026 461.84208
94.70677 427.83968
122.64786 301.17122
131.72388 312.76995
186.64019 458.46359
154.44052 465.24915
63.76515 381.63556
149.57970 392.96630
149.26871 396.93458
149.60356 401.86253
150.75415 407.56623
147.73714 428.30677
136.60050 394.27880
133.94175 393.87989
131.53328 393.15041
113.27097 393.19154
79.40018 378.76967
131.30635 302.03292
127.35917 294.33680
123.96250 296.79360
139.00313 394.54042
85.25235 404.98584
131.85275 292.46438
145.96108 436.76892
145.18517 312.53486
136.80558 306.58776
144.32303 302.05525
127.22693 329.32997
183.43893 447.31876
180.53580 434.77651
163.39278 438.97009
118.34368 420.32155
114.86468 358.78507
131.24312 429.94570
96.47780 364.35417
108.99334 372.29259
92.75629 383.33848
163.85094 450.92024
123.17183 335.16532
115.40942 429.94249
130.37526 439.30876
107.24749 408.71651
73.64169 394.08556
98.74974 413.94064
74.04234 402.79767
104.97492 388.10344
127.27637 319.79877
130.56826 349.77053
125.60336 352.38813
132.88586 342.27474
117.16957 291.27857
101.50530 291.63951
88.90501 294.11426
79.77761 297.56356
75.71043 302.70864
81.59413 314.66799
54.14233 332.67827
89.70066 323.56588
97.69328 322.98196
109.03569 319.70601
119.40421 314.49405
125.71253 309.63691
129.34094 305.84270
58.74651 324.97720
126.79938 354.16019
132.24442 322.29838
136.79877 348.39990
143.19619 351.60889
137.81947 350.08815
129.88493 356.38318
144.84230 351.87900
146.85114 353.56757
128.20053 300.76219
131.59668 300.89892
132.62339 301.48974
89.34023 312.47950
82.07438 308.95501
153.33926 310.25708
225.87454 255.66011
160.96411 345.71303
239.37319 188.83361
200.82039 275.09706
210.84925 270.31826
220.01414 264.89638
229.98286 256.28008
191.91534 277.96043
201.68225 248.29435
191.80033 254.98751
211.92683 243.62393
220.25938 242.87119
238.53171 255.01577
216.64179 420.29246
228.49581 253.04283
255.87099 230.43345
242.30334 246.88378
201.05219 310.15499
170.01879 369.19625
173.45614 382.45863
182.36205 370.78883
190.64820 373.86252
181.85089 381.12180
188.27326 380.98739
214.76725 377.90179
156.79280 341.81583
155.97775 332.32029
225.29044 226.56064
176.59411 293.85272
181.32212 326.04321
181.75688 319.60920
232.04955 295.25605
154.61424 320.77647
198.17721 230.39901
212.90312 225.80422
222.51765 178.83342
162.47124 258.58679
184.11162 263.16076
217.33599 362.96268
280.22528 331.43516
175.02295 335.27141
167.78227 342.35135
200.81805 380.99923
198.21726 381.76778
213.14951 218.24355
182.82341 329.41784
181.59214 240.16996
177.86847 232.69658
176.01092 178.35191
216.30156 193.29344
174.02480 201.92151
226.87865 220.88648
232.22762 200.44293
172.09658 376.27251
182.19880 376.12529
189.54224 377.33576
173.41500 337.99097
199.50341 381.44656
197.04653 384.76628
196.98405 382.07967
168.80320 335.98820
187.15426 383.50630
181.28733 384.45207
174.02405 386.41268
192.17890 417.07129
183.29474 403.56802
180.23791 397.49655
177.13267 391.85020
174.43558 387.61285
187.47853 384.41879
190.45639 385.94739
193.81432 388.35604
197.16389 391.28733
199.36928 348.43453
273.95472 272.06496
191.85646 383.29432
194.37308 383.93213
165.39389 347.78250
181.41699 335.84735
166.53881 345.35435
187.19174 294.21005
204.18404 293.96646
184.45414 322.69916
201.54641 175.24414
197.03062 193.18658
195.94727 222.40221
210.62563 391.49718
157.18974 246.57112
152.76225 212.57950
151.49550 186.26529
227.05592 260.12460
251.01080 254.68180
185.95023 279.21545
229.64983 240.81823
168.49862 291.93079
174.18095 326.53593
252.92838 256.15102
250.29498 259.05698
241.34215 265.83172
222.75797 275.58372
206.94287 281.51389
194.45061 284.30948
152.71733 288.23913
258.79027 278.59683
233.73755 235.89820
155.89283 347.95830
177.87756 304.09221
259.16747 225.46881
184.33964 284.80586
186.40072 321.72565
230.95709 250.68279
174.44680 319.00763
279.24006 299.54014
185.07046 277.62061
164.30270 319.23995
256.76558 374.95332
262.00697 384.75997
273.15443 274.22332
269.32845 352.97013
243.83650 213.82830
221.95998 431.15772
156.35300 350.20781
187.70569 306.98256
248.76021 247.72201
217.05470 261.74738
208.55746 266.41397
199.74362 385.83261
264.08797 300.48172
210.57013 452.98880
236.51354 422.92692
247.83312 406.50125
200.19926 270.46581
192.46552 273.94195
187.61923 276.43531
236.36385 232.89955
191.46834 270.41321
198.90213 265.13218
206.40814 260.69005
214.92850 256.65699
221.28878 254.56358
250.31557 203.78064
222.26851 258.30980
188.61458 346.34337
174.49652 334.09074
167.41412 352.53503
244.74379 395.47440
233.66534 412.99597
206.55749 447.21930
273.65500 360.94221
186.98288 274.95685
161.40986 300.68153
224.54909 438.59667
277.80028 299.23945
181.63420 385.66949
184.79014 388.52965
188.23046 392.75432
191.77761 397.90140
203.59616 404.85581
193.39690 381.19460
195.12318 379.23296
196.60897 377.07113
209.01831 353.91924
248.50272 313.66493
160.09579 289.75093
171.86278 274.21238
179.38103 273.31238
191.70203 382.87809
257.79257 339.59547
163.30077 276.13192
210.23425 410.99686
153.17566 299.97916
171.53084 311.21592
196.75986 425.41867
224.84618 378.83932
195.89388 326.30547
219.03738 395.60309
220.12331 316.12559
207.28356 333.54158
233.36161 329.43426
201.94403 436.72199
178.93563 312.29739
236.60544 384.68941
226.86961 402.81389
228.50645 361.50457
266.60670 320.43626
244.75581 358.45245
277.81859 325.25220
217.94779 343.98114
169.68079 302.22623
171.42435 332.93711
178.60752 331.06444
165.06384 329.26772
174.92476 262.53556
187.33805 249.19931
200.00403 240.54117
212.08876 235.36980
222.26691 235.29004
235.53530 248.91443
265.88927 251.54168
237.03127 259.44489
229.22079 265.25983
216.77031 272.54254
203.25003 278.45012
192.42426 281.71840
184.48412 282.99048
266.51915 247.88047
179.08881 333.23503
162.39090 310.16078
163.45154 337.55504
160.38081 344.37897
164.46017 338.96475
177.69131 336.83863
158.60714 346.17645
159.03315 348.28898
180.89411 279.03643
176.30389 282.00731
174.33545 282.78268
225.33850 253.54632
227.11886 244.53326
111.40147 297.16194
119.79004 294.71132
109.16958 291.41665
103.16584 299.53222
114.38506 302.68675
198.23700 257.24713
206.88170 251.89641
194.23088 251.43511
189.33596 262.61487
202.15392 262.92882
