135.37991 293.02339
133.32650 268.47751
133.42583 275.53585
127.07104 237.53865
133.30144 259.04699
133.43041 246.55103
134.03214 216.45999
79.23491 213.88775
134.15517 198.00435
134.20089 186.52667
134.83746 136.35872
135.35325 295.46583
135.29998 297.65519
135.26610 298.96731
135.18983 298.80119
135.17552 301.56225
135.06984 304.86207
134.95900 308.48666
135.08826 320.70431
133.42206 272.95533
125.15273 272.00541
46.28835 179.09445
99.94294 220.93511
92.23809 221.69198
84.76201 221.23161
75.23869 216.91289
106.62572 218.81756
89.83592 198.92546
98.47558 199.56629
81.85017 200.55960
76.48564 203.72769
67.33123 222.08887
105.19681 339.86690
76.43700 212.02389
41.92471 218.45549
57.93855 217.20582
92.93086 256.58096
124.38157 290.77243
125.46778 296.63533
114.57261 291.75924
107.90831 293.09694
117.27027 295.86672
110.85620 295.53642
95.72121 305.84595
126.45753 268.27432
125.65627 259.04715
65.60202 198.60817
110.68854 235.24353
107.51138 263.01543
107.45135 257.81119
67.59038 254.55318
126.28135 247.46722
86.01462 189.82231
74.37014 192.84952
55.01338 163.29670
119.85720 197.36837
105.92603 202.69028
88.00738 297.88671
50.64288 303.20550
113.18375 268.47304
119.69178 271.16254
99.24273 295.41759
101.23830 295.57759
70.06757 187.85382
106.80190 265.86361
101.20436 190.85019
100.14207 184.25855
88.28988 141.75472
61.83617 174.65770
94.09083 161.44366
60.39548 194.98490
52.56360 186.81628
124.76540 294.11983
115.96467 294.01303
109.36578 294.35144
114.90140 269.68933
100.27087 295.49931
104.45426 297.46426
102.27914 295.68676
117.42396 267.42820
112.02790 296.42821
118.45673 297.10622
126.26859 298.13316
124.46809 320.51373
124.79184 307.66082
125.09465 303.92786
125.62955 300.72517
126.34927 298.08714
112.06086 296.63417
110.76608 297.83499
109.41636 299.52104
108.26503 301.65057
97.24980 286.02119
40.85166 258.79610
133.43396 274.39120
107.28604 296.22476
105.91744 296.74563
122.55544 274.44132
109.31617 270.33670
121.16612 272.87548
101.89765 239.87433
88.01001 245.06875
105.78715 261.03020
68.40554 150.51006
75.22073 165.85817
83.62670 183.53844
103.72470 311.81742
117.96120 186.53639
112.96449 159.88638
109.55460 137.37501
78.63896 219.74836
57.99937 227.83564
111.04262 216.74810
68.01741 207.63461
116.46815 229.82837
112.73143 261.22956
48.71129 234.26258
63.63238 233.16621
74.02465 235.99930
89.29501 234.98848
100.62587 231.83678
109.13472 228.08711
126.61322 218.61955
49.16802 252.27914
61.17385 206.95236
129.09802 272.60643
110.78044 244.13112
38.93334 217.61739
115.64280 223.81345
105.01519 261.01266
72.69336 212.54125
112.81857 254.79577
44.52555 280.94142
111.11186 213.98337
119.51062 250.32625
68.53360 321.31298
70.32077 332.93550
42.07372 256.26215
57.35043 310.14720
46.82370 201.04533
103.98265 349.99052
129.89596 274.02193
103.15432 249.99238
50.48260 218.69937
86.35188 216.38574
92.68040 216.99638
103.15753 298.47730
49.98799 270.62197
119.35235 361.85443
95.07027 351.95277
83.88345 344.27780
134.43097 159.95230
135.69646 363.10408
99.04052 216.43080
105.17163 215.18779
109.16070 214.57248
54.78158 205.24200
104.09903 208.57671
97.57613 206.55907
91.27244 206.31490
84.86146 207.57439
80.79760 209.41350
41.26330 196.11699
82.16145 215.16764
133.58308 280.90492
105.96539 282.05877
113.25934 267.64655
121.98026 280.75390
134.15763 206.62042
80.85797 332.81702
92.16336 341.73468
118.50177 355.07245
59.69727 320.39886
108.90195 211.75458
121.42333 232.91940
135.52588 356.02806
106.46624 358.01481
44.77361 276.26243
118.57781 297.21797
117.31719 299.25724
116.44469 301.87031
115.77996 305.23859
113.17797 317.00170
105.73748 295.44462
104.27110 294.85188
103.02375 294.20425
90.34478 291.17888
59.81469 274.35380
121.76837 223.64592
117.51077 208.23161
112.32653 208.89217
107.32570 296.02495
59.46999 296.11056
124.66756 208.42364
108.90807 328.53139
133.64201 236.24327
126.79107 228.46997
133.84738 226.60650
115.52607 246.78158
135.33374 345.86286
135.18359 332.80080
121.85225 332.63066
89.15889 311.96651
98.08591 267.67491
98.62756 321.70051
78.47972 266.31001
89.66826 275.96171
70.61179 280.18568
119.25090 345.30436
110.52254 251.07884
82.95144 320.89507
94.28155 331.10859
81.04279 301.01917
52.05016 286.11282
71.01594 304.29591
49.07710 294.40918
82.08627 285.85327
116.33088 238.47100
114.99564 265.79216
109.79728 266.42752
118.76424 260.10010
112.14394 201.69012
99.73603 196.66433
88.56911 195.69336
79.04923 197.59912
72.06759 201.50708
66.21577 214.86242
40.76142 237.13780
71.87035 225.34955
79.89730 227.64194
90.45636 227.79328
100.40471 225.97989
108.24963 223.21810
113.68357 220.56262
39.43665 238.00922
109.74212 267.91669
121.06993 241.40074
120.64616 266.96407
124.72575 271.04068
120.51003 268.26302
111.73522 269.97875
126.39836 271.95420
127.11041 273.33977
113.87990 214.22377
117.99720 216.17411
120.60914 217.68080
78.41489 210.81364
72.85615 207.62393
140.42802 237.42806
191.94560 214.15435
141.86997 271.84551
224.90636 178.43749
169.44159 221.14207
177.39930 221.78316
185.18014 221.51379
195.64965 217.08261
162.57771 219.43470
180.88260 199.29094
171.59411 199.99540
189.31666 200.85417
194.79718 203.98174
202.91997 222.12289
165.52760 340.03749
194.96976 212.12003
228.93353 217.83790
212.56642 216.98583
176.18800 256.34880
146.44955 291.34715
145.37186 297.18710
156.58284 292.93353
163.32370 294.58518
153.76771 296.92095
160.32500 296.87647
174.00138 305.59940
140.29012 268.16221
141.09784 258.94023
205.30091 199.04043
158.34683 234.99109
160.09572 262.93078
160.37713 257.69580
202.08787 254.17721
140.69947 247.34713
184.78549 191.37470
196.69335 193.80977
216.02197 162.50083
149.90510 198.80193
163.67205 203.30801
181.45314 297.60501
220.28226 302.90938
154.32944 268.40593
147.69450 271.14420
172.16168 297.23300
170.12120 297.29953
200.97722 188.60392
160.90447 265.85222
169.30690 192.56747
170.45365 185.88841
181.97636 141.10655
208.73299 173.62751
175.35023 160.54862
210.33517 195.13486
218.31319 186.12894
146.07917 294.68756
155.20171 295.14236
161.90726 295.76774
152.57941 269.66700
171.10780 297.27195
166.79417 298.94207
169.03636 297.33384
149.79169 267.25455
159.00103 297.62391
152.42492 298.03750
144.51430 298.62185
145.88256 320.47552
145.42142 308.07323
145.23179 304.31577
144.90437 301.11598
144.27289 298.49722
158.84534 297.75027
160.28655 298.96448
161.64313 300.67857
162.71699 302.79676
171.55772 285.86746
230.08813 258.18851
163.77242 297.56063
165.27337 298.17024
144.84521 274.42030
158.56164 270.44501
146.20757 272.87219
167.16164 239.60805
181.39855 244.75042
162.19943 260.98140
202.37260 149.67013
194.86687 164.75613
187.29432 184.84747
166.36645 311.68265
152.01819 188.10098
156.09149 159.42061
160.34829 137.02488
191.82561 220.04837
212.37874 227.70638
158.05512 217.74295
202.99012 207.77855
152.53077 229.59476
154.64490 261.08540
221.40240 233.69770
206.39462 233.21806
195.59964 236.24762
179.80885 235.32567
168.22652 232.25642
159.70015 228.78112
141.76749 218.50448
220.84496 251.80278
209.57528 207.04071
137.81173 272.51531
157.83940 243.91924
232.24133 216.86564
153.22234 224.77361
163.14866 261.00323
198.60303 212.61036
154.78045 254.63139
226.34328 280.40303
158.07933 214.96673
147.79927 250.14932
202.16134 321.56542
200.88612 333.30278
228.25078 255.70172
213.06458 310.12064
224.01486 200.41338
167.04589 350.34892
136.97345 273.96390
165.53876 249.80605
220.35344 218.32276
184.11074 216.68028
177.36617 217.12281
168.13960 299.98495
220.07443 270.23116
152.08142 362.05631
176.51130 352.41307
187.60119 344.81429
170.73083 216.57860
164.28677 215.67452
160.05343 215.43952
215.81609 204.95222
165.83642 208.79806
172.78533 206.24924
179.66775 205.85637
186.39178 207.17181
190.58873 209.21964
229.84128 195.43825
188.70435 215.49907
162.42848 281.99411
154.17403 267.54900
145.80771 280.74241
189.92749 333.23274
178.73488 342.21944
152.56614 355.21690
211.35369 320.38846
160.56075 212.53524
146.86732 232.72548
165.05198 358.38283
225.36778 275.77725
152.23986 298.03290
153.48876 300.04684
154.31365 302.65131
154.92871 306.00280
157.08913 316.84955
165.59375 296.94271
167.13326 296.44186
168.45855 295.85352
178.82701 290.96352
210.04735 274.05131
146.92769 223.50018
151.80562 209.33950
156.96439 209.83498
163.87444 297.40443
210.70744 295.95214
144.34298 209.76366
161.54757 328.58083
141.13978 228.32439
152.54084 246.63806
148.65403 332.66014
180.78721 311.92959
170.47757 267.60368
171.62198 321.71483
191.04541 266.03591
179.48945 275.83474
199.20625 280.01509
151.45709 345.38778
157.71975 250.90136
187.47662 321.03116
176.29191 331.33387
188.68083 300.91823
218.08923 285.79569
199.15223 304.29292
221.09570 294.04184
187.44201 285.70882
152.10488 238.28747
152.25222 265.59746
157.70024 266.35584
148.24942 259.91065
157.47245 202.74510
170.35878 197.69388
182.14974 196.63674
192.04945 198.28147
199.12625 201.91910
204.50349 214.81407
229.82789 236.54341
198.21164 225.56137
189.72213 227.92705
178.84137 228.01312
168.64726 226.27311
160.78185 223.86894
155.32479 221.44604
231.79971 237.26693
157.78436 267.88338
146.67094 241.21750
146.30776 266.75859
142.27647 270.89781
146.54918 268.10373
155.92246 270.00367
140.54801 271.81397
139.79968 273.22209
155.20863 215.33530
151.02010 217.23241
148.26178 218.83018
193.02048 210.79382
198.41306 207.78628
91.66823 211.04535
99.82941 210.84599
91.73003 203.33556
83.39719 211.20474
91.55968 218.69477
178.60001 210.98858
187.43422 211.03959
178.26093 203.00954
169.76031 210.87985
178.92365 218.98554
