178.92448 366.24360
179.25109 329.85012
179.02724 338.87342
169.33067 290.98054
179.24548 318.75286
179.10037 303.23407
178.79871 263.92546
97.20857 252.00370
178.72432 234.82193
178.78532 220.27495
179.03846 169.41106
178.90353 370.47484
178.79287 374.55184
178.71516 377.18077
178.60255 377.24746
178.73233 382.77581
178.78577 389.39703
178.77616 396.15150
179.57908 406.61185
179.24182 334.91274
168.21487 333.25687
58.53835 208.53628
128.73000 261.37571
118.72815 262.66085
108.38527 262.70063
93.04652 255.44257
136.90681 259.02706
111.39936 230.44895
123.99078 231.98106
99.84220 232.16697
92.31719 236.30229
85.21407 262.52045
136.60886 418.57262
92.42334 248.31413
53.69390 254.09615
72.53465 252.78951
123.05682 313.01233
165.72520 363.34179
167.01312 373.55702
153.03199 366.66634
144.30267 369.98695
156.75945 373.42151
148.44154 373.83614
128.49139 383.18265
169.82516 328.97561
168.12068 318.20556
78.93396 226.78809
145.60214 285.69648
143.43269 322.73259
142.57461 316.32342
90.65786 308.92561
168.70090 303.77409
104.71360 217.04169
89.40250 219.91514
69.14788 191.11848
153.21258 228.27118
134.53164 236.90649
120.22601 372.32653
66.37550 354.57264
151.87476 329.30636
160.81775 333.01875
132.52578 374.86868
135.09544 374.91394
84.07401 212.47529
142.98110 327.09212
125.28379 218.76850
123.84246 210.07891
114.30421 170.39861
76.85182 202.53352
120.60859 190.86408
72.73160 220.70899
66.11577 216.44836
166.14864 369.07003
154.88467 370.32260
146.29314 371.98014
154.48333 331.30399
133.84019 374.90821
139.29118 377.62771
136.51387 374.94921
157.39871 326.82671
150.06202 375.16557
158.30417 375.41321
167.89340 376.19097
164.46063 405.15290
165.07335 394.78067
165.64956 387.97503
166.58969 381.46054
167.81615 376.32062
150.05172 375.17677
147.85136 377.53984
145.46264 380.73802
143.51417 384.48150
132.77744 355.08389
54.07516 299.30860
179.16400 336.78850
143.82613 375.06817
141.61708 376.23159
164.52838 337.61093
146.90894 333.54648
162.74345 335.37223
133.96768 291.38094
115.95079 297.94679
140.76621 320.77906
86.74031 177.77573
94.04903 193.28000
101.29153 208.44409
137.70223 391.32307
150.36494 213.84190
147.99670 192.47035
144.14119 168.18765
98.82007 260.25304
74.46841 269.94723
142.18482 256.63335
82.60030 240.39335
153.42109 279.06174
150.17291 319.66187
63.05791 277.21945
82.51744 279.49105
97.25234 285.10585
118.06354 283.43853
132.67862 278.69585
143.22749 274.11957
168.21738 265.78159
65.69205 300.93286
74.63161 238.13949
173.43944 334.21049
146.35059 297.60780
50.10251 251.29785
151.52789 269.14585
139.81549 320.70465
88.05152 248.17860
149.63149 311.86198
58.64444 326.12119
141.11531 252.49770
158.85131 306.60496
89.95319 386.48711
90.24100 396.65798
55.92052 300.35119
76.89388 369.72895
59.66748 233.53077
133.80780 428.92734
174.54997 336.13486
136.26485 305.01681
63.71566 253.36790
108.92680 256.01620
118.06749 256.27331
137.21488 379.37125
68.52664 322.94566
154.22939 445.76005
120.56293 425.99167
106.38953 413.63109
178.79825 194.98440
178.19503 449.29773
126.35009 255.12786
133.92877 253.52040
138.88601 252.96080
67.04274 234.26067
132.02241 244.63367
122.89878 241.28740
113.47903 240.72610
104.07628 242.27540
98.30554 244.73886
52.53421 227.35888
102.22085 254.35087
179.11948 347.97216
143.14773 349.79559
151.95945 327.75188
163.71997 347.89510
178.69846 248.86108
104.06867 402.68368
118.16482 415.74529
153.76247 438.84780
77.51329 378.27009
138.26814 249.52154
160.79200 284.03282
178.28487 442.50226
135.88147 437.31186
60.13246 324.69449
158.26778 375.50971
156.10358 379.48165
154.38297 384.49354
153.14277 390.52652
149.39288 399.19769
141.60529 374.31314
139.41982 373.48737
137.65050 372.54044
124.70048 362.91693
82.95547 331.27940
161.01974 271.65312
151.12140 245.84787
143.30966 246.06948
143.78368 375.08324
81.72443 356.32591
162.89336 247.23656
142.51018 408.25298
178.95549 289.94014
168.56677 279.03986
178.87115 277.41064
152.93483 301.52381
178.68392 431.61279
179.08836 418.22243
160.31146 416.00491
117.38799 385.65760
130.74788 328.69360
128.63422 398.32911
106.24002 324.81441
121.08117 338.97197
97.48111 341.39645
155.91533 428.46733
146.27013 307.01997
107.69370 392.17421
121.78733 405.99323
108.86747 371.46734
71.68807 341.46166
95.16626 370.64073
65.97226 347.65911
112.99323 352.60270
153.76292 290.61116
153.92211 324.99588
147.03746 326.68915
158.46255 318.46852
142.40592 235.38143
124.64498 227.84580
108.83611 225.99623
95.86955 227.77988
86.86483 232.38413
81.53777 250.59252
53.15620 276.76865
91.43159 268.08466
103.42900 272.20544
117.96043 271.97968
130.81254 269.18538
140.43479 265.94220
147.39532 263.11172
51.44336 274.80997
147.20546 329.24862
160.72231 295.13028
161.71748 326.61190
167.58693 331.76850
161.82861 327.94944
150.28072 332.48710
169.83340 333.19617
170.86875 335.12845
145.49068 253.54531
152.93266 257.55626
157.90935 261.04019
94.96999 246.71694
87.84192 241.24215
188.31321 291.80342
253.66973 255.71803
190.02776 334.02523
293.57288 221.34045
223.33064 264.37176
233.59199 265.85388
243.66210 266.36648
257.60375 259.73040
214.75215 261.61221
241.25472 233.13729
228.76624 233.65855
252.34622 235.94875
259.20341 240.96502
266.23763 268.68417
218.49540 421.41276
258.08200 252.14500
296.89201 266.63975
279.27623 260.86169
232.74169 317.11862
192.01835 363.92643
190.40107 374.21008
204.33700 367.79917
212.43644 371.70874
200.26393 374.63713
208.07418 375.53778
227.84785 385.37075
188.56635 329.73914
189.96688 319.12545
273.65501 233.29806
210.76377 288.31659
213.36295 325.05446
213.86981 318.63370
263.25999 315.51129
189.28619 304.63598
249.54723 219.73461
263.87626 224.70562
284.28336 203.15878
202.42114 227.11906
217.88291 238.20361
235.30414 374.89649
280.29269 362.43484
205.49503 330.94208
197.01461 334.17940
222.90630 377.72395
220.32027 377.55935
269.77626 218.36784
213.60820 329.26510
229.73201 219.42063
231.89037 211.27454
242.05558 177.81097
277.06752 214.22765
235.60729 198.06517
280.28697 228.93267
286.96288 228.97271
191.47773 369.72013
202.34115 371.57278
210.38806 373.69561
202.84538 332.73481
221.58622 377.65681
216.55517 379.90233
218.86836 377.47379
200.45642 328.32023
206.22195 376.74406
198.51791 376.52210
189.38564 376.80264
194.18071 405.99889
192.30960 395.42987
191.62605 388.55767
190.61633 382.00771
189.26273 376.83187
206.12033 376.68136
208.48972 379.19680
210.91323 382.52605
212.87658 386.32663
223.76231 357.34622
293.32980 310.34014
211.89204 377.01005
214.21668 378.34920
193.53767 338.50990
209.65965 335.31069
195.20507 336.40606
221.96914 294.90883
239.43294 302.88974
215.53516 323.14580
268.22753 188.21771
260.81897 203.62091
253.54202 212.03170
219.32578 393.30511
206.20387 213.20754
209.13207 196.08892
213.34018 172.05322
252.41168 264.38296
277.72762 277.62513
209.15313 258.90250
268.79688 246.61259
203.27155 281.14022
207.00885 321.73474
288.61884 287.68399
269.37366 286.21951
254.99919 290.45750
234.72518 286.93070
220.54240 280.92515
210.11237 275.45029
189.18422 266.78542
285.83667 310.01345
277.35191 245.89689
184.93343 334.64997
209.99301 299.92967
298.70750 264.11278
202.20611 269.70139
216.32011 323.13112
262.23655 252.87828
207.23373 313.91980
288.24199 335.61537
209.71503 254.89373
198.54778 308.19813
260.70178 392.19178
258.84772 401.86138
293.59851 310.72477
272.31433 376.38126
292.41485 246.07244
220.39317 432.17090
183.75434 336.46458
219.72026 308.08045
288.84841 262.81058
242.96264 259.46550
234.12631 259.66100
218.67290 381.76052
282.46604 330.93114
201.24320 447.24829
232.15690 429.41072
244.73991 417.85524
225.61546 258.47892
217.47619 256.66592
212.16865 255.77107
285.26138 243.69630
219.72518 246.56090
229.22790 243.15911
238.83315 242.91159
247.81734 245.00172
252.98698 247.98400
297.96191 240.43842
249.15218 257.92235
213.76613 351.47868
205.54218 329.44682
194.38579 348.80971
247.83244 407.73046
234.56977 419.88557
201.76219 440.70335
270.00446 384.61341
212.91080 251.74634
196.31435 285.52428
218.26755 439.93081
288.70376 333.72724
198.45313 376.50479
200.68942 380.57548
202.53215 385.67653
203.94504 391.76023
208.38191 400.61184
214.33250 376.43629
216.57130 375.70933
218.43761 374.80965
231.31347 365.42291
269.61559 337.79633
196.04415 273.25002
201.98558 246.23749
208.58722 247.46283
211.97375 377.07700
269.58469 362.59178
192.37643 246.61575
213.48048 410.32759
188.90842 279.93091
203.81664 303.42506
196.97307 417.12892
237.21793 389.22078
225.35213 331.83687
226.56612 401.18334
248.81995 329.94642
234.91653 342.79148
256.76593 346.84679
200.41934 430.13877
210.12256 309.14866
245.59398 396.76935
232.11662 409.66648
245.35388 375.50952
278.85921 348.74051
257.46940 375.80138
282.48424 355.52517
242.36663 356.57690
202.93121 292.55227
203.75117 326.69237
210.09853 328.74426
199.22630 320.05615
210.79478 235.34664
228.68636 228.91526
244.28569 228.76907
256.68433 232.13678
264.92316 237.82677
269.52541 257.14659
296.80869 288.49986
259.86865 273.53892
248.71902 276.83566
234.58430 275.44945
221.67686 271.79236
211.92626 267.95399
205.14941 264.48383
296.52888 286.84064
209.72705 331.18181
196.54483 296.58517
196.37420 327.94919
190.62423 332.67204
196.33575 329.24373
206.61414 334.06939
188.45615 333.87743
187.39917 335.68541
205.83503 255.35200
199.93320 258.29578
196.26090 261.01084
255.90144 250.26624
262.93143 246.24889
113.31710 248.32720
124.71816 248.13566
112.88915 238.06862
101.71228 248.41459
113.67376 258.52347
237.09537 251.34897
248.79157 252.44376
237.48206 240.95082
225.28735 250.13998
236.72996 261.74270
