204.82927 435.50457
204.48721 401.65775
204.22508 408.51341
193.03144 355.62441
204.33289 388.71330
204.07368 370.01713
203.59983 323.22026
115.19680 314.91814
203.31585 291.40988
203.14499 274.16818
202.36525 203.76480
205.27840 439.19256
205.63494 442.74981
205.88018 444.79462
206.74610 463.33688
206.99272 467.76453
207.17972 473.32558
207.41959 479.15121
206.29326 489.53078
204.54214 407.01552
190.14095 404.53709
66.12700 259.60137
149.48330 323.92411
137.02841 324.99110
124.99025 324.59289
109.60075 318.68788
160.23886 321.33819
130.42923 292.70249
144.83734 293.58019
117.34697 295.19933
108.93219 300.01347
98.51343 325.41699
158.64819 504.45792
110.60280 312.15715
62.10039 314.72994
84.51050 317.43010
136.95683 376.35542
185.77703 433.08009
187.40250 441.08178
169.15764 433.37047
157.91376 433.24282
173.07095 439.12645
162.48293 437.61027
139.68801 449.21068
193.34164 401.19291
191.73637 388.41262
91.99682 290.12429
165.33972 346.32985
159.75529 388.92812
159.34965 380.94387
99.37283 370.89562
192.24947 370.98259
120.88474 277.29214
103.89164 281.81824
77.75562 239.35825
175.64032 285.48834
157.38733 298.18759
128.20009 433.77210
79.63829 429.23702
168.88327 396.97674
179.87886 401.54896
143.39092 433.81703
146.68350 435.26272
97.24480 274.58291
158.08857 391.93897
144.04764 277.29095
141.89409 268.26704
127.55745 211.41933
87.77596 256.04641
136.53002 239.35381
84.42158 284.52854
75.39276 271.92211
186.32120 437.40621
171.03178 436.28586
160.07624 435.37383
171.41184 398.62752
145.07772 434.49874
152.91098 445.98514
148.17163 436.09416
177.31831 397.54155
164.71601 439.27947
175.20178 441.16540
188.82488 443.29615
186.32235 487.61420
188.38892 477.03450
188.50508 471.23481
189.22428 465.79851
190.34615 461.82882
166.14098 452.17943
164.04940 453.43754
161.45988 456.03061
159.78453 459.22976
142.28027 419.26441
63.43357 365.81498
204.45282 408.27781
158.28878 445.77329
155.53465 445.49777
184.80663 406.39206
161.34396 397.74368
182.46237 404.13283
151.91380 351.74620
130.41395 358.56092
156.37527 384.71593
96.97941 222.73871
107.13243 244.60996
116.50566 268.56928
151.82447 464.40264
171.67265 270.33602
167.29597 237.97571
161.41605 205.57812
115.19279 322.56559
84.81480 332.93595
167.34735 318.72023
97.29710 304.72673
174.47594 339.86011
169.23775 388.20540
72.77269 339.41632
92.92957 340.57819
108.65868 344.78496
132.78814 343.39631
150.75811 339.15187
164.03452 334.29068
191.34453 326.05454
73.31984 364.25980
87.38125 302.57493
197.44343 406.62439
164.96086 359.79997
58.63798 309.40980
174.11219 328.63744
154.80715 383.41759
104.85397 312.47547
168.81145 378.16385
69.32848 396.60782
167.41631 314.86410
180.60385 373.71812
105.67177 463.98679
109.27368 477.94911
63.91617 366.67958
89.65519 445.29738
67.97024 291.16575
157.84246 518.95916
198.55625 407.79849
152.79951 367.09433
73.88569 319.03051
126.82760 318.20679
137.16299 318.81911
150.75314 446.88881
74.73490 389.72892
182.17930 540.28202
144.44807 515.09549
128.41084 498.91012
202.68225 237.87297
209.02113 543.62729
147.52453 317.96800
157.57341 316.36840
164.22277 315.62972
78.33160 299.54409
155.44064 307.03563
144.15802 304.02230
133.30954 303.73036
122.94725 305.61743
116.68150 308.34881
60.12560 281.44745
119.95869 316.68138
204.08958 415.76819
156.10027 414.91009
169.47269 396.34286
183.27003 415.29028
203.45667 306.29045
123.41892 483.81986
140.19276 501.02857
180.49284 530.91529
93.84264 456.46738
163.62751 311.74390
183.06181 346.93753
208.02526 534.73486
161.61621 529.95382
68.36426 394.53945
177.02774 457.86556
174.98331 460.58822
173.32054 464.95825
172.56975 470.24804
166.76800 478.22617
153.68832 436.32487
151.39887 434.75050
149.56078 433.33127
132.09040 425.03018
88.94205 397.70447
183.16824 332.34185
176.07502 305.75782
168.49777 307.37214
156.08059 437.74275
90.10500 427.53821
187.04086 305.36998
162.49191 489.71688
203.91603 354.11879
192.19488 341.63011
203.78185 339.33398
173.04674 365.77192
207.37782 520.67264
206.76979 503.70437
183.95840 501.05574
131.87181 455.52161
144.20139 392.42576
145.95634 473.96081
115.54298 389.94032
132.04691 404.11468
104.96933 408.08926
181.16787 517.15633
164.33441 370.31067
124.49776 467.82742
141.59449 486.59865
119.84287 437.17839
78.85626 411.40428
106.26549 441.51475
76.49265 420.70431
121.33518 416.27010
174.35068 353.34484
173.30532 395.17796
163.67603 394.22357
180.05367 388.50551
165.56643 294.86861
144.72897 287.99860
126.74566 287.26391
111.95709 290.20836
101.93922 295.92166
96.08969 314.89609
61.78740 340.51298
105.21526 330.05706
117.82064 333.28073
134.60644 333.31395
150.48122 330.87041
162.82917 327.37683
171.35033 323.95707
60.67743 337.02370
163.12992 395.53710
182.85238 359.96361
183.46361 398.52877
189.93696 403.84585
182.91258 399.60174
165.79891 398.20066
192.95082 405.58174
193.76850 406.67717
171.75190 315.21692
177.96021 317.81051
181.70895 319.99208
113.18756 310.43565
104.15142 305.44497
214.93423 355.10756
295.22959 311.08691
218.85006 403.42273
341.14540 253.84456
258.25092 321.71747
271.54982 321.79047
284.13654 320.88416
300.46680 314.87887
246.73010 320.04886
278.83902 290.24460
263.10099 291.97987
292.98666 291.74562
301.67633 295.99624
310.75127 321.30465
255.67217 502.83237
299.95062 308.49374
346.55153 308.83653
323.89435 313.18596
271.47863 373.42471
224.31084 432.74940
224.63522 440.85744
243.15222 432.81249
256.18258 432.61235
240.25394 438.72367
252.23568 436.95811
269.62549 446.01263
215.72565 400.54442
216.98622 387.74146
318.87943 285.05839
242.75654 344.63214
248.70317 386.40044
248.98218 378.50432
309.31732 366.67411
215.95654 370.37317
290.82727 273.99463
307.96675 277.28516
328.63758 234.08446
232.64706 285.43478
249.38004 297.33780
280.21339 430.08455
334.55847 425.52102
239.67007 394.65564
228.69696 399.80143
273.72683 433.31486
270.47613 434.65066
313.84924 270.22926
249.91419 389.24341
266.67618 275.33906
269.01638 266.59486
277.67647 208.27320
318.70508 251.61349
269.09660 236.95588
324.86149 280.01399
331.76216 267.03575
224.87406 437.09619
241.89806 435.87722
254.42545 434.75424
236.92846 396.39313
272.05467 433.95736
264.42226 445.60057
269.01815 435.37086
231.84568 395.81197
250.19520 438.48291
238.37414 440.64250
223.80810 443.00042
226.37484 486.60773
226.93171 477.09050
226.34205 471.14141
225.21400 465.68103
223.74807 461.80281
249.66448 451.91885
252.21050 453.20882
255.31843 455.81039
257.44406 459.01327
265.67087 415.95532
347.79087 360.61422
258.24720 445.34244
261.44234 445.12711
223.81851 405.09263
246.48886 395.13419
226.17308 402.63693
256.04610 349.57728
277.77603 355.59821
251.74416 382.08205
308.72360 218.33827
298.70876 241.13507
295.00637 265.40734
258.99885 461.77944
237.14773 270.65850
238.33443 236.59916
243.64140 203.78327
294.52440 318.68534
323.96484 328.14827
239.16676 317.95654
313.02011 300.20443
233.65351 338.48001
239.63528 386.31618
336.30140 334.42149
316.84565 335.67303
301.50764 340.12835
276.55071 339.96581
257.44669 336.83631
243.28308 332.85285
216.06445 325.43701
336.43507 359.42538
322.13568 298.15212
211.75529 406.08179
243.35180 357.89659
350.62923 303.30814
232.98294 327.75804
253.12769 380.67807
305.47131 308.59532
239.79567 376.28075
343.31245 392.02626
238.77977 314.16758
227.79316 372.49079
308.55532 461.53631
306.71339 476.12986
346.87757 361.47515
324.16054 442.09611
339.63730 285.72684
258.04573 517.51837
210.38292 407.36680
255.31048 364.65427
333.03921 314.80272
282.78408 314.37200
271.74923 315.49949
266.84652 446.47251
335.93702 385.01160
235.79464 539.47401
272.76443 513.50200
288.36348 497.28148
260.52258 315.53029
249.56320 314.92277
242.28682 314.78302
329.35049 295.69816
251.42567 306.57790
263.32466 303.25767
275.14315 302.24512
286.44436 303.32720
293.32581 305.48743
348.03211 275.32799
290.13245 312.76666
252.08181 412.13794
239.25459 394.12714
225.28873 414.06803
291.06480 481.78638
275.12672 499.41011
235.42625 530.05314
321.45149 453.77672
242.80598 311.15380
225.11885 345.94130
256.17708 528.56574
343.52795 389.78788
237.90733 457.77679
240.38000 460.46527
242.51822 464.84727
243.84785 470.22860
245.27864 476.16894
262.66754 435.46839
264.86012 434.02489
266.60494 432.59735
275.92655 421.33574
321.09621 393.22160
224.65239 331.43297
230.40201 305.69055
237.56842 306.98452
260.36934 436.73911
321.73920 423.56498
220.11314 305.70565
250.57709 487.98724
215.56835 341.04753
235.38597 364.30267
229.62004 500.08512
278.53724 452.84853
263.85527 389.34834
265.80500 471.66811
293.39979 386.21988
276.44520 400.83397
304.64853 404.16765
233.42697 516.23329
244.04789 368.24770
287.99652 465.32904
272.05296 484.64171
289.76973 434.04890
332.81599 406.96994
305.24323 438.26340
336.57766 416.66606
287.29488 412.68356
233.95889 351.93487
235.77461 393.32338
244.95180 391.80237
228.82359 387.20118
241.70271 294.08806
264.40155 285.90074
283.97713 284.13573
299.37819 286.17140
309.25014 291.33746
313.26897 310.81857
347.90691 334.93390
304.54874 325.91253
291.64867 329.40844
274.25205 330.20409
257.31812 328.73857
244.09767 326.18238
235.18610 323.26828
349.58788 331.32978
245.06510 393.02018
225.32919 358.98803
225.65460 397.24936
219.29260 402.78795
226.26022 398.28061
242.26559 395.71084
216.30764 404.73291
215.22045 405.81818
234.40086 314.70957
228.34442 317.56387
225.15043 319.64894
297.18000 307.15910
306.54911 301.24611
138.04825 311.09296
150.82329 310.84445
137.64662 300.60016
125.06052 311.34534
138.40261 321.53588
270.38269 308.49439
286.59536 307.60311
269.85065 297.61161
254.01049 309.30600
270.94231 319.27918
