135.02164 340.47087
124.47127 315.17942
127.76831 322.55579
115.88631 280.78897
123.25625 305.03751
122.82298 291.50959
122.26714 256.12748
70.24224 252.52883
120.61181 231.57380
119.34993 218.51213
116.87217 159.83310
134.71602 342.67275
134.37470 344.24197
134.07904 345.11480
132.57294 359.36061
132.81756 363.57010
132.96319 368.51497
132.83559 373.15434
132.59229 393.13926
125.80788 320.12854
119.04134 317.98679
42.19415 202.67341
91.93698 258.37487
84.09108 259.06327
76.42091 258.67394
66.75008 255.12622
98.36850 256.60525
77.88712 238.15318
87.05682 238.63514
69.98252 239.60923
65.31499 242.58397
59.86371 258.89513
106.65345 398.30352
67.37595 251.23532
39.44625 245.64768
51.17347 253.21704
86.32851 296.48105
122.11030 337.49117
122.23103 342.44828
109.69134 336.60771
100.28991 335.74370
111.69984 340.57844
102.96450 339.12406
94.61415 357.29044
117.91220 314.34894
115.81496 304.53997
52.78170 235.00270
101.95027 273.60024
101.13997 306.18020
100.43977 300.29052
61.88811 292.07897
115.62213 292.00056
69.99047 228.01745
59.36303 229.96602
47.07253 186.43133
104.84214 235.30989
95.30211 241.35548
88.57219 344.01055
60.89316 340.99905
108.00454 312.55107
114.93525 316.61938
85.84637 335.40722
88.17748 336.70820
54.97170 223.90028
101.93717 309.17490
84.82951 229.15718
82.85661 221.46866
73.09811 164.02009
51.83064 199.94625
79.26551 187.57614
48.31599 230.11099
45.82604 212.47240
121.99008 340.34985
110.72446 338.81436
101.57079 337.48435
110.16467 314.18852
87.10208 336.11758
92.90967 345.03807
89.14061 337.23973
110.42514 311.96045
104.06955 340.04021
112.73833 341.65192
122.74619 343.55936
119.53618 390.00745
119.96167 371.08088
120.20778 366.38635
120.73901 361.64283
121.60224 358.01470
103.39944 349.93969
101.87428 351.14095
99.99837 353.29771
98.56620 355.69663
94.85516 329.94659
46.93795 287.99920
126.80140 321.68399
96.78464 344.73996
94.80790 344.74279
117.91032 320.66780
105.51825 314.18685
116.53268 318.79834
94.44907 277.60560
80.87466 282.49556
99.91769 303.52140
56.69947 173.15516
62.55347 191.44167
66.88535 220.32050
100.37625 369.81293
101.45772 223.93157
97.30901 187.02671
92.47805 159.93282
70.30301 257.45330
51.88638 263.61702
102.29972 254.72916
57.66484 245.12696
106.57323 268.53994
104.62968 304.69994
43.86990 265.65063
56.57508 269.05113
65.73825 272.09977
80.47469 271.79612
91.82053 269.22668
99.88656 265.98131
114.78299 257.77246
45.54286 286.38820
51.29735 243.16565
121.52173 319.25983
102.63205 284.22166
41.02914 242.53775
105.63378 262.11861
99.74551 302.99483
63.49274 251.13644
104.13993 297.46660
52.18020 313.37800
102.17503 252.07976
109.44478 293.91167
76.92937 369.10572
81.85988 380.65308
42.08051 288.11308
65.25719 354.21361
42.32438 227.38312
108.03773 408.48875
123.51163 320.96578
96.16769 289.72543
44.92276 254.22126
77.63821 254.04301
84.23161 254.22030
91.19157 345.40493
49.20514 307.26064
123.71075 423.36986
102.97709 406.00228
93.97065 395.30625
118.85062 188.42309
139.49696 426.55697
90.64299 253.62813
96.76862 252.69047
100.51215 252.31666
46.02574 240.45374
95.01624 247.56940
87.96948 246.17940
81.19904 246.21783
75.00567 247.50922
71.17270 249.12878
40.02663 220.11341
73.31870 253.36291
129.42868 327.98012
102.28759 326.50495
107.43068 311.70617
117.55887 327.05032
122.05737 242.41068
88.48286 383.64437
98.35128 395.74959
120.88195 418.01905
71.36496 364.09448
99.82573 250.14336
110.66037 274.29631
137.57367 421.60739
112.09821 415.85161
47.21192 311.28118
111.96133 354.60493
110.50090 357.19105
109.26917 360.85433
108.53137 365.21083
108.18576 381.36730
94.72190 337.71751
93.26970 336.46893
92.00278 335.12211
89.99503 335.57176
58.47102 313.69221
110.74763 262.68779
106.65477 246.63838
102.52539 247.35742
96.21186 338.64145
63.28006 338.93454
112.32325 246.85132
107.39360 388.57824
122.59490 279.95695
115.29563 270.22208
122.36012 268.82293
106.21823 288.57611
135.61541 412.28940
133.89439 401.62510
119.45670 398.24044
90.85202 362.12492
93.81261 309.75927
98.44689 376.24971
73.91425 307.12655
86.78571 318.66985
70.35559 322.32366
119.30318 408.67163
102.77671 292.36607
87.42039 371.45643
97.26580 385.11053
83.25314 347.06389
54.45042 325.43771
74.86869 350.67322
54.65070 333.56100
82.71018 329.22625
106.78832 279.18943
107.55965 310.02726
103.90149 310.14558
109.70977 304.51455
99.84467 239.90502
86.28159 235.10833
74.71963 234.14164
65.49975 235.60175
59.70841 239.40401
58.07380 251.89611
39.44596 266.56839
63.99194 262.27626
71.51362 264.41698
82.04837 264.86360
92.15339 263.42744
99.63548 261.09295
104.51157 258.77430
44.13060 264.79762
104.84517 311.69085
110.47532 284.04399
112.47952 312.17931
117.81115 316.91833
113.15038 313.26471
107.47960 314.17069
119.08007 318.31664
121.00062 319.88315
104.67105 252.48873
108.08820 254.60216
109.69992 256.16230
68.96153 250.37871
62.50157 246.21821
130.04769 281.21312
186.92323 252.74300
135.74651 319.36984
219.33678 204.75729
157.98884 258.55331
167.03803 260.01213
176.26586 260.66255
190.07687 255.78804
150.81031 256.56811
177.22264 236.47999
166.08022 236.56909
186.77634 238.84300
192.32907 242.57316
196.43716 261.89678
168.01621 400.27462
191.19073 249.90190
230.68566 251.64525
209.05747 256.32413
174.42107 300.52091
147.49718 337.88957
145.92860 342.54503
158.64796 337.21462
166.30309 336.09640
155.66489 340.59247
163.16363 339.09670
178.40384 362.02830
131.54183 315.10005
131.30854 305.10092
204.79146 239.24301
153.20275 275.61744
155.35636 308.44053
156.02166 302.48570
202.86691 298.15939
130.72141 292.34161
183.86210 231.67860
196.53638 234.16649
206.03612 188.29769
142.39232 236.03910
156.19864 239.63279
185.27407 349.25939
228.01507 342.97163
149.44588 314.56388
142.64146 318.27982
176.88321 334.32769
174.23287 335.68313
202.35947 228.92698
157.26615 311.33081
166.33994 231.78669
169.03497 224.99759
165.94838 166.56955
199.72321 204.12264
161.21247 190.76582
211.39046 234.85033
213.77541 217.10597
146.83343 340.61416
157.21803 339.12483
164.81948 337.61889
147.88216 316.12345
175.54642 335.05838
169.77082 343.58253
173.00801 336.23899
143.40787 313.97049
161.67664 339.75607
154.17241 341.42121
145.03590 343.58472
146.47992 392.30634
145.36549 370.96520
145.20734 366.25599
144.35412 361.45029
143.47338 357.60285
160.29265 348.81265
161.75114 350.03213
163.42936 352.13185
164.59163 354.65746
172.26701 334.76510
235.77222 291.98576
166.17142 343.59959
168.00471 343.42038
140.18607 322.11979
156.11544 316.48980
141.35863 320.38938
163.39927 280.39610
179.29059 286.90235
158.81362 305.83567
188.62244 175.53365
182.29798 195.22526
188.10403 224.92124
170.09463 374.09811
146.99193 225.61866
141.29935 188.99582
143.40409 161.64926
184.77860 259.36010
205.86263 268.53969
146.44393 254.91160
200.46056 247.04773
145.87985 270.20431
148.32785 306.85142
223.65235 272.52071
197.30485 274.74312
183.96722 277.77226
166.22533 274.99347
153.98707 270.49779
145.49332 266.45259
131.10318 258.55936
225.27364 293.00227
208.08369 246.33550
130.17438 319.90021
153.20161 286.25727
233.14145 246.07003
139.18546 262.36792
160.84334 305.44120
194.72237 250.90476
148.88329 299.33767
234.17142 316.55127
147.47933 251.95198
139.50846 295.01361
206.36571 370.98941
206.35243 381.24152
235.96139 294.17135
218.72407 356.84498
223.10361 232.54867
170.04874 409.56172
130.41419 321.44266
162.39676 292.47982
217.59900 257.60490
176.34705 255.65884
168.04305 255.30691
171.29620 343.92718
226.07541 313.12734
156.04152 423.68207
181.09057 406.06111
192.39705 395.47562
160.50580 254.00439
153.52753 252.64303
149.17243 252.34987
215.74494 243.80558
157.49331 243.78298
166.06425 240.18646
174.83117 239.96193
182.84718 242.19194
187.34368 245.39405
228.09975 222.79519
182.47565 254.52311
162.07833 330.16707
148.78081 313.78581
142.99788 328.98891
193.69618 385.03380
182.02784 397.03891
155.10648 418.63928
217.95766 364.85118
150.79051 248.90759
138.20842 275.28469
169.33537 416.09114
234.87042 316.56234
152.59044 353.78694
154.04761 356.47529
155.25016 360.21813
155.88942 364.69237
159.74002 384.95726
169.13241 337.34015
170.77063 336.09061
172.17322 334.93852
180.62978 340.83277
212.78001 319.48346
138.21677 264.02875
141.60685 246.22156
147.53060 246.59242
167.38192 338.22721
214.77483 343.04959
132.67880 246.63168
164.27056 391.52247
130.55592 270.67101
146.65644 290.20533
149.52885 400.06702
184.52752 365.65675
169.38464 312.97831
175.63638 379.48587
190.05662 312.40655
178.79231 322.98458
199.33011 327.35660
152.78842 409.90290
153.55809 294.34825
190.90886 373.72429
179.50070 387.27469
191.54710 351.32873
224.32343 330.16758
202.27845 354.20620
229.59756 337.33436
187.58218 334.01496
145.64244 280.73239
145.74097 312.16148
152.68399 312.35988
139.88892 305.91144
149.90250 239.72369
165.69712 235.64450
179.49395 235.45350
190.43771 237.60156
197.41071 241.53295
200.62100 253.84404
234.42124 272.67552
190.15069 265.57879
179.59426 267.86538
166.94842 266.78642
155.83941 263.87670
147.84777 261.08516
142.39558 258.62296
234.75884 268.62453
153.49927 313.75697
138.23457 284.99761
138.34054 313.65970
135.51099 318.40309
139.53135 315.20092
152.33409 316.25915
133.27653 319.33380
133.53127 320.87855
144.11168 252.51441
138.65788 254.37698
134.93609 256.23182
189.53603 247.86340
195.43786 246.49598
85.26856 248.85178
94.04298 248.41694
84.01635 240.63707
76.40631 249.24632
86.57450 256.91662
172.82777 247.73871
182.29495 248.42363
173.29938 239.61161
163.34765 247.00678
172.31473 255.85621
