146.27634 334.36127
149.21736 305.08961
149.36385 312.32536
140.26236 271.17900
148.82174 295.43034
148.42177 281.78738
147.23570 246.53523
80.47837 238.56428
145.54530 222.41335
144.81745 209.43719
144.01682 152.05744
146.39342 337.93420
146.62550 341.29116
146.93186 343.36648
147.02170 343.25923
147.18546 347.86264
147.46230 353.24500
147.84247 358.77937
153.19395 366.48099
149.43320 309.39526
140.74988 308.19776
49.26890 193.42605
106.71418 248.70824
97.69709 249.09168
88.92228 248.19651
77.28712 241.75583
114.21744 246.90567
92.54376 221.00129
103.40403 222.84625
82.76078 222.10127
76.63355 225.46237
70.50982 247.58844
120.11137 380.92347
77.32598 235.42699
44.61241 236.32841
60.30072 240.58028
103.23946 289.82284
135.78932 332.07793
137.38028 340.81811
126.24037 334.76782
119.65081 337.45671
129.44941 340.74028
123.03917 340.99321
112.00106 348.92686
141.74574 304.65770
140.05946 295.34002
63.80410 218.59503
120.93810 265.09726
120.76489 298.86876
119.92289 292.96472
75.11504 286.77297
140.01883 282.57328
84.74255 210.33346
72.03778 212.63953
56.86686 177.76210
125.73243 221.34170
112.61607 227.58256
104.30365 340.20528
56.56399 325.47474
127.86211 304.67926
135.27754 307.81522
110.54320 341.49699
112.71426 341.68406
67.17358 206.87827
120.69331 302.22288
102.35226 212.59202
100.49288 205.34648
90.88797 156.86337
63.30840 192.26663
97.21501 180.77083
58.68819 214.49962
54.65071 203.94698
136.34058 336.97379
127.77388 337.98930
121.25361 339.26952
130.01177 306.23117
111.62861 341.60900
115.97302 344.27073
113.92659 341.78445
131.86961 303.01280
124.55271 342.25134
130.95568 342.55267
138.46953 343.03917
141.89509 365.98188
137.35911 358.28396
137.29662 352.60751
137.73367 347.27521
138.56120 342.97824
124.55008 342.32335
122.82139 344.31112
121.06541 347.04221
119.79535 350.20341
113.50224 325.80764
44.53831 275.05911
149.49820 310.85041
119.61899 342.11793
117.74685 343.11105
138.46232 311.65202
123.99172 307.53668
136.94403 309.80728
111.71450 270.10535
96.69756 276.41722
118.73757 296.49880
69.86494 165.23595
76.82644 184.20751
81.49186 203.28748
120.12207 355.64183
122.33445 209.30681
119.07299 179.74163
114.82764 152.79361
81.46525 245.81715
61.43797 253.65837
119.06413 244.92678
68.25110 229.53683
127.04924 259.44923
125.77843 296.71165
51.72623 258.02933
67.68782 260.84330
79.44456 265.19028
96.73504 264.55366
109.33733 261.34035
118.61535 257.53462
138.53156 248.48023
53.51151 279.39711
61.41371 228.41681
144.83267 308.98244
121.98180 275.93339
42.56438 231.88986
125.52191 253.11828
117.95565 296.12846
73.66822 235.85617
125.02764 289.49782
48.93502 299.67049
118.96622 241.62344
132.23856 285.08218
79.16739 354.96949
80.15496 363.39260
45.39833 277.99034
66.17279 340.27998
49.39255 218.35482
118.92720 390.11136
145.81229 310.43015
114.21034 282.39097
53.23771 241.62106
89.27779 242.79436
97.07980 243.90544
114.50451 345.70248
56.20585 299.13697
136.42081 402.97515
108.77726 387.89764
95.96451 377.84740
144.47871 179.81972
154.86216 404.89623
104.78144 243.64537
111.91443 242.70642
116.62442 242.27484
55.35630 226.35874
110.93007 233.88652
103.16737 230.25620
95.02856 228.99246
86.88374 229.89046
82.02378 232.01384
44.76685 210.45516
84.01047 240.78502
149.83408 319.37958
121.74496 321.28795
127.76558 303.56689
138.07356 319.72365
146.59758 233.27970
93.04009 368.62297
105.44852 379.43226
135.22810 397.64030
67.55181 347.01163
116.40503 238.59109
133.14665 264.65740
154.31754 399.71170
121.78261 396.82927
49.29934 299.89506
130.99196 342.56771
129.43007 345.91027
128.32915 350.13623
127.77897 355.24092
130.03031 361.74140
117.66697 341.27265
115.92169 340.46374
114.48832 339.53619
107.15638 332.27613
68.62543 306.69417
132.88596 253.32643
125.94386 235.19277
120.22095 235.71635
119.63627 342.05452
69.56671 328.69976
133.99271 235.63624
124.26415 371.08592
148.01882 269.99926
139.29156 260.51586
147.65948 258.78478
127.30742 279.95574
153.79397 390.41842
153.36287 377.95497
138.62860 376.86111
102.88338 352.63169
110.67166 303.26064
112.76902 363.11680
88.80743 300.68672
102.70090 312.52199
81.93594 315.44159
135.92413 388.59815
122.29170 284.43288
95.34562 359.19970
107.46754 370.65745
94.54298 340.81856
59.98309 315.63410
82.66247 340.96652
55.35361 320.48219
96.37804 324.44435
127.66367 270.05285
128.94570 301.45462
123.76885 302.48842
132.35701 295.81091
118.53312 226.48288
103.06254 219.33709
89.33649 217.32730
78.38742 218.68454
71.17346 222.63942
67.96231 238.30106
43.58393 256.78435
75.43278 251.97228
84.87667 255.49992
96.97514 256.12675
108.26886 254.50844
116.92757 251.92998
122.90665 249.31811
42.98066 252.79335
124.11269 304.36692
133.33537 274.72061
135.26175 302.87968
140.11908 307.03293
135.35731 303.91593
126.65934 306.94245
141.93320 308.20536
142.90446 309.69244
122.22573 242.20528
127.48011 244.63002
130.58627 246.43719
79.38151 233.78606
73.06946 229.84798
155.92154 271.06596
208.68567 236.08109
158.20475 308.12273
243.94297 192.23711
182.82614 246.73579
192.13499 247.26613
201.10796 246.59089
212.63319 238.87230
174.85831 244.98642
196.88761 218.11748
185.99421 219.56925
206.53418 219.56413
212.51566 223.04130
221.32922 245.26087
186.78248 380.42908
212.04565 232.23493
251.25277 236.41164
232.38158 236.70972
195.23886 289.38771
157.08380 331.51283
156.54890 340.20747
167.77075 333.76331
174.97710 336.15239
165.13392 339.67890
171.94659 339.58691
191.48177 347.73003
156.64458 304.64427
157.60199 295.26809
225.86314 214.88624
175.89777 264.76551
177.80653 298.27102
178.36649 292.32038
222.85403 286.53042
156.85263 282.43330
204.08732 208.78905
216.74792 209.88536
234.67154 176.53718
164.63072 220.59433
176.70081 224.31200
197.98201 339.15893
244.43129 325.73442
170.87908 304.19424
163.85813 307.45010
184.26421 339.53239
182.13538 339.73642
221.83287 202.45607
178.20227 301.54790
187.02715 211.81265
188.46007 203.94901
197.52493 156.48772
228.52915 189.75154
191.64782 179.03601
231.89131 208.85533
238.88297 202.03185
156.98447 336.39163
166.47837 337.01618
173.48959 337.94852
168.80347 305.73668
183.15562 339.65016
178.98825 342.11764
180.92631 339.85927
166.66571 302.83662
170.70078 340.72403
163.94156 341.38778
156.06001 342.39515
164.75455 365.50622
158.70760 357.39976
157.94852 351.79040
157.07636 346.51178
156.13097 342.24198
170.74839 340.62753
172.43159 342.45270
174.16926 344.95250
175.61442 347.93493
187.61172 325.03642
252.84991 276.19613
175.70757 340.25958
177.31501 341.09508
160.96758 311.33553
175.29284 306.90930
162.35850 309.47737
185.46320 269.77470
200.80264 276.15677
179.96901 295.81506
220.03947 164.32043
213.35314 181.64595
207.19897 200.47464
184.67608 354.48508
167.27110 208.41238
169.61749 179.01570
173.10759 152.69843
208.56001 243.82394
232.21461 251.91103
169.70091 243.30606
221.69623 226.40170
169.33344 259.17089
172.35388 296.39365
245.06564 258.28775
225.40594 260.58754
213.16443 265.93459
195.28990 264.85283
182.36231 260.94713
173.12029 257.19225
156.31167 248.37119
244.25425 279.45308
229.60226 224.37917
154.03246 308.96544
175.33289 275.45488
252.56518 232.10290
166.02026 253.23553
180.83258 295.45136
216.04227 232.42921
172.68164 289.10289
250.11420 300.19265
169.62035 239.73825
164.99190 284.82807
225.35113 354.57359
224.80090 362.88418
252.90152 278.18935
236.72793 340.06553
245.34007 217.46860
188.86633 389.53979
153.15722 310.38471
183.59324 281.89253
241.21607 237.07578
199.65273 241.07981
191.80392 242.13212
180.57303 343.44743
242.89263 298.83895
173.29024 402.34513
199.35965 386.62852
210.96785 376.86919
184.06187 241.55244
176.45487 240.39814
171.63393 240.16684
236.88368 220.35402
178.48723 230.15314
186.73224 225.90455
195.25328 225.08866
203.08951 226.52794
207.64792 228.90990
249.45788 209.71281
204.97664 238.80400
178.89738 320.51876
170.87645 303.11072
162.15353 319.47492
212.94848 368.12202
201.23831 378.82996
173.47689 397.32629
235.60744 346.89338
172.38009 236.17913
163.00578 264.38668
187.22811 395.63759
250.42273 299.78794
164.05600 341.25256
165.65932 344.43945
167.02940 348.49041
168.14944 353.40889
175.85085 360.64864
177.30036 339.55370
178.87335 338.76178
180.28647 337.89133
194.39394 331.42989
230.70044 306.30004
162.71899 253.15980
164.21587 233.49674
169.14851 233.42847
175.60618 340.30635
232.18348 328.17010
157.01949 235.15492
181.80956 370.45419
156.24964 260.35863
170.02032 279.61949
168.22314 376.57983
201.02934 351.85342
188.83086 302.62370
192.26729 362.28104
210.29150 300.33341
197.75381 312.01910
218.47517 314.99600
171.81349 388.40413
175.48682 283.87799
209.54741 358.48271
198.16718 370.02695
207.93642 340.08867
240.69811 315.10135
220.18229 340.20116
245.90586 320.28756
204.82958 323.89799
169.09838 269.71296
169.45624 301.21232
174.92434 301.96352
165.42448 295.63212
171.12181 224.39542
186.07283 217.49390
199.44914 215.61697
210.33739 216.75962
217.73634 220.11536
223.07478 234.77490
253.46079 257.13992
215.91742 250.57368
206.42111 254.75863
193.94282 255.09237
182.33462 252.99909
173.55128 250.47094
167.62221 248.18586
253.14505 253.70217
174.73345 303.75428
163.31763 274.45294
163.07742 302.81302
158.77203 307.06789
163.25697 303.93556
172.41774 306.30384
156.91431 308.18885
156.09743 309.58893
166.80533 240.69754
163.03519 243.60549
160.60366 246.57601
210.14090 230.74646
216.13509 226.98010
96.82557 236.24405
106.46927 236.49218
96.43675 228.07132
86.99360 235.92798
97.10240 244.35907
193.20467 232.77483
202.66985 232.63144
192.57697 224.08968
183.82944 232.75168
193.86626 241.47642
