193.74448 448.95695
196.42148 402.50885
195.32868 413.51992
187.30775 356.46657
196.82843 388.55877
197.29100 369.95696
198.19680 325.33037
111.14880 319.17103
198.58132 293.05052
198.92316 275.08993
200.58003 206.47989
193.63896 453.81762
193.35572 458.50816
193.14389 461.47280
193.39406 461.50183
193.49728 467.62995
193.39429 474.60715
193.14320 481.71560
192.98207 496.48464
196.09315 409.12659
183.75115 407.19972
63.87944 264.02650
144.61356 330.17804
132.63337 331.66529
121.07524 330.82676
105.98214 323.36825
154.82495 326.48915
126.39628 292.83088
140.07369 294.07006
113.75771 295.42247
105.62897 300.72012
95.77721 331.09414
146.68471 515.32121
106.79347 315.55159
59.20670 322.75110
81.37717 321.48946
133.49379 384.53211
176.21190 444.47504
177.39671 456.57884
159.78854 445.97081
148.35177 447.81812
163.86287 454.70906
153.06365 453.43370
132.86729 463.12686
186.01250 401.74713
185.15431 388.22094
87.98940 287.67145
160.80735 352.82949
156.73188 393.33068
156.34032 385.84809
96.38364 381.05210
186.22079 371.01474
116.44536 271.90131
99.62352 277.50585
76.03112 240.76286
171.41763 284.23786
151.97228 299.58364
122.94864 448.22811
71.18146 447.73225
165.29389 401.30611
175.24934 406.06102
132.78786 450.66103
135.93848 451.50689
92.68651 268.97295
155.62810 397.87683
139.86569 272.84267
137.91379 262.23564
127.84127 211.34893
85.19063 255.27837
135.12149 238.11250
80.61305 281.76857
72.37874 273.78097
176.51471 451.18889
161.79326 450.57696
150.59750 450.61545
167.97244 403.49852
134.39181 451.09876
141.58768 455.94148
137.58632 451.93993
171.91710 399.21881
154.94654 455.54694
165.76630 457.59407
178.51067 459.80953
175.03304 494.99904
175.21054 479.56297
175.98038 472.36446
177.18991 465.51324
178.64789 459.83418
155.02791 455.62490
152.53613 457.90048
149.78978 461.05663
147.63039 464.74996
139.03153 429.72911
58.86996 381.14042
195.74296 411.43700
146.80980 454.00508
144.26114 454.84637
179.11469 411.44074
159.42525 404.97601
177.33239 408.85970
147.17097 359.48872
126.16174 367.24725
153.64272 390.86886
96.45917 222.68257
105.15290 242.64751
112.10164 261.73321
143.64882 475.80835
167.89737 266.54451
165.50612 238.10233
161.45789 206.59598
111.45968 328.30353
83.12474 339.53962
161.38659 322.98156
93.73158 305.79599
169.97138 344.92944
164.94090 390.32021
69.41792 348.13538
91.63056 348.75137
107.23744 353.80581
130.01050 352.28535
146.87697 347.08703
159.71570 340.99735
186.60130 328.36247
70.21518 375.43395
83.80080 303.35394
189.72737 408.40394
161.08201 365.83419
55.45281 320.37033
169.47436 334.10454
152.35251 390.92544
101.22575 315.61169
164.85553 381.16598
63.16693 413.88904
161.04613 318.63178
175.48669 374.96113
95.40849 480.67038
97.44525 495.89730
59.85204 379.41671
80.45758 462.15264
65.36975 296.17174
145.13100 528.98284
190.71694 410.69472
149.18839 374.44428
70.94353 323.33893
122.46907 323.72710
132.59446 324.68426
139.28313 457.36078
71.10329 402.66200
167.56160 547.14517
131.65776 527.71849
115.92242 514.62676
199.73088 239.43340
192.49673 550.13897
142.62280 323.46304
152.04421 321.00370
158.06649 319.66918
74.80231 300.42497
149.74858 310.67067
139.23106 307.82464
129.20489 307.51597
119.35788 309.39003
113.23283 311.96666
57.66999 289.03867
115.78440 321.57449
194.78978 423.58052
152.93010 423.81297
165.51774 399.72195
177.06574 422.83753
198.41893 308.68003
112.25488 499.19352
128.14523 514.21393
166.67714 539.14824
83.27071 475.14402
157.40056 315.28271
178.12295 349.51872
192.60945 542.15253
148.17038 539.19008
63.25986 409.21723
165.85883 457.60643
163.41832 461.79737
161.37721 467.02742
159.93193 473.38387
157.31238 487.00243
144.18458 452.34786
141.68364 450.77342
139.69111 449.23703
128.04045 437.58693
85.34678 409.97078
178.56675 335.77583
170.45918 308.02237
162.60682 310.07751
146.72425 453.85477
83.65088 442.44349
181.96553 307.36425
151.57162 500.72341
197.64382 354.74028
186.86211 343.12645
197.93496 340.62498
168.70818 369.70562
192.70181 528.94821
192.84131 511.84996
171.45213 509.89431
123.73965 470.68123
141.44177 401.14189
136.51355 487.57116
112.19268 399.35271
128.34384 414.03452
100.71162 419.91866
167.78848 526.22825
160.72135 375.93406
114.94057 482.87940
130.74481 499.96928
113.24828 452.40335
73.54529 425.88057
98.99655 456.62738
69.13239 436.84452
116.68156 428.94943
169.95049 357.60385
168.32206 396.76047
160.26519 398.17372
174.48487 388.98453
160.60805 295.34529
140.24146 286.28801
122.74728 285.02079
108.31393 288.44322
98.41124 295.07760
92.63770 318.29665
58.10773 350.89837
102.64556 336.72874
114.88541 340.66480
130.85015 340.92348
145.95944 337.85218
157.88361 333.26972
166.09904 329.00871
56.69999 350.44302
160.12420 400.73544
177.70776 361.96847
177.18247 399.02582
183.19508 405.57855
176.84144 400.78121
163.20540 404.21017
185.68543 407.21220
186.66150 409.47788
165.54377 318.82657
172.41051 321.78374
176.72574 323.93731
109.63916 313.94108
100.65274 306.95200
207.83433 356.85216
281.29853 325.47666
207.82300 407.66224
328.20294 269.53329
247.43787 336.50572
259.77620 337.54409
271.36906 336.37633
285.84012 329.37943
236.96629 332.91725
267.41216 298.17635
253.37483 299.18366
280.09644 301.07623
287.78241 306.79094
295.57618 336.45927
238.45849 516.96324
285.32182 322.06592
330.67647 328.19680
309.00559 327.04881
258.40337 387.33517
211.24833 445.69433
209.24710 457.56446
226.92433 448.13587
237.50108 450.06236
222.45381 456.36152
232.76585 455.21838
251.56323 465.65518
206.76225 402.11322
208.41740 388.63061
307.48822 293.11528
233.37994 354.34142
235.21649 395.26264
235.95338 387.78533
294.98566 385.21485
208.17033 371.39525
281.02319 277.07211
297.19117 282.71624
318.40943 245.94518
225.57599 287.49449
240.85648 304.71749
261.79539 451.27392
313.02144 452.30022
226.14293 402.86999
216.05359 407.19579
252.73053 451.98647
249.49963 452.81624
304.49673 274.00412
235.64622 400.06815
257.93267 277.39822
260.65373 266.58394
271.12450 214.66801
310.18353 259.70855
263.05310 240.68082
314.57578 286.94233
321.17043 278.86017
210.62669 452.31838
224.79047 452.48536
235.34959 452.59653
223.21210 404.96983
251.08578 452.41513
244.21498 457.34842
247.83795 453.25224
220.19658 400.27653
230.72079 457.13921
220.25048 459.03931
207.86694 460.69569
210.80418 495.58657
211.08113 480.49348
210.67509 473.23594
209.69857 466.38060
208.16804 460.62713
230.87060 457.11661
233.66605 459.42831
236.34442 462.57235
238.27744 466.28983
248.22476 432.22659
326.74142 386.26445
238.73475 455.48212
241.53237 456.29785
211.82442 412.46034
231.28419 407.08829
213.83561 409.93911
246.27297 361.68220
266.67069 370.32708
238.06115 393.12958
300.44175 227.20752
291.75340 246.36010
286.09750 266.51242
241.15014 477.72666
230.50370 269.74778
233.44128 239.48895
238.95116 208.40805
280.59518 334.00534
307.37447 344.56467
230.23213 329.45304
299.12202 311.90531
224.99326 345.98523
227.72450 391.71974
321.42678 353.18663
299.80443 353.08789
285.21481 357.34471
262.75441 355.89397
245.50038 351.16503
232.60323 345.21230
209.62281 328.76992
319.91376 380.48691
308.79525 309.18150
202.41006 408.59294
232.36256 367.40171
332.46701 325.77351
223.30560 338.28023
239.08128 393.28684
290.67239 322.04361
228.20596 382.53803
321.68965 418.78609
230.17674 325.20742
218.39848 375.75659
289.42155 484.16493
286.60859 499.40505
327.85722 384.50939
304.48197 466.18400
326.26248 301.52037
239.79974 530.60800
200.80823 410.90683
243.38277 376.64809
318.16167 328.94569
270.34528 330.13240
260.19517 331.35475
246.41522 458.75304
317.67873 407.54875
217.36371 547.93928
253.08965 529.85825
268.60795 517.46780
249.77498 330.38883
239.85730 328.08245
233.40798 326.62070
317.02916 305.91837
242.27177 316.35729
253.04078 313.10693
263.52162 312.71062
273.43438 314.74606
279.35544 317.73423
332.17313 294.62612
276.88718 327.89554
235.72999 425.85598
226.13389 401.26381
212.62357 423.78265
272.46209 502.18397
256.61420 516.58801
218.43167 539.99739
300.78816 479.16894
234.10435 321.51572
217.03572 350.26516
236.60340 540.62509
323.06466 414.07076
220.58110 458.93303
223.24872 463.17186
225.17419 468.40822
226.37204 474.83348
227.97478 488.16816
241.41003 453.89590
243.88802 452.45459
245.86831 451.04752
257.71638 440.46917
303.76546 414.36102
217.06387 336.54904
222.95644 312.56948
229.56963 315.64925
238.83282 455.35736
302.93942 446.58197
212.81651 310.79311
233.59601 502.17399
208.82561 343.47902
225.00321 370.94084
214.10157 510.58027
261.04077 473.53315
248.92583 403.77971
248.26928 489.74099
278.41210 402.85447
260.77401 417.03070
288.10822 423.79598
217.44496 527.09169
232.15955 377.57422
270.19547 485.87410
254.16768 502.29546
272.17015 455.79819
313.71850 430.44616
286.96542 460.27881
316.25703 441.34703
270.55367 432.39924
224.32515 358.74573
224.01147 397.95865
231.42964 399.94700
218.74478 389.80786
233.77682 299.50749
254.86474 290.97926
272.83150 290.22661
286.97858 294.05831
295.97283 301.14755
298.55737 324.37382
330.60380 356.21596
289.15742 341.79902
277.37675 345.23270
261.48789 345.75545
246.08346 343.09233
234.01624 338.60705
226.01041 334.03911
330.02553 355.66918
231.07957 402.59769
216.85319 362.70000
215.38777 399.69614
208.72388 406.02922
215.34005 401.58227
227.77394 405.97386
206.34820 407.55808
204.78780 409.81223
226.06396 324.98887
220.10342 326.59887
216.62568 328.03957
282.73682 320.03901
292.06456 313.42059
131.00797 315.09171
142.78479 314.84851
130.64891 304.28352
119.00163 315.25670
131.23559 325.81320
255.34173 322.43616
268.15980 322.74048
255.97951 311.08723
242.74407 322.04081
254.87653 333.64955
