193.39625 440.69056
191.43021 402.58514
191.03596 411.69225
182.56544 355.55966
191.76724 389.24525
192.23050 370.26020
193.36638 322.80763
112.10795 312.99316
193.96616 291.66892
194.39589 274.31309
196.44781 201.41446
193.35734 444.35267
193.06065 447.77780
192.72660 449.96459
192.59682 450.10147
192.67767 454.67714
192.57450 460.10414
192.30099 465.90650
188.60329 481.17980
191.28092 408.29210
179.41225 405.81915
65.03291 254.13254
143.92813 323.91472
132.16772 324.89341
120.77216 324.18657
106.47837 317.19002
154.12962 321.10555
125.54915 290.42636
139.07532 291.62802
113.49537 292.50027
105.87687 297.01533
94.93512 324.18428
143.75830 502.99437
107.75834 309.95997
58.41650 312.13195
80.74358 314.14673
132.86072 380.54611
178.56688 437.69049
179.62775 446.39909
164.50449 439.58073
154.73948 441.52493
167.98899 445.51416
158.68346 445.07803
135.69926 457.30111
181.39849 401.73523
180.26312 388.77549
87.10444 284.65729
158.20395 348.00355
154.44737 392.10061
154.38677 384.15805
96.57751 376.29981
181.37503 371.13912
114.84045 273.21566
98.34116 276.70622
76.63653 232.63649
168.52091 286.79302
151.07663 296.66701
126.27058 445.78681
68.23462 433.92840
162.79034 399.93825
171.95288 404.37780
141.54736 444.31943
144.27563 444.65536
91.58617 267.67520
153.83803 396.29741
137.89961 275.57429
135.78131 265.25040
125.69792 205.94409
85.11059 249.67400
132.79864 235.14513
79.99846 277.83127
72.66337 266.27000
178.91718 442.55110
166.23816 442.75732
156.65471 443.32879
165.30398 401.91435
142.93518 444.49037
149.06184 447.62273
145.77349 444.86106
168.51244 398.49237
160.26806 446.45333
169.53892 447.41841
180.43656 448.76284
173.58012 480.23950
177.76539 464.46171
178.47121 458.56302
179.33844 453.24169
180.38077 448.96371
160.24598 446.55391
158.27799 448.39965
156.11346 451.04586
154.29402 454.28212
140.89379 427.53452
57.24926 367.40989
191.18365 410.02364
153.32602 445.77091
151.29195 446.54831
175.88839 409.68584
157.62637 403.11564
173.96956 407.13332
145.66609 354.73526
125.47779 362.84575
152.24827 388.77047
95.88475 216.06829
104.26955 238.57140
110.57942 262.78459
145.60738 466.32045
164.81062 270.20892
162.11445 235.33161
158.11818 201.53629
111.63599 321.70170
81.30732 331.93061
160.75072 318.26264
93.59410 300.81256
166.56575 340.37960
161.55587 389.76786
68.12968 339.94733
89.61630 341.85860
104.81863 347.87857
127.61635 346.95414
144.65586 342.30197
157.24974 337.06436
182.09172 325.36804
69.55378 368.10033
83.32549 297.89643
185.04549 407.56250
158.83372 362.10926
55.61104 307.75365
166.82341 331.14043
151.35146 388.25796
101.88385 309.97947
161.72850 380.03241
60.95274 400.08438
160.73967 313.77652
171.26326 374.37605
92.21749 469.84935
93.08089 483.11444
58.65981 368.48109
78.05457 450.67047
65.25086 286.83062
140.53387 516.39026
186.16152 409.28084
147.93087 370.65436
70.03071 314.95319
122.85778 316.76452
132.48610 317.69361
147.05391 449.07263
71.09690 394.70643
161.94119 534.06008
126.52298 515.21758
110.99764 502.15649
195.45533 236.57991
186.67485 536.78434
142.22119 316.87051
151.74788 315.12558
157.88918 314.40425
74.51886 293.81889
149.55502 305.74315
138.93885 302.98918
128.82771 302.86439
119.28688 304.67414
113.50230 307.02018
58.70547 277.65521
116.54517 314.96459
190.86298 420.71944
153.04301 421.73309
162.86015 398.63670
174.78495 420.33884
193.72006 306.01757
108.39514 488.14281
123.70213 502.63655
161.71603 525.70832
79.49875 461.69837
157.23292 310.40759
174.02329 346.82826
186.93320 528.35373
142.89307 526.46651
62.07987 397.80377
169.53280 447.59437
167.61385 450.84193
166.07851 455.03386
164.87151 460.29452
158.05191 474.42649
151.10043 444.76840
149.02419 443.86894
147.31203 442.91597
131.08523 435.71414
86.00729 403.64888
174.51676 331.99292
168.85376 305.72545
161.72152 306.48041
153.28608 445.70985
83.43432 433.72144
178.81339 306.97119
150.41161 488.56033
192.66102 354.09134
182.16044 341.14583
193.02386 338.93797
165.54568 367.36908
187.40893 514.84621
188.02050 497.21592
168.80667 495.82469
123.79351 463.69020
140.86466 397.91398
136.08939 477.91734
112.50260 394.88340
128.80448 410.36878
101.23297 414.74637
164.04810 512.59625
158.67190 373.21422
112.91716 473.83732
128.11039 489.47822
113.95972 447.71172
73.45650 416.87708
98.45589 449.11480
67.41122 424.99165
118.16811 425.86262
166.65215 354.20650
164.91351 396.25084
157.76438 397.05238
170.18591 389.02584
159.00664 294.36892
138.76198 286.02589
121.48238 284.37649
107.49907 286.66595
98.08327 291.93643
92.46216 311.90748
56.87527 340.01332
101.57732 330.16099
113.41017 334.42268
129.42091 334.86943
144.56396 332.27385
156.35241 328.56731
164.39732 325.07067
55.94246 337.08431
157.94777 399.32027
173.52238 360.35204
173.01489 398.77832
178.79279 404.49973
172.93696 400.09536
161.01450 402.56200
181.19021 406.30056
182.21028 408.02499
164.71060 314.69309
170.56740 318.68448
173.94043 321.93741
110.21624 308.72752
101.12568 302.27039
202.79694 355.84570
278.47678 312.09284
203.39472 406.32432
327.81271 258.31247
245.35941 323.75453
257.72063 324.98576
269.50987 324.39369
283.88960 316.42753
234.65369 320.41199
264.90294 290.77353
250.53809 291.53580
277.41236 293.02253
284.97427 297.25711
295.63570 324.50444
231.98000 504.07120
282.86890 308.69626
332.29994 316.67916
309.72235 314.53206
252.15079 382.30661
207.81077 438.53976
205.89560 447.31911
221.01885 441.13138
229.70766 443.88468
216.73396 447.15802
225.20361 447.34776
242.46657 458.81101
201.54845 402.07933
203.28469 389.13595
304.31273 286.80706
228.39400 348.98357
229.64747 393.40790
230.23924 385.41219
288.89834 379.22076
203.08321 371.42020
275.54366 276.22600
292.84758 279.49605
316.56901 236.48173
219.18436 288.87684
237.77872 296.12138
252.57674 447.63058
314.77995 437.25359
220.76731 400.98895
211.15118 405.18198
240.90170 448.23726
238.10625 448.25699
299.64903 270.18356
230.04343 397.63013
251.29420 278.40593
253.45107 267.83800
267.89694 208.35890
307.25581 253.19063
258.94492 237.17540
311.27623 279.49563
319.61062 270.39873
207.18626 443.48261
219.00160 444.46098
227.63033 445.67557
218.03275 402.88544
239.48000 448.26179
233.83063 450.71894
236.55054 448.28123
214.99216 399.31619
223.05018 448.50345
214.61279 448.92731
204.49095 449.58668
203.85912 480.69784
206.31731 465.28511
206.08202 459.33755
205.44012 454.00406
204.32948 449.70198
222.94890 448.57744
225.12717 450.63992
227.29113 453.46764
228.95876 456.77898
240.33671 429.02977
330.80202 371.48107
229.28446 448.35571
231.55795 449.42713
206.70538 410.36411
225.80328 404.38347
208.84005 407.91208
240.69743 356.08858
260.59698 364.87218
232.19195 390.13392
297.71601 219.37898
288.05720 241.50630
279.75165 265.36315
232.24860 467.47079
223.07238 272.06596
229.13981 236.45318
235.24706 202.85629
278.74068 321.55851
308.97643 332.96489
227.74855 317.38334
297.24348 301.20540
220.26171 341.09388
222.44593 390.79626
320.50475 343.93785
301.31712 343.67653
286.17018 349.95930
262.68599 348.55552
245.01368 343.07197
231.91672 337.35127
204.77396 325.67593
317.32031 371.93866
307.65715 298.92238
197.58364 407.80695
227.00743 363.10221
335.78043 312.14308
222.08945 331.17155
233.08665 389.64243
288.56097 309.01967
222.85815 381.01629
324.85705 403.88587
227.55045 312.60461
213.24706 375.00317
286.19994 472.05534
284.89520 484.96651
328.87827 372.57386
302.31127 453.50752
326.49859 291.26344
234.04601 517.47546
196.24606 409.47103
237.54298 372.00516
319.48256 315.24767
267.42796 316.63764
257.38737 317.60040
235.82167 452.34198
313.88537 398.16597
211.57107 534.67844
248.57989 516.19167
265.27464 503.44659
247.09101 316.42283
237.00327 314.26092
230.56219 313.36698
315.84563 294.42045
239.23647 304.44864
250.26091 301.84427
261.11288 301.89007
271.12795 303.72876
276.99900 305.96784
333.66133 282.04249
273.96231 314.41693
229.00923 422.87645
220.72760 399.69962
207.23490 420.97262
268.50382 489.93456
251.80804 504.03106
212.56762 526.38591
300.82514 464.26711
231.27047 309.14433
212.10184 347.34650
231.20936 527.26319
323.15943 401.51230
214.52856 449.02068
216.47372 452.37429
217.90503 456.65452
218.88258 461.93301
219.46280 475.13543
231.96295 447.64175
234.29114 446.91581
236.19658 446.04585
248.97620 437.48282
297.91033 406.59108
212.32386 332.54206
219.14225 305.07058
226.51568 305.50014
229.32658 448.31944
297.86112 436.43151
208.99214 307.08983
226.28004 489.47282
203.94352 341.43664
219.72269 368.24706
207.50166 496.31731
254.40413 465.48189
242.90076 399.50782
241.17934 479.21659
271.63962 397.19332
254.10098 412.29498
281.57332 417.28733
211.22809 513.28159
226.54852 374.23955
264.85464 475.68029
248.29916 490.83974
265.34857 449.97350
309.68573 420.05547
281.20802 451.43149
315.59180 428.37790
263.25144 428.12137
219.31654 354.98790
218.73667 397.17414
225.98032 398.28902
213.55158 389.72988
229.13695 294.66829
250.46152 287.13317
268.93378 285.91404
283.62032 288.25310
293.07108 293.10653
297.98758 311.95186
332.43304 344.37346
288.99126 330.82932
277.05084 335.43199
260.54285 335.61912
244.77312 332.45509
232.49121 328.23148
224.14252 324.44222
333.99046 341.24262
225.64673 400.51092
211.73678 360.88572
210.25271 399.42929
204.12108 405.05243
210.33602 400.85180
222.41892 403.65422
201.54868 406.69057
200.29675 408.36214
223.52660 313.66036
217.58711 317.91525
214.44262 321.75661
280.36150 307.55786
289.45910 302.04965
131.82188 309.37224
144.20388 309.36143
131.55455 298.86158
119.26022 309.27626
131.95378 319.81696
257.69202 308.77010
270.30512 308.69938
257.36220 297.45467
245.13842 308.70904
258.10675 320.19341
