141.89160 304.28577
138.41889 274.78014
139.07423 284.06241
131.38363 245.86282
138.34473 265.47264
138.39983 253.76947
138.61332 225.94848
79.79561 223.77383
138.53997 202.96033
138.45351 190.04955
138.19973 141.50862
141.88942 306.65071
141.70775 308.54289
141.47538 309.74190
141.43996 309.55355
141.51091 312.76621
141.51755 316.63793
141.35447 320.77505
141.04319 338.03004
138.62322 279.63174
131.20070 279.55804
45.10971 188.39899
103.84892 234.05797
94.59591 234.27889
86.07338 232.89761
75.97586 226.84191
111.70992 231.82480
91.26425 204.31876
101.76461 205.70748
81.87128 206.08966
75.99228 210.12289
67.86063 232.61389
109.92487 354.27387
77.21274 220.88123
41.93661 228.87356
58.53884 226.48796
95.01643 267.57062
130.34325 302.01469
131.14931 307.43831
119.80708 302.91643
112.16431 303.86091
122.12101 306.64595
114.76784 306.17029
100.37163 320.67405
131.47221 274.58374
130.48092 265.70896
63.22812 202.86132
113.07183 246.10615
111.96484 272.02691
111.29113 267.36251
67.76221 266.32719
130.75793 254.84662
82.85599 192.25831
71.17083 195.67839
52.99401 171.06537
121.07766 201.73821
110.88904 210.41672
93.00873 311.68481
55.05343 315.09729
118.66541 277.19928
125.86266 280.22597
101.30547 305.28928
103.43968 305.61791
66.51715 190.07433
111.64166 275.74567
99.10654 193.54223
97.33958 186.18913
87.45526 147.33470
58.94528 179.92638
92.93795 165.79698
58.16645 199.12083
50.41909 193.71813
130.65264 305.15507
120.97689 304.95429
113.42322 305.03121
120.80517 278.86120
102.40948 305.45781
107.39138 307.77022
104.51594 305.79622
122.45112 274.42056
115.83987 307.06791
123.18543 307.84103
131.76976 308.86025
129.53175 337.53109
130.42313 319.75622
130.68720 315.51796
131.09970 311.75980
131.72112 308.70698
115.79953 307.03766
114.54497 308.31578
113.20824 310.18260
112.08655 312.53949
102.40502 297.91793
43.40918 270.38456
138.79191 281.78148
110.28233 306.50993
108.87373 307.03720
128.44622 283.77235
114.71022 280.94682
127.24144 282.09350
103.49547 250.95884
88.75193 256.31117
109.84116 271.22933
66.38462 157.03086
72.39226 170.05902
79.74720 185.18160
108.27235 327.47615
117.84441 189.45229
114.12817 164.92688
110.58508 142.60969
79.45103 230.60435
58.02918 238.95099
116.95675 229.38558
67.37185 214.79515
119.38244 240.37708
117.06742 268.89188
48.26989 245.35685
63.29529 244.95638
74.13250 248.15215
91.21333 247.48618
104.16884 244.47420
113.85374 240.35738
130.54346 228.37840
49.26976 263.97552
60.31084 213.74937
134.50621 279.34432
113.81438 254.47319
39.76200 228.76007
120.88374 235.47066
108.96420 271.79002
73.05064 221.25417
116.60605 263.25049
47.89950 292.62351
117.69673 226.18837
123.64977 258.16215
73.62833 334.28032
76.09694 345.27278
43.32266 267.71636
61.84304 322.62668
45.84460 210.09276
109.18616 363.69473
135.56078 281.49464
105.81696 260.75050
51.54599 228.25619
87.35655 227.99406
94.79470 229.52154
106.08138 308.79697
51.21039 282.58112
124.78485 375.76885
100.97382 364.47686
90.02394 356.70163
138.35457 165.02067
141.21931 377.33595
102.66571 229.46891
110.10432 228.26674
115.05675 227.28744
54.31923 212.26413
109.78062 217.77021
101.94680 214.27463
93.94932 213.36011
86.27102 214.70232
81.67914 217.09564
41.00392 206.58273
82.73188 225.87799
139.54659 290.75946
111.12479 293.29028
118.46749 275.75565
127.71695 291.05686
138.64268 214.51670
86.29076 345.92443
97.58459 354.86127
123.71266 369.58595
64.87498 332.60546
115.22629 222.81036
125.08709 242.31123
141.05875 371.09531
112.06578 371.13380
47.00966 287.92782
123.10812 307.71595
121.93242 310.03789
121.12555 313.01714
120.51798 316.83484
117.78044 333.45731
108.74453 305.80362
107.32844 305.16298
106.18105 304.49872
95.61489 303.90526
61.37761 286.49429
125.12480 233.75677
122.80869 217.79464
118.33170 219.12269
110.34098 306.47137
62.86494 308.78345
129.09842 216.90150
113.45955 343.82960
138.50878 244.38539
130.96810 237.62056
138.59782 235.61444
118.95558 256.00913
141.02631 361.71564
141.03020 349.46752
126.86739 348.76109
93.78212 326.32072
101.84105 278.89010
103.02317 336.43301
80.31449 277.86020
93.26422 287.61027
73.26126 292.41700
124.32108 360.50324
113.75458 260.96615
87.61902 334.74927
98.99783 345.09028
85.55256 314.65285
54.53741 298.32573
75.08826 317.67935
52.50786 306.35041
86.33780 298.42242
119.65269 248.32203
119.76891 272.84625
114.71411 274.95917
123.43256 266.95058
115.72234 208.25121
100.73344 201.19702
87.68082 199.83457
77.28054 202.14331
70.46152 207.06488
66.76503 223.88584
41.39153 248.18520
72.35953 236.42818
80.91856 239.39191
92.73384 240.27383
104.31532 238.84803
113.35930 235.88239
119.43320 232.75657
41.09896 249.43417
114.99169 277.19928
124.86210 250.05289
125.74524 273.34920
130.51119 277.96938
125.83565 274.90921
117.41051 279.87540
131.95853 278.75762
132.99948 280.90923
120.38992 226.22075
124.07229 227.59739
125.96617 228.40508
79.19800 219.00904
72.51648 214.99522
145.90647 245.78319
204.50961 225.44907
146.69228 279.24621
232.19618 188.59530
178.65300 234.29029
188.15234 235.06222
196.83857 234.11194
207.64529 228.16037
170.36513 231.71707
192.13831 205.43045
180.97878 206.68633
202.21621 207.14335
208.44992 211.08704
214.49801 233.34191
172.65446 354.02976
207.33115 222.23580
237.56518 229.83336
223.53644 226.34267
185.04315 267.75673
153.42112 302.46537
152.23683 307.86820
163.64664 303.68311
170.71246 304.85856
160.96060 307.40387
167.89606 307.09372
182.08468 320.17863
145.51588 274.47630
146.58797 265.58742
220.17851 202.98952
165.65840 245.99910
166.67355 271.70691
167.32243 267.03607
213.06384 267.13192
146.22645 254.71578
199.96201 193.93517
212.30578 196.60246
224.38067 171.04808
159.29251 202.67033
171.34171 211.23271
189.40644 311.40865
227.57712 316.00546
160.09961 276.86879
152.76354 279.86947
180.38517 306.52756
178.22876 306.76162
216.53906 190.61317
167.20719 275.45960
182.86997 195.32170
184.31210 187.96055
189.70204 147.31391
218.83944 179.71684
184.37167 165.47013
224.53276 198.73765
227.60596 194.01254
153.06029 305.61630
162.38699 305.77562
169.44645 306.02159
158.02439 278.52781
179.28797 306.65122
174.61918 308.76131
177.13019 306.88207
155.55756 274.18160
166.47362 307.89749
159.51933 308.51218
151.25058 309.22286
152.94270 337.35039
152.36180 320.01835
152.29748 315.76361
151.88115 312.05173
151.20806 309.00406
166.43494 307.85062
167.85458 309.11768
169.13958 310.91613
170.11908 313.20781
178.86002 297.82324
237.10913 271.25012
171.60441 307.47114
173.15051 308.02803
150.21769 283.56429
164.48155 280.72795
151.36536 281.80176
175.56435 250.99399
191.14874 256.69683
169.01347 270.94634
211.04590 156.95763
205.20243 169.76941
202.78819 186.67515
174.44352 327.03977
162.26717 190.69646
162.89729 164.74245
166.20285 142.61314
203.82777 232.03739
223.60407 239.29629
164.77349 229.23997
216.23351 215.21618
159.17349 240.24373
161.05364 268.62132
232.02280 246.24381
218.57668 245.83359
207.75881 249.27610
190.43852 248.20448
177.19593 244.72309
167.16914 240.53811
147.10833 228.30781
231.78923 265.00459
222.43849 213.75633
142.91865 279.21132
164.89205 254.31252
238.86214 229.33292
159.83685 235.72703
169.99594 271.59986
211.07348 222.36422
161.49945 262.96654
233.72626 293.47111
163.94865 225.89528
153.91259 257.92964
209.45918 334.64061
207.57628 345.86418
237.82347 268.76758
221.15126 323.51805
232.70682 210.70984
173.38534 363.48114
142.06549 281.37580
173.30580 260.70724
230.13121 227.70358
196.27158 229.63763
188.43712 230.61102
175.83414 309.79353
230.50326 283.64592
157.75505 375.65691
182.28632 364.36363
193.62296 356.88548
180.23732 229.89220
172.25918 228.18335
166.82553 227.10179
227.56876 211.56826
172.88489 218.05306
181.23026 214.78906
189.78724 214.12544
197.96896 215.68436
202.78910 218.26498
236.54642 206.95976
201.30080 227.67525
169.34712 293.11223
160.09720 275.49855
151.98025 290.93719
196.60242 345.89643
185.16772 354.72113
158.78617 369.39831
218.42013 333.36371
166.76533 222.73845
152.90236 242.20160
170.79686 370.92626
234.86494 289.00793
159.57243 308.31900
160.83060 310.59903
161.63008 313.51030
162.15004 317.27071
164.82167 332.93730
173.45795 306.80154
174.91467 306.22977
176.14680 305.60729
186.26664 303.85286
220.39423 287.47740
152.94745 233.70186
158.30368 218.12107
163.32421 219.40532
171.63788 307.39641
219.59303 309.56906
150.79613 217.42060
169.25883 343.54050
146.53944 237.51567
159.28736 255.89207
155.63910 348.60402
188.73370 325.99647
177.96549 278.81170
179.62637 336.05971
200.79062 278.47168
187.77560 287.83486
208.60361 293.14757
158.12704 360.36143
164.75186 260.73009
195.02612 334.57141
183.68708 344.84979
196.87033 314.62318
227.67886 299.32699
207.54183 317.97392
230.00063 307.44527
195.62230 298.73154
158.64397 248.19583
158.27067 272.59333
163.94024 274.68365
154.06348 266.69592
165.89587 209.24201
181.59150 202.66862
195.45292 201.37083
206.42935 203.33289
213.51073 207.79996
216.42176 224.37810
238.91730 249.24729
210.22055 237.51753
201.37524 240.41001
189.42114 240.89802
177.58807 238.98707
168.20300 235.81966
161.79305 232.65734
238.51401 250.17250
163.83513 276.89010
152.79375 249.92662
151.69936 273.12666
147.17196 277.76924
151.90930 274.73116
161.63191 279.56995
145.60372 278.57120
144.70787 280.67485
161.10594 226.03902
156.83466 227.60077
154.38111 228.78244
205.37249 220.30950
211.78152 215.89090
96.62615 221.25195
106.81082 221.03708
96.16541 211.49854
86.26936 221.41726
96.98698 230.91190
186.38955 222.17416
196.92910 222.34806
186.01218 213.12779
175.74900 221.94599
186.72137 231.15796
