159.64921 374.30876
161.84488 341.55573
162.10792 350.77212
154.86512 302.23934
162.19632 329.55480
162.75216 313.85030
164.28710 276.87296
91.25543 271.03403
164.54419 256.28325
164.97523 242.19994
167.84066 177.74857
159.65259 377.44874
159.75856 380.25837
160.02938 382.02634
160.25838 381.67239
160.09404 386.27165
159.90447 391.85086
159.83621 397.80356
162.28862 413.29003
161.77175 347.34271
151.15478 345.43868
57.00206 227.00299
120.42590 280.77702
110.28381 281.55915
100.35754 280.95778
87.27357 274.42205
129.06779 278.62973
105.17928 253.32849
117.11501 254.99678
94.39597 254.46149
87.45725 257.85507
79.35334 280.64940
121.93160 437.56178
87.55967 267.94603
51.08449 276.32453
68.47694 273.31181
111.99641 325.57980
145.87247 371.21293
147.52717 378.93183
133.99305 372.58623
125.81235 374.68273
137.40213 378.07429
129.46296 377.99810
114.14481 391.27604
152.96724 340.76156
152.38010 329.08626
74.17518 250.45395
134.38827 299.07283
128.69100 332.95489
128.98963 326.56806
81.08627 322.52549
153.56239 314.60784
98.31586 242.38167
83.89196 244.47089
67.10885 207.17124
143.36644 254.03289
127.30066 259.45288
104.78126 380.60038
54.21130 386.03347
135.63522 340.01828
144.11540 344.08576
115.54757 378.82427
118.02842 378.97387
78.94239 238.01505
127.72803 336.73793
117.87227 245.08340
116.24143 237.01576
108.96590 181.80729
74.61995 221.14569
115.21827 206.77554
68.74038 245.64680
63.76867 236.32059
146.43672 375.60269
135.68500 375.59921
127.58561 376.41038
137.85972 341.77467
116.78846 378.91761
121.48637 381.58986
119.37963 379.04417
141.22972 338.77328
131.15028 379.23136
139.10461 379.80612
148.81429 380.99216
149.01359 412.19276
146.75618 396.76799
147.26854 390.61203
148.12329 385.05863
149.26570 380.72845
131.40067 379.40704
129.47280 381.52987
127.38734 384.41835
125.70071 387.78473
116.99474 364.26145
47.84015 328.66172
161.87137 349.25967
125.56287 379.26278
123.56021 380.30568
147.94934 348.75763
131.04791 342.89981
146.04510 346.53734
123.47873 304.73910
106.47081 311.03562
126.81371 330.76128
83.69775 191.61022
91.15169 210.78530
95.16256 234.50627
123.59946 399.50864
140.27997 241.15340
139.32800 206.04110
135.99811 177.59758
91.96914 278.62850
69.10024 287.08853
134.64885 276.44491
77.95310 261.87404
141.77909 292.47298
135.54738 330.87937
58.57694 296.32317
75.58492 294.71040
88.30423 299.28687
107.66374 298.31306
122.04215 294.59813
132.72252 290.44633
154.79926 279.15623
58.04193 319.43507
70.56239 260.55407
156.24637 346.56808
134.07155 310.00765
48.72935 276.01377
140.80863 285.78405
126.10023 330.95453
83.50080 268.41762
135.99399 322.98270
49.26929 357.06509
134.63397 272.96641
144.79478 317.82684
74.22593 410.81383
74.89776 426.42300
48.69491 324.83533
61.59503 395.22030
57.41056 254.27098
118.44144 452.19219
157.29945 348.52630
124.53262 317.33330
60.60403 274.28513
101.29510 275.01612
110.12393 275.84234
119.77971 383.12007
57.24914 343.11166
137.43623 470.07408
104.98233 454.21576
90.83635 442.76119
166.58513 207.24713
159.46107 472.84975
118.70889 275.22993
126.83242 273.97382
132.12125 273.49347
64.02776 257.93947
125.48402 265.72365
116.61290 262.58398
107.60411 261.65031
98.57398 262.67661
93.00821 264.76233
51.57756 248.53016
95.34463 273.16114
162.34470 358.28725
127.68844 358.85743
135.77209 338.81811
147.65289 357.49317
164.51925 265.90482
88.91534 426.99337
102.99117 440.10326
137.76405 459.83095
63.35159 408.96037
131.73742 270.05019
147.87301 296.28705
160.20568 462.58315
120.09557 463.70286
49.85179 350.65431
139.51654 379.78954
137.66963 383.26568
136.18962 387.73278
135.08264 393.21457
135.00179 406.88862
123.32446 378.33226
121.41130 377.54575
119.83253 376.64199
108.39507 371.40261
69.77836 347.96243
148.56435 285.05332
142.59277 267.04674
135.99868 267.33847
125.54725 379.10432
66.35097 376.59387
151.56985 267.87937
128.19181 422.11338
163.29839 300.97624
154.77895 290.99791
163.82402 289.05526
139.89848 313.28552
160.89061 447.84730
161.63945 429.68980
144.75890 428.31849
103.79827 399.04666
117.67245 339.61927
115.30147 412.44922
93.84826 337.72805
107.41122 350.47388
82.88568 355.78742
140.22178 445.58610
133.34216 318.52780
93.73754 410.81836
107.79741 425.39489
94.37406 384.22285
57.99701 363.30915
80.20576 388.12977
53.12858 374.18561
97.49767 363.83585
141.26537 303.01233
138.18473 336.54645
131.38099 337.23515
143.39236 329.82996
134.48520 258.63183
117.54005 251.68762
102.49805 249.48224
90.18260 250.71421
81.75872 254.74834
77.02247 270.93747
48.67362 300.24957
84.63233 285.26990
95.07478 288.82709
108.68558 289.18333
121.54136 287.14084
131.50802 284.22400
138.39954 281.47965
48.17912 302.22405
131.32297 339.31790
147.13121 306.80026
145.55427 338.49422
150.68980 344.15444
145.32018 340.13721
133.96020 342.26545
152.81142 345.50814
153.70572 347.37444
138.18525 273.71488
143.80367 276.63101
146.98604 278.79626
89.88660 266.46368
83.20749 262.26662
171.97644 302.90743
240.66623 277.13920
173.03422 346.47345
279.26990 235.68301
208.71947 283.75195
219.37038 285.51526
229.84058 285.96114
244.31369 280.67225
199.98534 280.88285
229.10495 258.15344
215.94676 258.10243
240.31146 260.89638
246.84638 265.11188
251.92435 287.27995
200.49815 441.24981
245.06110 274.37667
282.75840 286.03761
264.18338 280.87281
216.12312 329.66993
174.28065 371.60844
173.18116 379.23638
188.21796 373.26402
197.76290 375.37165
184.93247 378.51631
194.20768 378.41701
212.04902 395.39095
170.86963 341.58882
172.22799 329.90515
261.08947 259.98325
194.68879 301.41993
197.59319 336.06015
197.99464 329.48628
247.80345 329.33613
172.04030 315.28916
236.96372 250.03247
251.81186 253.53835
269.56393 215.01023
188.24863 256.01632
204.37106 261.42784
221.75063 385.60059
272.72823 396.17280
189.83100 342.57614
180.86101 345.71520
210.16406 378.98575
207.60207 379.07458
257.57533 247.27891
198.47839 339.86623
216.07459 250.15487
218.64139 242.17725
227.82264 186.30458
260.39973 228.54208
218.87393 210.52427
267.01728 254.89485
271.25777 244.93918
173.86455 375.95880
186.50832 376.17805
195.97419 376.95587
187.45361 344.07050
208.83094 379.03857
203.10695 381.75839
206.24446 379.13255
183.64501 340.80260
192.74558 379.47295
183.40411 380.09232
172.42511 381.21579
175.99200 413.37687
173.71337 397.15970
173.30053 390.96975
172.90731 385.37174
172.35427 380.97516
192.54840 379.63569
194.24190 381.85714
195.98987 384.78334
197.42130 388.26576
209.65045 368.10864
283.79993 338.74202
199.40879 379.45252
201.16901 380.48715
176.96098 349.95039
194.90554 345.72704
178.81641 347.93645
205.47771 307.94719
222.56053 315.63884
200.11832 333.85070
253.33049 198.08307
243.60358 216.62268
241.02500 242.16383
202.35633 402.85249
192.87181 243.28836
194.26662 207.98617
200.28873 180.01487
238.86962 284.48304
262.13466 294.67631
194.46437 278.38054
255.75366 269.90863
187.42591 294.24321
190.16528 333.32053
272.85285 305.30764
254.75173 301.87338
241.03530 305.36030
220.67271 302.95681
205.83694 297.98785
195.33046 293.06782
174.06213 279.92054
271.73991 328.42370
263.54560 269.01587
167.51840 347.10359
194.26627 312.35800
286.23145 285.50670
187.59357 287.89481
201.01646 334.05509
249.23625 275.22613
190.51810 325.25359
280.11253 367.18118
194.93312 274.76130
181.23157 319.26632
249.86957 419.39575
248.26499 435.01451
281.82834 334.81733
263.50040 404.84571
277.26157 263.37271
202.53955 456.40740
166.48900 348.93452
203.59710 320.43321
272.02270 282.22602
229.58389 280.12827
220.23990 279.88655
204.88616 383.36099
270.91788 352.27346
181.79702 472.29347
215.78357 459.74205
231.02355 449.83553
211.29371 278.29058
202.77026 276.30641
197.31521 275.50310
270.19851 266.14197
205.88443 267.41897
215.76537 264.76803
225.71979 264.97473
234.95918 267.33281
240.23261 270.34228
284.17003 257.62781
236.06570 278.88831
198.68358 361.72860
189.61425 341.39963
177.83782 358.78475
233.91845 434.25310
218.80424 445.99442
182.90881 462.06888
261.53671 418.51506
198.51707 271.83667
180.27404 297.52208
199.82341 467.62771
278.61987 360.66284
183.24722 380.07491
184.66251 383.64407
185.76148 388.17406
186.62128 393.72649
190.47427 409.16372
201.57790 378.56529
203.34682 377.88217
204.96638 377.09135
218.42830 376.09714
257.95196 356.01417
180.47855 286.32597
187.69382 268.10796
194.28710 268.74821
199.58171 379.24935
259.78999 385.41153
178.31035 268.82665
195.79257 425.16788
173.10117 291.67492
187.49515 315.22881
178.82156 429.86270
221.49326 404.34286
209.42191 343.28991
209.23846 416.63711
234.14230 343.53533
219.88502 355.16010
244.44793 362.82619
181.78043 447.54111
194.30118 320.94169
230.47160 417.27742
215.40992 430.54039
231.61990 390.43201
268.95236 372.67774
245.42731 395.78070
273.53904 384.24586
229.60918 369.57992
186.96094 304.83746
186.90509 338.82413
194.36469 340.18900
181.57935 331.46987
196.89246 260.58945
215.70300 255.76656
232.07549 255.70228
244.81380 258.45616
252.80681 263.14686
255.43655 278.12260
283.62575 310.21882
245.79890 291.57804
234.54272 294.25908
220.19778 293.40404
206.91886 290.13273
197.04181 286.45687
190.34026 283.21177
285.36376 311.95490
194.41276 342.19448
179.85851 308.06216
178.82098 340.05031
173.48129 345.30968
179.15939 341.82388
191.71069 344.82955
171.14303 346.36842
170.24152 348.11489
191.18369 275.30589
185.37456 277.86105
181.96387 280.31286
243.02966 272.56685
250.32458 269.73096
106.64075 267.83711
117.75096 267.80946
106.55795 258.72794
95.49901 267.77360
106.71062 276.90253
222.84824 271.33649
234.58244 272.15409
223.28757 261.75061
211.06906 270.43295
222.43121 280.92269
