220.88280 456.19790
225.30531 410.56213
225.00765 426.17542
213.69076 367.26941
225.09474 396.28445
224.67200 378.79469
223.54172 337.32083
132.33935 340.53575
222.56857 302.44533
222.20127 283.15036
220.47333 217.50185
221.02225 460.74772
221.32723 465.56295
221.81155 468.62498
222.54465 484.53542
222.64857 489.60608
222.87213 496.43779
223.26306 504.09310
226.72770 521.92133
225.27052 418.47460
214.19224 419.03774
71.45975 288.28192
167.34150 350.92536
154.28328 352.73875
141.93556 351.86044
125.99389 345.32819
178.80682 346.20611
148.13734 308.76412
162.95264 309.65337
134.38097 312.13527
125.40526 318.71555
113.59146 353.19502
178.39043 543.09117
127.76188 337.38745
69.35553 348.91203
97.39985 343.09142
159.90078 405.55951
205.53593 453.92437
208.12521 465.72832
190.99953 460.35556
181.94754 468.30556
197.20286 468.54825
188.98674 472.99140
168.24227 495.39572
214.99464 410.52878
213.14059 396.99835
104.74621 304.70386
185.45269 370.67732
186.18792 409.82699
184.87866 403.05224
119.27340 405.82183
213.31328 380.76058
135.60486 285.70371
117.51845 292.58281
86.07197 261.64089
193.89380 297.26968
176.11958 315.45132
158.75723 480.92930
89.92051 483.49083
196.03276 417.37563
205.99942 421.25146
173.30805 483.45099
176.79581 482.81575
109.53717 283.59382
185.64753 416.51908
160.41972 285.99133
157.70438 274.38777
142.95649 225.66873
98.17135 273.45076
152.26157 250.45800
95.94239 298.87334
83.63409 295.24411
206.39944 460.28288
193.96590 464.83978
185.21717 470.74961
198.96914 420.02599
175.07210 483.16395
180.39898 486.65831
178.53691 482.48314
201.80584 411.69567
192.05096 474.04982
199.95018 470.54465
209.96920 468.72238
209.19775 521.23415
207.82023 503.12808
208.14169 495.41497
209.12165 488.75777
210.51428 484.13881
192.32396 483.44893
189.77078 485.91268
186.69272 489.73038
184.23962 494.41152
172.24221 454.24720
69.71304 413.95169
225.12930 422.07280
186.18008 483.25047
183.34223 484.67511
209.63194 426.57801
189.98776 424.99495
207.95086 423.98081
171.26843 379.22901
149.71119 388.75751
182.67607 409.74182
108.93841 240.02410
120.03546 257.73595
130.29423 274.78347
178.38877 505.39253
189.24235 277.97921
184.73978 249.39527
178.77724 219.07655
131.90150 349.71469
98.78149 362.61234
186.54423 341.60826
111.52340 325.36528
194.69546 361.00006
193.68769 403.66321
83.55135 373.66480
108.66141 371.86989
126.27999 376.19846
151.61566 373.85065
170.27686 367.95987
184.48767 360.74482
211.53195 341.10500
87.39840 403.00293
99.99239 322.76274
219.25002 418.17160
187.14413 383.33717
62.16767 350.08645
194.95781 352.45692
181.06234 411.25568
120.67547 337.24854
192.75471 395.47239
77.65627 448.08452
186.96349 336.64671
202.76291 386.55911
122.37692 512.75461
122.04207 530.59637
73.86897 408.94901
105.12089 494.78347
75.56561 320.14804
175.78890 557.84514
220.47676 421.68958
175.48266 394.12326
85.19450 345.88070
143.82996 344.37367
154.28648 345.28866
177.73589 489.14819
91.73325 431.72534
199.69309 577.61268
159.44388 559.94274
142.14264 547.97798
221.22778 249.96246
227.61977 579.89651
165.15437 343.82012
175.73059 340.67492
182.99370 338.48308
89.43774 320.07073
174.79973 328.74789
163.33390 326.59223
152.58080 326.95671
142.03473 329.53440
135.23356 332.69801
64.02768 316.09853
137.03205 342.48052
225.32053 437.24732
184.64594 445.14080
195.96152 414.72996
208.38763 438.66623
222.97038 320.66444
139.95207 530.54880
157.10493 544.29636
199.39738 567.30721
105.53906 511.08825
183.19249 333.12931
203.72359 362.83694
227.87325 569.47394
178.06204 570.27184
80.34586 440.34244
200.52617 483.61707
198.13441 487.27133
195.95213 492.81939
194.58931 499.79478
191.83134 514.71143
182.35981 477.96480
178.89946 477.13696
176.06676 475.88948
163.05632 466.31953
110.59082 437.41804
203.32482 349.95938
195.15248 324.05683
187.88622 326.70726
185.54768 478.09612
110.84729 472.71434
206.46279 322.35919
184.60537 528.34943
224.31231 364.76157
212.49445 354.88076
223.95903 351.54089
195.47663 384.60622
227.67939 554.67407
227.19359 537.11536
205.14906 536.08185
155.61760 501.52011
170.35891 423.24271
168.71869 516.96976
139.69424 422.80382
158.48990 437.85307
129.86468 446.43914
201.09991 552.92853
187.90345 393.23208
144.38660 513.46034
161.11809 529.12976
145.51756 483.42556
96.84647 456.19333
128.77434 487.06444
89.57432 469.16185
149.07942 456.71823
195.74883 372.90462
197.88258 409.36518
190.38201 413.95362
202.78300 399.54829
184.06578 310.02982
161.97188 300.74498
143.16729 299.90936
127.63760 304.42615
116.82488 312.62728
110.24653 339.98162
69.59196 378.64277
121.20407 358.84678
134.58153 362.20306
152.14466 362.28037
168.89161 358.75241
182.24080 353.10857
191.27934 347.65946
64.99590 381.94189
190.61798 418.10935
204.08179 374.42569
206.50456 409.19472
213.37307 416.40572
206.72371 411.95123
193.98106 422.50712
215.53160 417.42011
216.74261 420.99223
191.46828 336.38800
197.96029 339.16267
202.19712 340.91001
131.16324 335.13337
119.79536 326.65531
234.90233 366.97136
311.68806 337.16389
235.69712 418.50293
364.36030 288.10167
276.89379 349.27876
289.79163 350.78824
301.91229 349.70781
317.45051 341.54363
265.72344 344.82344
295.42899 305.48393
280.40862 306.53308
309.34317 308.79895
318.12766 315.26876
328.99245 350.20470
275.19366 541.58536
316.16625 333.21769
369.50030 348.31059
343.96841 339.45833
287.72265 404.09065
236.72972 454.26143
235.56586 466.02380
253.12235 461.43097
263.80278 469.49685
247.92902 469.42681
257.46184 474.17104
282.75374 492.99641
235.47888 410.21799
236.97142 396.63219
337.02368 302.13158
261.01031 369.82257
262.77865 408.77101
263.59381 401.95056
327.01743 403.91285
235.92039 380.39314
306.43740 284.34512
324.33138 290.64917
350.94096 261.37438
249.77553 294.65832
267.43765 312.83237
291.52129 478.36481
352.27339 481.28007
253.14433 416.48232
243.48139 420.65060
275.39210 484.80031
271.82635 484.20679
331.81685 281.69501
263.05148 415.45384
282.26874 284.15689
284.47928 273.01972
296.29061 225.33708
341.07764 273.21586
288.65797 250.27737
345.29993 296.00397
354.68317 295.08949
236.45792 460.57720
250.57753 465.77976
260.83750 471.89172
250.15170 419.19590
273.57489 484.52879
268.17671 487.77788
270.02573 483.84830
247.82282 410.90743
254.82077 475.12498
245.69388 471.26112
234.63705 469.04405
244.17319 520.65100
239.45616 503.41525
238.26357 495.66924
236.94235 488.99190
235.48106 484.42778
255.47617 484.60056
258.15833 486.90885
261.44667 490.64390
264.25391 495.18497
277.68710 452.51769
367.86494 412.41504
262.24627 484.62367
265.08337 485.88661
240.25793 426.12875
258.82414 424.04268
241.72461 423.48231
274.99258 378.17838
296.80205 387.38443
265.70593 408.66667
329.40913 239.70816
320.23325 257.61062
311.22881 273.51719
273.41479 503.47370
253.72374 275.68997
256.89124 249.19005
261.31506 218.78185
311.81887 346.90430
342.62007 359.73938
258.11690 340.49751
330.81881 321.87884
251.93674 360.30438
255.64532 402.72974
358.47746 372.26566
333.99557 369.80815
317.65524 374.62885
293.20574 372.26765
274.89474 366.31192
261.07085 359.38790
235.52626 340.85903
356.10556 401.21813
341.51228 319.62166
231.26322 417.89731
259.96638 382.43543
373.47025 349.32292
250.79485 351.43210
266.78843 410.19694
322.68011 332.93117
255.94698 394.52089
361.86102 446.15461
257.58841 335.43972
246.27100 385.87231
326.61070 510.36856
325.85184 527.96158
366.72465 407.28290
341.51137 492.40811
362.64105 319.81002
277.90923 556.30573
229.71243 421.49653
271.58579 393.02035
355.57135 341.75298
300.04679 342.35718
289.62145 343.65552
271.05238 490.10980
352.89343 429.61706
254.92400 576.71552
292.45455 557.72708
308.18938 545.50291
278.87305 342.40552
268.39690 339.38958
261.32033 337.35874
351.28004 316.46442
269.24948 325.94856
280.61701 322.78682
291.67715 322.92342
302.27690 325.35691
308.94606 328.54782
371.21680 315.73662
306.89917 339.84702
265.46400 443.83995
253.34803 413.81689
242.32657 438.16689
310.79955 528.44084
294.89798 542.32861
255.79672 566.51471
339.71156 508.56805
261.13551 331.53743
243.90814 362.27793
275.42391 568.55875
361.43530 438.36239
246.42195 484.33206
248.90681 487.87876
251.38125 493.36018
253.47964 500.33757
260.78406 513.21565
265.38882 479.16355
268.60289 478.31634
271.31800 477.05797
286.89970 464.12923
336.19021 435.20876
243.42554 349.53509
249.25528 322.12802
256.31892 324.98483
262.46165 479.35410
336.63664 470.29134
238.13013 320.66541
268.46991 526.81194
235.36868 354.54344
252.56022 383.86149
248.99630 535.32489
295.20159 499.32730
277.65620 421.81003
283.29722 515.00201
308.35703 420.87063
290.36166 436.07290
318.58393 444.18757
253.86713 552.22467
259.77274 392.23713
306.58549 511.25131
291.04063 527.18164
304.42908 481.07176
348.82586 453.91967
320.56502 484.62283
354.22072 466.96371
300.30096 454.56675
251.52945 372.22021
251.72903 408.49627
258.82529 412.98146
246.91634 398.85989
259.53677 307.45690
280.92429 298.29662
299.80612 297.62399
315.19740 301.94432
325.75468 309.68787
331.94399 336.08075
370.02192 377.49390
322.05801 356.21534
309.13100 360.23086
292.06946 360.40358
275.70441 356.91855
262.85887 351.52705
254.04944 346.24254
371.42416 380.76753
258.33994 417.12483
244.23373 373.83752
243.59023 408.56109
236.72720 415.88951
243.21474 411.32437
254.95764 421.56193
234.83927 417.00896
233.20265 420.57271
253.29070 335.22517
247.23803 337.75284
243.15615 339.87483
312.93318 330.96528
323.40018 322.82473
155.96093 333.40167
172.23214 332.38258
154.50570 318.26584
139.41346 334.30444
157.27219 348.33306
288.86706 331.48323
304.47497 331.88421
288.63921 316.25115
273.16279 330.95698
289.02018 346.64520
