517.05334 741.16211
518.62280 659.94427
517.84778 684.00317
498.65927 568.50269
518.84247 632.04590
518.89026 595.24060
518.97046 506.12457
352.50397 490.43030
519.12134 443.01129
519.25391 409.05142
520.09100 278.72510
517.09131 751.36572
516.95892 761.61475
516.93896 768.20117
517.33405 772.35291
517.73846 782.45978
518.02612 794.52625
518.19366 808.22888
517.25690 841.86108
518.47357 673.46692
494.71835 671.65637
260.59271 394.53015
419.95978 514.98602
395.83127 517.63306
372.52896 516.60907
342.12827 500.23969
441.18124 508.98288
385.97354 439.94482
414.13821 442.39984
360.89154 445.64862
344.75473 456.43951
320.71527 518.09344
427.05624 883.80469
343.81595 482.26151
244.62009 508.77679
292.29520 500.82346
396.25912 630.06854
484.76996 735.54156
487.87003 760.59692
452.29004 744.08893
430.50668 753.20551
462.15009 761.32080
441.58929 763.34009
403.43262 793.67603
498.25711 659.06525
495.39694 632.12189
312.40979 443.99835
447.89520 563.23224
442.58154 648.42017
440.94611 633.26794
322.99908 624.95667
496.96011 597.96490
372.39734 418.65308
337.69965 426.87741
286.92676 348.96152
475.58401 441.99268
438.28583 454.06219
384.35562 766.96045
271.44406 758.93671
460.29724 664.17352
478.87680 671.96014
404.10321 767.36371
410.15448 767.36182
325.18481 411.97021
440.79974 659.11926
418.15659 422.03387
414.59470 402.53110
385.14603 290.46106
304.28870 376.53076
399.41177 341.46564
297.55667 432.32391
276.92703 412.51971
485.68231 749.34711
457.18979 753.35291
435.90924 758.40637
465.45850 668.61682
407.19232 767.35895
421.12146 773.40112
413.50900 767.43274
472.14011 657.38098
445.94159 766.68109
466.24335 766.35297
490.20667 767.08459
484.24445 840.81580
485.90540 806.02454
486.85693 792.28461
488.49881 780.44684
490.78546 771.18909
446.59528 769.15222
442.18890 773.34180
437.17346 779.44214
433.17014 787.16437
412.83829 724.77594
241.64218 625.56360
518.20514 678.69818
431.11188 768.60889
426.24869 770.64282
486.37952 681.93396
448.46936 673.94122
482.77441 677.06158
421.84827 577.97607
381.05267 595.00928
436.28036 644.43262
326.63766 313.28848
343.43372 351.62244
365.15344 399.83997
424.80905 812.83820
468.95352 409.02472
455.95078 340.02701
447.27728 280.29337
352.87222 511.05261
293.06509 537.06512
455.23901 503.19620
320.68842 470.14642
465.09869 546.36877
457.34512 639.99786
263.82935 558.51392
310.66742 556.49988
342.76105 567.24329
388.99927 562.94684
422.66748 551.82379
447.61404 540.00659
496.45624 512.26038
266.99765 614.12927
300.74753 468.71881
505.86578 672.29010
449.21689 590.52832
236.56183 506.21310
466.96133 527.08093
433.83246 645.25183
333.89136 484.77008
456.54010 621.62634
252.31650 691.19232
455.48123 493.95651
476.23340 606.91095
325.44678 821.78503
328.84515 852.33850
244.26022 621.18091
294.08466 785.69666
259.72327 456.54181
423.05969 909.59985
508.19308 677.52960
426.48764 609.42786
270.49597 504.38464
375.85620 500.90570
396.30591 502.79773
416.54269 777.20178
272.09189 668.23639
467.89832 944.62793
397.34610 910.93359
366.43555 887.29541
519.60101 341.63181
517.79626 949.19568
416.73181 500.65616
436.64856 497.02975
449.60410 495.65576
282.35181 462.67770
432.77582 470.81415
411.49667 460.76672
390.19678 459.07697
369.19492 463.94635
356.52307 471.47699
244.69305 444.32901
362.02701 496.10245
517.72498 704.13159
437.76825 711.17786
460.55917 660.42468
483.96094 704.71259
519.02289 473.68060
358.59711 857.03833
389.92346 883.70856
465.47784 927.72131
298.34143 812.82001
448.42703 485.09656
480.85187 555.21912
517.22211 931.51776
429.73239 930.97754
253.54286 680.51538
466.96646 769.84808
462.77750 776.92322
459.46075 786.26349
457.18698 798.40234
451.17175 829.45813
424.81024 765.28424
419.40015 763.12689
414.86130 760.64728
393.45459 743.64990
303.50717 682.84790
481.33005 527.45557
472.92487 475.95349
458.33051 476.75861
430.34933 767.13245
302.71466 747.25995
492.75681 477.55386
438.45016 856.34412
518.93756 564.66650
497.26526 541.71130
518.94928 536.29633
463.73206 597.60669
517.15179 905.29492
517.21277 871.95142
476.33823 870.41571
383.40930 805.83228
412.69525 666.00977
408.74966 835.24518
356.54413 660.78229
389.34903 691.93591
335.81549 703.15735
468.25928 902.52570
449.04980 611.98181
364.83197 826.89612
396.06079 857.01630
362.95813 771.60962
279.80475 714.27368
334.15833 776.36273
268.13232 735.57440
369.58258 724.55829
465.68115 572.55664
464.89691 652.76605
450.10944 657.83636
474.93579 635.22900
455.39511 453.57596
416.19614 436.74158
380.92480 433.72064
352.15491 439.54169
331.84711 451.49515
316.10760 493.30704
240.28516 564.22601
334.34686 529.69006
359.26880 538.32532
391.55545 538.13232
421.71625 531.66882
445.46478 523.40118
461.95358 515.74005
237.46951 565.06799
450.02228 664.07153
480.40149 580.44763
481.07150 655.10291
493.24976 667.74158
481.18103 659.23737
456.11212 671.36267
498.07196 670.38757
500.24670 675.64001
463.81274 495.37427
474.93826 502.10529
481.80072 507.65118
349.43439 477.21570
334.30804 469.05591
539.11493 568.54633
678.46173 488.95306
541.85596 671.96515
771.25244 396.54272
616.05176 513.88599
639.04578 515.63428
661.39899 515.02338
689.67615 499.42307
595.92578 508.49448
648.22382 439.63242
621.23889 441.95654
672.25623 444.96964
687.78644 455.61438
713.32196 519.13940
608.93201 884.28198
686.91351 481.58124
787.82568 511.37042
741.67279 502.13049
640.45166 631.38904
549.14960 736.32947
546.04547 761.09137
580.44879 745.64526
600.64148 754.81158
570.67310 762.14557
589.94983 764.16656
632.93713 794.78424
538.89410 659.29492
541.93201 632.24359
719.66992 442.53458
589.30084 563.72485
594.25720 649.10681
595.79639 633.95483
713.23535 626.82617
540.68115 597.98419
662.17993 414.89050
695.23169 424.29410
747.11774 350.81763
562.07623 436.63892
598.00342 453.40802
652.49231 768.60413
762.78656 760.65790
576.55066 664.76440
557.82098 672.62762
624.69977 767.79156
618.65259 767.68188
708.40265 409.36731
595.77588 659.96533
618.39404 416.72925
622.33368 397.26321
653.59943 291.71683
731.17023 377.97699
638.77368 342.35153
735.35645 431.82269
757.11011 414.37457
548.24756 749.99756
575.64587 754.61682
595.50769 759.63385
571.10468 669.23517
621.63293 767.73950
609.18140 773.36621
615.35907 767.70972
564.79230 657.89935
585.39294 767.08728
566.42804 766.79401
543.75244 767.38623
550.89343 841.10114
550.40350 806.20581
548.84467 792.39734
546.72308 780.53040
543.92712 771.20325
585.10797 769.03271
590.11310 773.26257
595.20618 779.25177
599.29053 786.85980
623.63635 726.18567
788.99426 628.03143
599.03723 768.58752
604.11884 770.64246
550.26312 682.63892
587.96613 674.94360
553.93848 677.82678
614.87128 578.80347
655.68945 596.31500
600.39758 645.37976
710.14001 314.87872
693.39520 352.86746
670.29828 395.86609
611.52051 813.43573
568.87231 403.57523
582.95782 340.58060
592.51251 281.01767
679.50897 509.71515
742.31293 539.41840
582.21881 502.97900
711.80396 469.48734
572.46759 546.63226
579.57764 640.55829
770.42236 560.81683
725.19421 558.83881
693.72839 569.13983
647.37549 563.87695
614.05457 552.08997
589.50305 540.34583
541.35211 512.37903
767.90710 616.58405
732.65906 468.84436
531.05377 672.50739
587.66998 591.06927
793.20776 508.44800
570.51483 527.08704
602.83368 646.29260
698.13434 483.59967
580.36688 622.14673
779.88342 693.35992
581.50269 493.65082
560.97034 607.16254
712.50739 823.32611
708.96216 853.26917
788.68958 623.75397
742.85443 787.53345
773.24927 458.75763
612.67383 910.17767
528.22528 677.70752
610.07056 610.40613
764.66174 507.17001
656.71936 498.46381
637.92493 500.60187
613.65656 777.11530
763.62073 670.76813
567.83899 944.71912
639.94482 910.91907
671.74609 887.64276
618.98376 499.27899
600.23322 496.42896
587.69354 495.48099
751.65936 463.77191
603.15961 471.87488
623.66370 462.49249
644.00684 460.99683
663.22583 465.27368
674.70569 471.91113
785.61603 446.45905
669.42517 494.02747
598.89978 712.34436
576.28949 661.02399
552.45477 705.40356
678.84058 858.19391
646.87006 884.57031
569.44440 928.04462
737.95862 813.92419
588.17999 485.33105
556.78442 555.33832
606.67065 930.94238
780.17896 683.08875
566.45544 769.76276
571.27692 776.86475
575.06262 786.15930
577.93304 798.25873
584.57001 829.64600
605.15875 765.78491
610.38879 763.93774
614.83551 761.73828
643.15399 745.26495
732.80371 685.01514
556.31451 527.73779
564.75000 474.73254
578.57031 476.17358
599.61627 767.41699
734.48126 749.12793
545.07959 476.04572
597.70923 856.69226
540.52905 541.72815
573.27454 598.08728
558.83130 870.61841
653.51764 806.91907
623.75610 667.21161
627.88635 835.84418
680.12036 662.41064
647.45581 693.34003
701.09668 704.98718
566.70447 902.91736
587.81549 612.57715
672.60480 827.95599
640.85468 857.75098
674.27026 773.18317
756.67383 716.57660
703.40710 777.91595
767.02637 737.85754
667.80054 726.17743
571.54407 572.93890
572.10242 653.23792
586.70190 658.54181
562.15851 635.60645
581.49585 450.87411
619.22852 434.29440
653.15125 431.81342
681.19269 437.92038
700.55890 450.15753
716.67004 492.94122
792.10535 566.84613
699.85345 530.34784
676.02631 538.57050
644.24426 537.69592
614.44177 531.32690
591.58264 523.47717
575.57275 515.74695
792.57092 567.36621
586.55664 664.74762
557.06274 580.59485
555.95398 655.50659
543.55109 668.21259
555.84137 659.81897
580.43469 672.04089
538.78656 670.69702
536.11859 675.88177
573.50928 494.92554
562.67407 501.76276
555.84082 507.37146
681.46716 477.07422
697.60815 467.92426
390.48032 481.28369
417.72617 480.89325
390.72510 455.84436
363.07169 481.66144
390.19016 506.71533
638.94025 481.62744
664.68073 481.09915
638.50177 458.40271
613.36682 481.81726
639.67828 505.00909
