517.86774 696.24500
526.11481 634.89215
522.26660 658.16205
505.32315 557.68256
526.86896 609.83746
526.39557 578.67889
523.71716 504.96643
338.08878 501.53894
523.25787 447.02454
523.51727 414.01266
522.09021 287.66666
517.78015 705.41339
517.55652 714.56683
517.38776 719.80090
517.40393 744.72675
517.91193 752.86554
518.03235 762.81165
518.12140 774.32092
515.87683 802.89252
524.77008 647.95673
501.58548 647.37787
251.26195 412.30457
411.12128 525.44983
385.15442 527.26581
360.74985 524.80597
328.84274 509.64871
432.98886 519.31445
376.31458 448.90128
407.15869 453.01627
347.89816 453.63306
329.57724 464.36078
310.56970 524.05707
426.20105 844.21295
329.92767 493.36649
242.05743 520.67273
284.34222 509.15683
391.82898 615.99799
477.30716 693.12891
478.96689 714.35907
435.63525 700.58246
407.36719 707.31433
445.65231 715.20764
419.45929 716.58582
391.46857 750.18097
506.35638 634.45209
504.46060 610.33453
299.39322 451.72107
447.03885 559.37628
445.28625 627.08356
443.05630 614.59467
312.85559 612.70703
504.88516 581.60229
361.61087 425.94904
324.81625 434.22131
276.82919 365.88889
472.37909 447.57483
432.79944 465.71088
369.99823 723.04956
262.86066 753.19897
462.62463 640.82562
482.95676 647.96021
372.00491 717.60083
379.57080 718.86029
312.65668 421.42548
441.60519 636.45581
410.44452 428.81067
406.63354 410.56146
379.96628 302.46008
298.11743 389.42096
397.94757 350.71561
285.94644 443.07751
270.89624 426.44586
477.25000 704.55994
440.35934 708.32611
413.04373 712.04669
467.73196 644.88287
375.81641 718.18091
394.40167 731.08472
383.46542 719.61542
477.44601 634.29327
424.93820 719.45575
450.52948 719.29517
481.62863 719.48535
479.80273 802.38586
478.26794 771.92139
479.08063 760.54114
480.65244 750.98309
482.67618 743.95587
426.20398 735.61481
421.89966 737.79285
416.12933 742.47235
412.26361 748.62915
404.11798 691.38641
236.92972 633.58990
523.52905 653.41809
406.84778 729.37378
400.57202 729.63550
489.78186 656.56317
447.75339 649.29614
486.65616 652.34833
418.61938 572.07593
375.47620 585.87030
436.65329 624.59662
318.13559 328.35834
338.90338 363.06644
354.28925 409.05646
414.94727 772.28259
464.74127 416.45050
456.67126 347.38611
445.52805 290.22641
340.16492 519.47034
285.17282 540.05597
447.70200 512.90320
306.77618 478.80228
466.09375 544.18915
462.74564 618.94305
261.12344 561.60712
300.53812 555.41321
332.08319 563.41309
380.52710 561.02460
416.68823 552.63550
444.02750 541.79956
500.58832 511.65457
259.78418 609.84540
289.91364 477.89044
513.04352 647.12537
448.95111 581.08612
231.34647 520.91602
464.37323 528.87640
432.21722 625.81464
319.48950 495.05109
461.01413 603.84375
245.72607 693.29028
448.93256 504.62485
483.24374 590.44904
319.74219 796.96436
324.71414 828.70837
239.94965 624.55640
284.18610 769.75146
255.46889 470.19037
425.36578 867.21973
514.41254 652.58710
424.15640 597.45001
264.90088 513.60461
362.29279 512.37000
384.49841 514.94202
389.51678 733.56848
259.84561 660.23871
468.28595 893.83575
399.31641 871.49298
366.57425 854.66901
522.87915 347.56113
512.87506 895.57764
406.75375 513.46863
427.36145 509.83917
441.40961 507.48566
274.13553 474.53192
426.77615 482.20255
405.02289 471.74817
381.97229 468.58093
358.49298 472.54950
344.05743 480.43719
237.44116 461.23804
347.60406 507.25702
521.28674 675.97144
433.87354 680.56042
463.66122 637.45392
485.42984 676.16809
522.95752 476.41241
358.03912 825.10968
391.44012 846.34534
467.07571 880.47614
290.70636 798.30322
441.90521 495.82666
484.98044 548.77301
514.78381 881.19153
432.04962 885.20703
245.62595 679.26764
452.40460 740.75195
448.32407 745.54895
444.81741 752.98883
442.92810 762.98193
443.72592 790.52863
396.98874 717.62817
390.79257 715.19257
386.00858 712.61835
380.27188 704.67407
289.24799 668.39050
484.01907 526.27277
468.99106 484.87805
453.12097 487.51849
403.48041 719.55267
288.54120 729.46021
491.72992 482.45190
433.93631 817.59119
525.47498 553.69629
503.05917 535.94385
524.59784 530.51562
466.44391 584.95929
515.69086 859.68555
515.86829 830.48083
473.71167 830.49451
377.27371 767.31177
409.94861 644.79712
403.78201 796.38873
346.99380 643.71527
382.25793 667.63885
323.14545 681.95483
468.20093 859.52734
449.52008 597.89050
361.70697 792.76575
394.70001 819.72919
353.57245 735.10236
265.65295 703.07764
324.36179 748.74048
258.35370 728.56036
357.80515 693.02161
467.74026 564.97723
470.40826 630.00067
453.00879 635.14038
482.94971 613.85260
450.35431 462.74255
408.46973 445.02582
369.85281 440.92191
338.30045 446.49860
316.60223 459.01062
304.60229 502.20551
238.28006 572.41205
323.09946 533.77631
349.04749 541.00482
382.42661 542.52905
414.61688 538.05145
439.87543 530.13806
457.38968 521.87048
233.07288 576.87622
451.67950 640.58484
485.66202 569.12000
488.97147 631.41437
500.65012 643.64606
487.86115 635.73981
456.74664 647.06787
505.49084 645.67761
506.97025 651.01910
457.92468 504.77985
471.23666 508.70337
479.63525 510.77899
336.22986 486.90009
318.95752 478.22116
544.79700 557.19763
686.19690 492.87628
544.01123 647.06274
765.28394 409.21057
618.67120 518.47266
643.01526 519.99622
665.78320 517.54718
694.35449 500.28546
598.16315 512.25262
656.28265 446.26794
627.20337 449.22638
681.60675 450.48627
696.81879 459.65930
712.52448 515.16632
602.48364 839.04022
693.82092 484.34515
773.71375 516.35809
737.32202 496.66382
644.45251 613.78448
556.69751 691.81305
554.14545 713.30170
595.76135 697.69775
621.32855 703.96429
585.06018 713.23291
608.89105 714.12274
635.02258 746.69415
545.03802 634.22455
548.50555 609.94208
728.43677 443.01343
591.25049 557.90063
597.66150 626.01892
599.06915 613.34473
718.30249 609.10822
546.99298 581.10480
677.12891 422.29123
708.42065 428.45026
746.61591 363.27274
573.89111 444.16205
602.34064 460.42935
657.03357 719.73694
740.38721 744.58234
579.01794 640.22980
559.55695 647.58008
652.78674 714.46875
645.23499 715.84735
719.79108 413.40460
598.62231 635.33844
633.51941 425.30258
638.22290 406.88000
657.53455 301.61438
733.71704 384.64410
644.25189 347.99664
740.27466 431.32599
754.59509 421.90790
556.34521 703.39215
590.55640 706.06897
615.48181 709.12494
573.36798 644.26721
648.98065 715.11493
632.25421 728.54944
641.22888 716.68311
568.08386 633.92786
603.21936 717.19977
579.88379 717.47650
551.38049 718.53302
551.59485 801.19788
556.26874 771.37195
555.07410 759.79236
553.10907 750.09839
550.41339 743.05511
602.07574 733.57867
606.93146 735.83441
612.96680 740.60645
617.20331 746.93091
630.09790 689.47620
764.78540 627.58105
619.62915 726.97693
626.11432 727.10852
553.07831 656.28442
590.67548 648.24060
555.99414 652.07050
617.68597 570.25452
659.63763 583.52563
603.31720 623.22833
712.76678 326.49820
698.79358 358.80649
685.06812 403.91138
613.17761 768.76208
582.68481 413.75803
587.79913 346.36526
596.10834 290.04514
684.30042 511.26773
735.94006 530.72748
584.69348 506.22580
717.54395 469.83911
574.52319 542.88165
583.64343 618.18958
762.30273 556.95349
722.18799 549.63110
693.80841 560.66248
649.27258 558.75983
615.73029 549.83051
591.26178 539.50403
545.51862 511.05460
763.36060 604.90466
734.71149 466.62396
535.99951 646.95581
590.39368 579.77338
774.16699 516.84436
573.58270 527.75049
605.28735 624.47607
703.35297 485.09427
584.19751 602.88989
755.79608 685.91724
583.64569 497.14514
565.87683 589.61505
698.54187 788.04779
688.22363 818.15198
773.68060 618.48761
730.69855 761.11499
764.51648 466.29495
601.11707 860.84790
532.32184 652.46484
612.92169 595.81659
754.62708 498.82901
664.13312 504.58173
643.60107 507.54446
637.24316 731.05524
761.16101 654.39252
556.96844 890.22107
621.22522 862.20630
650.88965 844.17053
622.84406 506.07358
602.99414 502.00861
590.03333 499.67975
748.67603 460.01389
605.01996 476.38580
626.27570 467.64154
648.73865 465.75739
669.94244 469.38611
682.21576 475.46790
773.40387 457.89008
677.51154 499.00290
603.60681 679.41040
579.03778 636.94806
556.40704 675.86597
662.68549 816.40228
631.68304 838.09088
562.29810 877.25537
717.24054 788.46100
590.29858 488.89429
560.59363 547.90857
591.46472 878.14221
766.30414 672.24078
578.40649 739.15594
582.95612 743.98535
587.01636 751.61169
589.58051 761.92676
586.12457 787.61670
629.12634 714.81824
635.29895 712.11096
640.41492 709.31299
650.19537 702.15668
737.38354 663.39795
559.30817 525.40320
569.60254 479.91058
581.89703 481.29785
622.54962 717.01794
732.63391 722.65771
552.07629 481.19189
595.47180 813.41638
545.13367 535.38184
577.10260 584.05603
557.78540 828.38922
649.00647 762.52094
625.68054 642.85345
623.40570 791.41473
686.68494 640.34113
651.88971 665.07935
706.57489 677.50525
563.21069 856.89832
590.73254 596.71680
662.51416 785.92120
631.21204 813.12598
673.36658 730.78247
753.32507 696.39136
699.76526 742.35645
753.69324 720.68604
672.99817 689.84155
574.45654 563.91864
575.77502 629.40253
589.88123 634.33221
566.88281 613.17828
588.88055 457.35919
629.50684 441.23047
665.21710 438.24310
693.13171 442.82874
710.63171 453.02832
717.93243 491.17902
776.39514 567.23114
700.88611 526.74323
677.77258 535.71509
646.45258 537.32770
616.33185 532.53473
593.30524 524.86957
577.74933 517.44818
769.67432 572.01398
589.30676 639.68329
561.72723 568.25195
560.08093 630.87488
546.37549 643.24585
559.06421 635.37048
583.15875 646.12708
542.78162 645.33698
539.00250 650.69299
576.09412 498.52753
565.83179 504.83783
560.31665 510.02463
688.79004 480.17087
705.16138 470.54138
384.87646 492.77390
415.80469 492.66174
385.40909 465.93500
353.70911 492.80609
384.23715 519.51758
639.43188 486.30551
669.88904 486.16583
639.37549 459.34607
608.82178 486.41254
639.78235 513.26849
