511.66940 713.24158
495.55722 619.63629
500.74103 648.41553
481.08835 539.75836
495.75177 593.10999
498.23734 561.15710
506.23645 488.19092
354.30933 492.94916
509.56863 434.60797
510.55499 403.31161
517.25916 298.20331
511.43799 725.15533
511.34924 737.33417
511.62570 745.40344
511.38489 745.64099
511.16144 760.56610
510.85004 778.32056
510.66296 796.31189
504.14523 824.93481
497.01288 634.75018
475.80731 635.11078
280.65436 420.05603
414.40814 507.09753
392.75104 510.36517
371.48434 510.35428
344.02185 500.85602
432.77484 500.72192
378.77225 445.29150
403.39783 446.57614
355.85986 450.52237
341.43488 460.76990
324.62976 514.05005
407.75122 867.06122
346.33536 488.67548
259.91959 521.77966
299.14328 498.89896
383.19763 605.15894
475.96655 705.69397
479.93564 735.14282
442.35147 712.60895
420.62814 721.19855
453.68774 733.62512
433.24390 733.84686
386.53543 763.41760
474.92651 619.12299
472.40677 593.71216
307.95074 435.93060
438.30219 545.27277
420.35193 613.89362
419.99960 601.21539
313.97705 603.31061
476.41974 564.15851
357.97754 406.64606
328.02301 416.68530
302.30435 373.91025
456.85535 424.87665
425.25439 454.93234
367.27502 733.78485
276.33447 764.66333
438.88058 628.69250
459.07486 637.04773
395.11789 737.44135
401.98773 737.47223
315.43439 401.05075
419.04102 625.31232
399.75208 407.47980
395.22186 387.38120
389.52267 312.23074
311.44101 389.58527
397.64355 349.47467
294.52811 425.25775
289.35162 427.67078
477.18347 721.79303
447.94452 723.88586
426.76843 727.74060
444.59457 633.59454
398.63287 737.50665
410.08887 745.81281
405.62997 737.55188
450.93896 620.29907
438.25372 738.32721
458.48663 740.24756
483.01053 743.15857
466.90332 821.92816
473.05426 793.16113
475.11087 775.09680
478.46194 757.32892
482.53934 743.54840
437.72028 739.26410
431.24509 746.13013
424.05524 755.01575
418.21655 764.87036
392.97153 691.11737
261.07962 640.74152
498.72879 641.85516
422.84372 738.25305
416.52325 741.80591
466.74472 647.08478
428.03278 640.57825
463.04504 642.24200
412.09094 559.17188
371.90118 574.23718
415.76141 612.99670
336.47272 336.81595
345.64484 362.32135
349.43256 387.41751
406.24854 786.76978
448.69675 392.82196
451.80466 347.07571
447.56845 301.02356
354.09283 507.60284
301.33334 529.74036
444.30994 494.57925
320.09119 470.33676
455.72128 529.13373
435.74976 604.19812
269.20123 556.37335
315.98364 543.93390
343.35599 550.69238
385.55518 546.57733
417.44293 536.94269
441.01700 525.79749
484.74841 494.86334
265.68826 604.32031
302.23932 465.93198
484.48264 633.67816
435.07535 567.29572
261.31140 528.58527
458.31473 513.09717
414.91986 615.56812
335.12109 488.77545
436.37170 588.87683
264.62668 701.57458
443.04382 487.32388
456.48715 573.95825
311.78827 808.88501
318.16010 847.12366
251.29752 624.63751
284.77258 777.65869
274.92572 471.69464
402.22311 898.82104
488.63919 640.79688
412.47278 585.59491
280.03992 503.79572
374.67603 497.36566
392.68817 497.48468
404.41980 750.37463
265.47699 656.39349
447.10626 941.09644
377.43539 904.01471
349.72479 879.96228
513.79865 348.04446
501.81247 948.20410
410.34314 494.83508
427.12756 490.79724
437.86914 488.75775
285.73456 461.12466
422.16443 476.26862
403.04169 473.03491
385.39246 473.47833
368.19525 477.37744
357.36523 482.24167
267.67712 468.77161
362.76965 495.44510
502.14551 668.21692
417.07098 676.69934
438.93405 624.32562
464.99557 668.69922
508.73730 462.99487
342.03052 843.12805
371.22748 871.00818
445.36639 917.94330
295.22766 812.86450
436.22247 482.49457
467.09686 532.17407
500.91171 924.57849
407.89661 925.21143
255.00043 681.01514
457.82367 740.93286
451.41672 751.91443
445.81219 765.69147
441.69492 781.73804
431.78973 807.43311
417.00455 735.00275
410.66208 732.26147
405.35095 729.02161
374.73859 709.68805
291.75729 662.53650
471.12897 510.36810
458.90131 467.23193
445.46671 472.05865
423.11526 737.50464
289.79364 730.83173
478.66046 464.35333
420.06439 835.69269
501.06729 535.69177
482.51990 518.02838
503.61377 512.41644
447.21713 569.86572
500.98468 892.56439
502.51556 856.00690
458.78882 852.19128
367.47986 778.74921
396.15695 636.90076
391.41403 811.30792
342.84961 634.71881
373.61075 662.37238
321.49692 677.22241
449.14804 887.05652
431.66504 584.38086
348.52676 805.73627
378.30176 838.20190
347.33505 742.30896
270.50311 702.54700
318.62775 753.97418
264.84799 733.25946
353.56238 693.33136
452.24640 549.73053
443.08832 615.51086
427.83722 622.15027
452.89276 597.94531
439.81732 445.80231
402.52313 431.76791
370.73505 430.18213
344.56592 436.80231
327.21313 449.93359
319.44720 493.09369
252.47638 572.47058
336.85272 522.85352
358.86240 527.90973
388.52917 526.96582
416.53958 520.92944
438.27362 512.59790
452.78992 504.65070
261.21329 584.67822
428.20239 629.06232
463.69138 552.39209
458.89642 616.22162
473.65924 630.27698
460.48129 621.52203
435.10602 636.98566
477.37076 632.19873
481.06409 638.91663
451.47906 487.12531
463.47815 491.43134
470.60089 494.65930
351.05673 485.87149
332.98840 472.90750
522.29919 539.97198
680.37775 498.87683
524.49799 635.58075
792.56744 422.53699
613.68555 505.22726
635.75903 508.64233
658.95642 511.15149
693.96210 507.39188
595.67816 499.90118
647.84845 449.39029
623.18823 449.09558
672.12848 455.83423
688.89221 467.24695
716.58875 520.09546
605.55884 872.47052
690.96216 497.98621
805.61969 526.61365
748.15381 505.23846
638.38983 607.34717
548.85388 705.74890
544.63214 735.11951
584.11481 712.87695
606.50757 720.95422
572.45972 733.61487
593.76984 733.50134
643.19788 766.33075
517.53406 619.51489
520.48877 593.97314
724.64362 442.91074
583.60406 546.22565
588.34357 614.83215
591.21069 601.94434
716.62085 607.15424
521.34180 564.33215
661.36487 410.77066
697.05988 422.46030
762.62903 374.89584
559.54211 425.89566
602.25244 456.11026
665.74280 736.86377
793.42535 776.00848
569.64758 629.57965
547.10132 637.58917
632.51978 735.45850
625.53101 735.69006
711.93390 406.84607
592.62573 626.30371
616.77960 409.74738
620.21960 389.82700
656.01324 311.48932
739.43689 391.86987
637.72668 350.18253
743.69702 432.01324
769.01807 431.04102
547.28406 721.83398
578.33105 723.99396
600.24188 727.33679
563.95154 634.41803
628.95251 735.63983
616.48920 744.13855
621.78021 735.90039
550.98395 620.97198
588.99957 737.74115
567.70789 739.92090
542.04700 743.06842
544.34784 823.34412
549.52863 792.92432
547.63599 774.80566
545.05023 757.05084
541.88831 743.19379
588.70825 738.37347
595.09753 745.10773
601.67908 753.74091
607.02325 763.54950
629.26300 693.08295
819.67395 649.72583
604.39093 737.15302
610.31860 740.40649
538.76831 647.60803
585.45233 641.81976
542.65814 642.76886
611.24213 560.62823
653.46808 576.52979
598.06622 613.99072
719.24701 336.47610
697.54382 363.97531
670.57013 391.65295
617.58813 789.78247
565.19727 394.20459
578.78149 347.23535
591.11096 300.44272
680.40833 511.34308
744.54553 535.45667
584.36023 494.71228
716.39661 477.69794
564.65063 529.79803
567.12201 605.00330
779.78668 561.60498
724.54590 548.95410
690.65149 553.60791
642.89258 547.67456
608.99701 537.29291
584.72552 526.41150
529.65784 495.08252
779.38080 610.38434
738.91895 472.95581
510.32111 634.10107
582.84601 568.20770
820.94971 534.01746
566.27094 514.13440
602.48694 616.66876
703.70081 496.84509
569.91089 589.59222
812.33386 712.14801
587.61243 488.64255
544.89557 574.50745
729.14209 819.18311
729.05249 860.34644
809.84302 632.31458
764.09241 787.65027
787.89502 475.32831
610.33801 905.58984
509.30951 641.01324
607.46338 586.95032
774.08691 509.32178
654.25110 497.00244
634.69873 494.80347
622.13031 748.57074
780.21887 663.77820
558.85046 945.30865
646.20428 913.77698
685.04907 891.79236
617.58759 492.35974
601.85242 489.60309
592.05090 488.84741
761.99695 467.20355
606.52576 482.31519
624.82458 482.55670
642.26416 485.44812
660.87585 489.77423
674.07776 493.79858
810.72058 472.50519
668.78894 498.37354
599.37927 678.15277
567.96655 625.22919
542.86365 669.46497
689.79370 852.77063
651.91052 879.87970
559.23212 921.64703
763.30994 825.10071
593.73108 485.87119
544.76093 532.58655
605.29565 932.55804
804.77588 689.94275
567.68268 740.28033
573.62024 751.16235
578.60986 764.83362
582.41107 780.90118
585.28973 809.76624
610.58972 733.87427
616.63770 731.07538
622.07654 727.85413
653.82324 712.16882
744.15668 668.58185
546.40820 510.89044
567.02850 467.92682
582.85767 472.67847
604.72876 736.50549
751.97266 738.72125
541.49658 466.19366
595.81390 839.81354
526.10498 518.21149
563.54077 570.68597
549.59125 854.50293
661.61542 783.74713
623.99268 638.56293
631.76996 816.11865
682.41895 638.31152
650.15186 665.04333
708.89600 682.32098
555.87854 890.14856
583.14673 585.09534
681.38348 813.05591
644.25427 845.02563
684.80798 747.21375
776.49255 710.74097
716.89606 761.36371
791.58130 742.74292
676.03107 696.77509
562.86261 550.47852
558.55884 616.24225
579.66730 623.15967
544.38977 598.61261
583.76929 446.46674
619.79553 434.10938
652.30554 434.07684
681.07190 441.81256
703.14697 456.43903
722.35266 500.46417
810.60400 578.69080
700.96210 527.89819
673.99829 530.18384
640.92065 527.08960
611.52307 520.33588
589.84790 512.52649
574.88782 505.07452
821.63123 591.56415
581.41827 630.01593
542.75214 552.83521
537.40106 616.98944
524.64441 631.18872
538.82300 622.47131
575.68848 637.93152
518.92902 632.86646
518.09131 639.38977
577.37207 487.58301
563.24786 491.99658
552.45294 495.91229
683.29279 496.47565
701.53223 480.74017
390.51782 482.41196
413.32074 481.17194
389.24341 463.23553
367.60327 483.67706
391.74997 501.44537
638.97870 486.41211
658.26837 487.86520
639.23914 469.54236
620.05530 485.01855
638.74127 503.15723
