510.21170 731.48761
511.17694 659.88434
510.14105 682.58209
493.00214 565.49542
511.76215 631.92230
512.34241 594.04315
513.59711 500.08197
342.54175 489.52197
514.36938 427.60614
514.80414 390.34027
515.73059 258.04056
509.81311 741.44055
509.49179 751.73431
509.53195 758.51642
509.51648 762.52368
508.96045 772.32312
508.10059 784.07159
507.30603 797.08234
508.26556 834.97668
510.76547 673.06366
488.47003 670.76489
241.06247 373.74686
409.31967 513.44666
385.65530 515.55591
362.40866 513.99805
331.15201 497.67245
429.49283 508.27228
376.50049 432.28082
403.81329 438.04785
350.50604 435.90747
333.00333 447.11157
310.43561 512.28748
424.79141 870.55884
333.70959 481.46960
234.72540 492.01239
283.51886 489.97711
393.16138 625.19409
480.86615 724.47797
483.29691 749.64368
451.59030 731.70819
433.03888 740.05994
460.96356 749.35211
443.97064 750.71021
403.27051 785.53046
491.76270 658.72815
489.37720 631.57947
300.01614 415.18942
442.64105 558.67029
440.12585 646.89044
438.75409 631.25232
320.47510 617.35773
491.09814 596.34534
359.88843 391.22192
325.05737 396.10254
268.14661 326.67700
463.45947 435.41248
426.45471 452.35446
385.26886 760.59845
271.95880 741.11774
456.80145 662.97357
473.83673 670.66235
412.92328 753.62744
418.67865 753.89612
313.19470 374.77335
438.55402 657.35748
405.35953 404.31915
402.94812 379.55112
373.18509 267.07141
287.60956 355.73315
387.93100 320.26379
286.02692 399.99954
260.61536 393.43594
481.29651 738.14801
456.26056 741.25122
438.26007 745.56866
461.61084 667.32611
415.85336 753.76416
426.86371 759.45203
421.71100 754.08765
467.61075 656.67670
448.54990 754.11591
465.12781 754.43213
485.83405 756.27557
477.78577 833.29041
478.77194 793.49597
480.52045 780.45117
483.06500 769.00110
485.85370 760.05621
448.84784 755.96606
444.52118 759.98761
439.50571 765.75653
435.43976 773.13824
410.83728 721.68127
236.12897 608.07349
510.40424 677.85480
436.53033 755.04633
431.72906 756.93164
480.69086 680.47260
445.42352 671.84906
477.38007 675.65527
417.08493 573.47748
376.95874 589.42053
434.24182 642.21893
310.25864 289.79523
328.07693 329.88846
353.13327 366.54947
422.75287 804.03088
458.36050 398.26898
448.07034 321.08243
439.18008 257.89398
342.46741 508.38025
283.93610 529.27625
442.52896 503.03110
308.95078 457.42102
459.48465 541.40009
453.64661 638.53888
259.20258 546.29657
300.15811 549.51538
330.76770 561.05072
376.92114 559.14636
411.40891 549.91003
436.62097 539.20715
491.00882 506.03094
265.10696 603.27460
290.41339 450.54984
498.94827 671.87885
445.09119 586.66766
223.80731 486.54831
455.87524 526.96619
431.61185 642.40143
321.97171 480.79483
453.24399 619.45990
249.88202 673.57397
442.10703 494.03674
471.51492 604.84979
327.56726 806.51782
329.87250 834.72949
241.97882 606.93237
297.42645 770.39496
245.83279 438.79523
420.60272 894.72650
501.04138 676.61249
423.05896 605.44647
262.73041 492.63947
366.44751 498.73535
386.78174 500.24536
422.54980 762.93176
272.28336 657.09082
461.95682 930.10272
395.04449 894.27332
365.64407 869.85620
515.50995 324.31680
508.94794 935.61023
406.35718 498.48914
424.89478 495.58698
436.77371 494.91882
272.92175 441.61591
419.56696 473.17615
399.15216 463.67496
379.49619 461.26120
359.63751 465.02783
346.84467 471.72314
227.08051 424.11346
352.38959 494.74463
509.68958 703.07214
434.60809 709.24500
457.07446 659.36951
477.93039 703.57104
513.99536 463.79761
358.83545 841.71423
389.31995 868.12897
460.18219 913.90356
299.94849 795.03735
434.79080 485.96973
475.51868 550.83533
508.68710 918.15149
425.96655 915.35077
253.93491 666.30927
465.47827 757.50220
461.25162 764.29150
457.48587 773.27063
454.55737 784.97363
447.20676 820.95929
430.79550 752.24939
425.30161 749.82971
420.81982 747.05157
393.16803 739.17053
303.70306 673.45776
475.62024 521.74280
460.32339 475.18707
445.62946 476.73679
436.38495 754.23077
304.71680 735.21252
482.10278 476.27966
435.77838 845.10834
512.77911 562.03741
491.79346 537.26477
513.15973 532.20673
459.44211 594.39435
508.74786 893.26898
508.59616 862.33405
471.10635 860.17706
382.41718 795.76733
410.24734 662.28058
407.09366 823.76556
354.75842 654.33850
387.05911 687.03217
335.20251 695.37396
463.30472 890.16205
445.79596 608.89966
364.26544 814.21069
395.18216 843.28040
362.83978 763.16217
281.30219 702.02655
334.95728 765.15466
270.40009 720.58759
368.51132 718.61108
460.85547 568.44812
460.69366 651.83313
447.20404 656.65076
470.02774 634.00244
442.71680 449.58374
404.93393 426.13037
370.24182 417.89124
340.75168 421.64691
319.58649 434.38715
305.26260 485.35052
234.52957 549.00745
323.69519 525.06360
348.51514 534.14960
380.78308 535.32037
410.93576 530.23560
434.21600 522.83533
450.17200 515.67072
228.59814 546.57623
447.18262 662.66449
475.20648 577.17389
475.70227 654.48096
487.13641 667.12537
475.87497 658.63794
452.72885 669.70959
491.69266 669.89746
493.66626 674.79620
450.68317 495.66815
462.83127 502.37067
470.64984 507.86682
339.34082 477.05963
322.02792 461.29974
532.54895 566.21381
682.21698 492.73254
532.53021 671.61304
778.17432 384.92596
614.41882 511.47241
637.75616 514.60559
660.82800 515.34845
691.92944 503.19855
595.11871 505.87549
652.95679 436.91943
624.92804 438.59033
677.97040 444.01746
693.62427 456.73254
711.39050 520.13916
593.12231 873.45618
691.57538 486.25720
785.89758 503.69659
739.47241 501.40900
629.10120 630.30627
540.22083 727.97968
536.78436 752.69458
570.29962 738.96283
589.65735 749.26764
560.45233 755.38977
579.04913 758.72601
612.91943 790.50647
530.52454 659.46222
534.34515 632.38501
725.43140 437.85831
581.69434 561.23718
582.74951 649.51489
584.52167 633.88074
701.59595 625.71899
533.45734 597.05170
669.82703 407.48074
703.02429 417.61453
754.14398 337.34671
564.01648 430.85034
600.83728 450.16425
631.67468 766.75403
743.83191 752.33850
564.66827 664.99866
547.14777 672.17590
613.43274 764.58228
607.57660 764.37244
715.13623 400.23148
583.30713 660.06567
624.44971 409.49432
628.62579 386.85675
656.43646 273.94611
736.58313 365.43018
641.70178 326.18893
738.83002 424.39301
761.07922 403.87485
539.09619 741.42432
565.44171 747.86169
584.58466 754.10632
559.48688 669.17975
610.42603 764.48572
597.58209 768.71381
604.48175 764.26343
554.33740 658.24268
574.51770 761.64667
556.21808 760.02039
534.46875 759.11530
538.57080 834.64343
537.13849 796.37244
536.79102 783.25183
535.87885 771.72040
534.30542 762.73077
574.38086 763.11084
578.36127 767.20734
582.65082 773.24854
585.89233 780.59509
607.28650 726.15479
778.79163 620.15515
588.22162 763.66583
592.90631 765.87915
540.12238 681.77240
575.36401 674.54272
543.48175 677.16687
606.29010 577.07214
646.08093 595.11542
588.25214 645.13165
715.80066 299.15988
698.60876 338.32169
677.82495 385.56830
593.70471 807.79401
571.71747 394.41888
582.79553 324.26157
592.31860 261.77115
680.38550 512.00549
736.77283 538.87769
582.71570 500.44238
715.69263 470.56613
565.87646 543.22906
569.72388 640.73352
763.09192 557.12189
719.97180 557.90692
689.22174 567.37927
643.45898 562.96753
609.96594 551.68042
585.88989 539.81055
535.91718 506.82925
756.66217 614.22363
734.29565 466.32022
522.68787 672.30884
578.63007 589.17236
793.15002 498.26410
567.66150 526.31622
590.19214 645.52277
701.69965 488.48047
570.64996 621.61011
765.26202 685.23193
583.23096 490.79742
552.92151 606.34424
691.96179 814.98608
688.26062 842.94128
777.81403 618.81219
722.27722 780.58777
774.94751 449.83722
597.40430 897.72748
519.82452 677.00391
599.57019 609.01666
760.05505 505.25656
658.70105 498.71967
638.64856 498.39548
601.65613 772.43390
748.52026 668.06354
555.93219 931.65247
623.41876 898.44031
653.02289 875.74017
619.12512 495.62823
600.62970 492.50165
588.77246 492.05042
750.93927 459.02148
605.72961 467.57367
626.27142 457.84894
647.65723 456.97598
667.94592 463.49280
680.02631 472.93048
790.54462 435.60068
672.43506 496.38696
584.78986 712.49615
564.60736 661.41699
541.96527 704.95245
659.60999 848.06360
629.25732 872.84009
557.15332 915.43506
717.16357 804.99731
590.59924 481.83386
550.23584 552.19501
592.47827 918.05219
765.35919 678.10303
556.08740 762.58160
559.49268 769.44989
562.17023 778.56042
563.79108 790.17596
569.26709 823.45416
594.21497 761.52991
599.42749 759.65668
603.93109 757.36926
624.02008 744.73413
717.32904 682.97711
550.46234 523.15906
565.48096 471.57056
580.59045 473.31696
588.75781 763.02948
715.17450 744.92877
543.66705 472.83191
581.88959 847.87122
534.51208 537.98462
564.63403 596.53528
546.15356 861.50989
634.76184 801.42761
610.18665 666.31720
610.23529 827.91827
666.65973 661.36536
632.62250 692.43817
684.78809 703.35425
554.03650 891.66840
577.43384 611.39270
653.78918 820.31323
623.29535 847.82104
655.13654 770.17474
738.86475 712.85254
684.21472 773.34631
748.94128 732.08362
650.14001 725.14832
563.81915 570.41406
561.74146 653.70233
575.02014 659.02991
553.38910 635.58203
584.28400 446.82849
624.00177 429.55460
659.32812 427.39899
687.69403 434.78784
706.74829 449.30774
717.60944 495.28680
785.61963 560.86841
697.96503 531.30475
673.22229 537.97467
641.20032 536.74329
611.53381 529.89313
589.30035 521.87604
573.91986 514.06604
786.98535 558.57629
574.39465 665.00739
549.71643 578.58130
546.58087 655.77936
534.33374 668.06903
546.00592 660.02118
568.34039 671.87830
529.98676 670.62604
527.14667 675.38306
574.85089 492.53827
561.90448 499.72137
553.79663 505.77850
686.66956 480.30594
702.70062 471.25177
385.62177 480.16309
411.28452 480.00775
386.28479 454.07422
359.71326 480.09125
384.90854 506.02176
634.95685 476.12787
660.39148 476.87244
634.80920 450.45285
609.66833 475.21643
635.15955 501.90839
