535.86432 736.34692
517.57306 665.77399
517.50555 684.52234
496.54733 569.13391
517.51654 637.01886
517.31769 597.92096
516.79089 503.75104
343.70444 492.72464
516.48956 439.38605
516.54523 402.87891
516.64905 258.38281
535.17377 743.57562
533.75812 750.29950
532.38165 754.66046
531.87433 755.05713
531.99548 765.36163
531.23022 776.86737
529.79199 788.75781
519.08521 829.56799
517.61816 678.57135
490.94714 674.20074
242.93970 384.25574
414.30939 512.93292
389.01758 515.15375
364.66599 513.90454
332.34430 501.64838
436.13373 507.27194
374.20392 444.15820
403.52386 446.05038
347.75113 449.70490
330.91382 460.14850
310.35809 515.23694
426.88501 875.85779
334.18707 487.52975
232.76157 503.47186
280.56354 498.06253
387.32806 622.54010
497.62198 730.16663
498.15829 747.99432
459.98059 733.29193
433.03314 735.65393
466.82819 745.47339
441.46628 743.34003
396.06851 769.39819
496.13248 664.59106
493.74078 636.25256
293.12442 439.81970
443.15717 558.93323
434.20935 644.08923
433.58865 627.97394
308.79572 614.43530
495.14038 600.21344
353.07697 413.15985
317.29749 422.17279
266.99884 336.30737
466.03320 435.69846
429.29337 456.21271
372.77570 742.34772
259.90009 760.62982
451.85266 661.01031
472.76953 669.83533
395.23639 737.28491
402.16046 738.87811
303.22253 405.20694
431.34644 652.08582
402.24829 415.71832
397.26776 394.19272
371.07843 272.18018
287.13293 367.40634
387.97247 328.19955
278.19269 426.69669
261.26297 405.49860
497.35104 740.11847
463.32037 739.71826
437.10941 739.49939
456.93997 664.68658
398.83255 738.10162
415.27478 746.35315
405.66528 739.64044
466.46124 659.19635
444.88300 746.30273
470.13040 749.51825
499.50903 752.73767
483.29160 827.97827
491.88794 786.42316
493.90710 774.30273
496.55585 762.96033
499.11142 753.20276
444.62247 746.18811
439.94080 750.07294
434.65298 755.47900
430.21790 761.91107
401.41507 711.57037
233.33621 624.20190
517.51520 682.42444
425.83786 743.14612
420.59073 744.54535
481.74741 679.87952
438.54852 665.09302
477.42944 675.04193
415.70984 572.03229
372.43771 586.71179
427.92142 637.27563
308.01086 297.68350
327.52036 340.28287
344.07465 392.29431
419.13467 793.07300
457.19904 400.66919
448.70432 326.32578
438.09967 260.34171
344.31198 509.69745
282.26331 530.97852
450.34708 501.48215
305.81445 470.65668
461.34546 543.18500
451.66116 639.70422
253.82117 552.50885
300.15079 548.58270
332.53772 558.70618
380.92969 557.22858
417.29492 548.48608
444.09277 537.60529
493.62552 510.01099
253.93542 606.83234
285.58246 466.22467
503.94510 677.24670
443.31308 585.97296
226.58054 499.16510
463.79114 524.62903
425.17377 636.45306
322.23901 488.52582
451.33990 619.76270
242.40213 691.57104
450.07547 492.60187
473.39734 607.71240
313.21310 817.40216
319.24741 852.41504
233.52466 618.69836
278.55859 784.10425
246.23846 450.11945
423.26471 904.86877
506.43317 681.22510
419.15842 602.81677
259.29886 500.41760
367.88617 498.94971
388.99225 500.18329
410.50919 748.69678
254.84973 662.84143
469.79401 940.53064
394.97653 909.04285
360.59485 885.99060
516.77191 328.00821
520.06317 944.44885
410.21945 498.35379
430.60760 495.19781
443.81610 494.02570
267.76938 458.69403
425.32001 475.90594
402.96033 469.64905
381.43399 469.08917
360.35577 473.46524
347.24384 479.53439
230.90979 435.19073
353.68854 495.98041
518.10156 701.83728
429.04831 701.39276
452.67737 658.80927
479.97064 700.37494
516.55121 470.36786
352.07642 851.62006
387.22821 878.71149
467.49203 921.54712
286.83813 814.19751
442.07419 485.79260
477.74780 553.75653
519.14496 924.49915
429.98535 928.20258
240.37576 679.98297
469.75699 749.72809
465.27512 756.91913
461.29205 765.81122
458.28976 776.77203
447.30988 813.82117
420.63849 741.05090
416.04422 738.78015
412.27524 736.54425
380.15811 724.49536
284.35449 674.74207
478.21005 524.93018
466.86383 473.58588
452.09299 476.25299
425.75690 743.38641
283.59213 741.25726
487.60291 474.02692
436.62616 844.15173
517.13483 565.60193
495.03088 540.95532
516.93762 535.76733
459.15680 595.05066
519.13959 896.20117
519.13605 860.94421
477.02155 859.59747
377.15375 787.69855
403.99326 656.13110
405.45892 819.72351
342.21796 651.79956
378.21228 680.91827
318.42230 692.70648
470.04736 894.11340
442.76270 607.15027
358.37787 815.26501
393.44891 847.18384
351.94043 753.15076
260.86313 710.39172
319.75790 765.29700
253.38959 735.89331
355.14960 708.36707
461.49619 569.79578
459.03772 654.08240
441.61206 654.82263
471.65689 637.99945
446.06683 451.44733
403.15033 435.45862
365.65320 433.11288
335.29895 439.48676
314.83389 451.75476
304.01422 493.48108
230.30490 560.55731
324.71906 526.10278
350.66702 533.41193
384.47351 534.38385
416.46613 529.36621
441.53543 521.61078
458.35925 513.72522
229.10800 560.91376
440.87744 658.79993
477.46289 580.01672
477.50488 659.28839
489.87796 671.62885
476.64993 662.60718
446.57147 664.83435
495.37146 674.98285
497.48923 678.69196
458.91150 493.66632
470.96210 499.85492
478.02374 505.06161
339.84344 483.98087
320.55081 472.41495
537.65332 568.92145
684.38354 494.94208
543.89178 673.85858
787.60791 383.48666
621.17633 512.52142
643.64929 514.26007
666.12463 513.61755
696.64722 503.13788
601.78949 507.48413
655.82208 451.93445
629.61963 453.16467
680.26007 456.39941
695.81207 465.34937
719.25513 516.54333
611.68268 875.76123
693.85065 490.69470
799.22815 502.76245
747.37427 500.39468
647.06488 621.18683
571.46906 729.10840
566.17310 746.65314
601.28040 730.46228
621.25299 731.20349
592.19586 742.77661
612.36060 739.31885
644.86896 767.47412
538.94153 664.41534
541.11261 635.97546
729.25537 446.09015
590.12933 558.22333
600.37146 643.00403
600.77411 626.75824
724.60828 612.46796
539.44226 599.89423
670.32977 420.81433
704.50732 429.67047
762.97937 336.21851
565.76550 436.24133
606.63715 461.62042
668.55066 739.96185
778.98547 761.30920
582.94250 660.10260
562.10968 669.18164
652.18604 729.56171
645.33063 731.77087
717.89966 413.74072
603.14996 650.73389
625.19061 420.32904
628.76440 400.38812
662.32422 272.36642
742.90283 368.45407
644.78760 329.12161
744.97192 433.81506
769.04919 406.08493
569.54340 738.91827
597.06836 736.95978
617.22784 735.14166
577.64850 663.79132
648.62152 730.68323
633.27734 739.89648
641.67822 732.91455
568.45117 658.69995
607.85455 742.63184
587.24524 747.05756
562.42749 751.46582
555.01898 827.95764
564.66791 784.24976
565.18896 772.28308
564.16022 761.11163
561.78943 751.61572
607.19495 741.92908
611.98590 745.26868
616.39551 750.07281
619.32983 755.98077
637.40417 709.62354
801.89905 624.28241
623.02924 737.87634
628.42133 738.69891
553.75250 679.38812
596.26105 663.72949
557.75623 674.51947
617.28632 571.11536
660.91602 585.42737
606.57727 635.93469
723.44739 297.84167
703.10840 341.79678
678.47400 401.19104
621.32355 791.97198
572.29272 403.40417
585.12408 326.68848
596.04846 260.45010
685.21136 510.30591
746.79022 531.66534
588.95428 502.20923
720.17792 474.70300
572.12421 542.65540
582.93909 639.10028
777.90997 551.56464
730.18042 548.06458
699.33936 556.81958
652.48627 554.38947
618.41766 545.54492
593.00238 535.38916
539.84180 509.88358
778.99170 605.55170
740.34607 470.65012
531.22137 677.10425
590.44928 585.10992
806.65210 498.19479
573.63013 523.26337
609.37891 635.02252
706.07043 490.83652
582.98682 618.94293
794.77905 692.07538
589.19110 494.24579
560.97052 607.19849
726.51440 817.57202
721.50073 853.36963
800.34607 618.41406
760.29272 784.17236
785.06757 449.68759
615.18292 905.26099
528.56030 681.06036
614.52124 601.72766
769.32214 504.25052
661.75635 499.67795
643.01263 500.47055
637.17139 741.85602
779.98706 661.79535
569.73743 940.63257
644.97162 909.30780
680.10126 886.58362
624.74866 499.10730
606.98175 496.55560
595.15607 495.55341
758.74408 463.73001
610.48633 481.34619
630.37976 476.94608
649.49451 476.79803
668.38580 479.92889
680.51013 484.42868
801.01794 433.99512
674.62842 497.45306
608.77820 699.89587
582.09668 658.09381
557.21393 699.87701
687.07947 851.81970
652.00513 879.22760
570.24689 921.77411
753.11761 814.94861
596.00378 488.92389
556.13708 553.42249
609.73364 928.28430
795.28772 679.97412
586.66077 746.72327
591.05389 753.42224
593.71497 761.83606
594.78210 772.42419
592.03821 813.27942
629.13043 735.57648
633.63232 732.89923
637.37115 730.51306
660.20984 722.06244
751.05658 673.04309
555.22699 524.80267
570.34241 475.55420
585.91406 479.17499
623.44446 738.48303
754.34814 740.13629
546.93604 474.92770
602.49976 843.89050
538.86334 540.75403
574.77081 594.53949
561.15094 859.62738
662.65161 786.34894
631.21857 654.39105
634.25543 818.88220
693.00433 649.99994
658.70068 679.05963
718.08533 690.90167
567.68628 894.24701
591.25977 606.14001
680.93958 814.49878
646.28778 846.97241
687.87305 751.45032
775.82971 709.51868
719.31268 764.16785
783.96045 735.97961
683.85040 706.08655
572.29871 569.27710
575.80884 653.51831
593.10138 653.93793
562.99255 637.58807
588.79858 454.72272
627.25433 441.56879
661.24817 440.00610
689.76770 445.53961
709.70929 457.03574
724.01135 495.62173
802.01862 560.00598
705.60248 526.36426
681.08478 532.53546
649.01825 532.69977
619.26031 527.76715
596.23187 520.72711
580.19299 513.37408
804.72852 560.34509
593.64240 657.66504
556.60083 579.62286
557.33667 658.92542
545.26654 671.43048
558.32971 662.38568
588.12360 663.57880
539.78168 674.74561
537.33539 678.38031
580.71515 494.84854
567.43475 500.32721
558.66614 504.89471
688.00824 487.89984
706.11450 476.23615
385.55774 484.34351
413.02161 483.85101
385.32410 461.10379
357.89227 484.65704
385.72565 507.40170
647.22144 487.47443
670.74896 487.77930
648.02014 467.20941
624.09564 487.02118
646.57605 507.49878
