518.41248 690.79626
512.22864 600.95520
511.20520 632.57349
493.22092 528.37152
512.70563 575.83203
513.12976 546.87311
513.86200 483.02072
347.10599 490.60986
513.80530 440.03809
514.00500 411.12396
515.98077 303.61194
518.20947 700.96747
517.77185 712.78204
517.37061 721.65198
516.79114 724.86823
517.28510 732.64502
517.31989 743.00464
517.10376 756.03442
509.96198 787.41467
511.94714 615.97803
488.93243 618.07013
266.26642 423.91135
410.83960 506.22754
388.65637 509.22253
367.05139 509.64539
337.46942 499.79663
429.85367 500.45615
376.96860 445.78494
402.82764 447.16370
352.83224 450.95856
337.12024 460.86804
319.00897 516.09888
416.18063 840.43933
338.60626 485.57465
251.05630 523.12268
292.27103 503.90018
393.97095 599.44238
488.57019 686.25110
491.30481 713.24719
456.02145 700.07629
434.64813 715.45844
467.15564 718.21265
447.65167 725.69458
400.57947 755.21033
491.93201 600.61053
489.40292 576.73608
306.86646 447.98303
442.67291 540.11877
434.33099 601.94403
433.04211 590.92456
324.67728 602.90100
491.30545 549.97998
361.39008 417.77002
329.20862 428.96423
289.79596 377.45261
463.07712 429.71408
425.20367 455.46313
381.84070 733.97247
265.14911 759.11377
452.32983 615.50018
472.22461 622.79730
413.11154 741.62604
419.55508 740.14899
316.90747 417.43512
433.07086 614.74579
404.87607 416.22540
400.70984 398.90668
384.36469 315.83252
304.75488 393.50824
397.22113 354.24963
292.81467 440.77225
280.16302 431.15091
489.29550 700.36334
461.64285 709.54352
440.97882 720.51947
458.17685 620.56909
416.49106 740.91309
428.86273 740.61548
422.85245 739.30035
464.87958 603.94629
452.35175 728.83905
471.23773 723.88226
493.43216 721.57434
479.07904 786.48102
488.24896 754.74567
489.49585 741.87823
491.03091 731.79602
493.09976 724.72577
451.78687 730.54486
448.07718 734.55432
443.36716 740.25354
439.27914 747.47461
409.18350 685.17480
244.75574 641.70715
511.57388 623.96118
437.42755 734.82666
433.68182 737.41016
479.64050 632.60815
441.88934 630.89337
476.10245 627.82062
417.45737 555.40295
379.52295 572.12585
428.93228 603.60516
327.41937 340.33017
342.15155 366.82175
353.41882 402.04889
421.06580 767.96350
455.28482 400.67413
452.80170 351.55383
445.14340 305.04214
348.31473 506.94226
294.76312 533.69647
442.58557 494.59888
315.15460 473.87143
459.98154 523.38153
450.18295 590.07764
268.20605 556.96039
311.41058 547.29681
342.21423 552.95825
386.31976 546.60870
418.11642 535.65503
442.23553 523.83124
491.38553 489.41901
270.32742 605.27405
297.37842 473.63831
499.63651 615.06189
443.09442 560.36047
245.04932 532.87274
460.42416 510.64734
427.40588 607.93207
328.16287 487.56726
449.55652 576.97583
250.63455 699.80774
442.41779 487.27551
470.41238 560.65729
310.36099 798.63190
311.11789 835.74939
247.57898 623.94366
284.14886 768.81464
265.43793 473.89368
407.74210 871.89673
501.87027 622.98169
421.76242 579.89185
272.83267 510.12631
368.75259 496.03235
387.57025 496.39719
424.15674 744.77411
272.81964 655.35681
453.30774 910.34607
376.34842 883.91321
344.90442 864.72131
514.98303 353.06848
508.19373 914.52148
406.16437 494.28476
423.74658 491.01782
435.96091 489.19165
280.42307 471.76685
421.33447 473.63885
401.77689 468.43524
382.53482 467.63342
363.13470 471.31555
351.08765 476.92621
252.71393 472.87720
356.06464 493.64676
510.97549 653.33972
432.10361 667.58582
452.27939 610.18860
477.80762 654.94745
513.79486 462.97089
340.66083 828.76318
372.13953 851.50909
453.31873 885.11285
286.51675 803.75433
435.67871 481.62115
475.55685 523.49847
508.40857 889.11969
411.32449 899.35278
253.13278 677.81860
470.80606 726.45728
467.22913 732.26819
464.04733 740.49585
461.74890 751.61444
446.85278 778.75208
431.71133 733.42004
425.50150 731.66595
419.91693 729.27374
391.26532 707.96326
303.81097 660.08319
476.28928 504.53149
460.93604 467.85187
445.38641 472.20630
437.68140 734.15802
296.97400 725.17029
483.28064 464.55121
430.92764 809.80426
513.44550 524.22113
492.06219 509.14227
513.70404 503.54553
457.52261 560.14673
508.81329 856.78290
509.31454 820.08044
469.42612 818.77600
374.94513 770.10077
408.03320 629.60919
400.34781 794.33899
355.85870 629.67841
385.93073 655.87714
333.44916 673.43274
459.04324 853.70789
441.92416 575.93719
351.47903 794.18835
383.11826 819.98901
356.17200 739.72070
276.78815 698.88611
324.90179 748.04871
263.23816 726.77368
366.00104 691.49146
459.96024 541.64496
457.56467 599.61359
441.73120 608.95673
468.71317 581.93634
442.25116 448.40814
404.19183 435.95749
370.91144 434.95300
343.31177 441.84161
324.12830 454.74329
313.06903 495.52759
245.84286 572.73132
332.01202 524.05457
356.16171 528.59766
386.55627 526.53253
414.92130 519.93396
437.25925 511.67432
452.96994 503.60364
244.02225 587.75665
442.10587 617.10455
474.90823 541.45093
474.82996 598.51508
487.76776 612.56366
475.02994 604.32983
449.03925 625.54626
492.15231 613.85730
494.21558 621.51996
450.92853 487.04535
464.96561 490.46747
473.73160 492.44794
344.17517 481.44632
327.36078 472.81851
533.48224 528.99268
679.62335 499.78088
534.16559 618.89484
758.01410 433.72348
613.85553 509.48120
635.31958 513.55273
656.74121 516.17035
688.43738 509.03101
595.64807 504.11401
652.13635 452.87103
626.14240 453.32300
675.80090 459.07693
690.76562 470.03601
704.34875 525.19617
601.04736 843.59503
689.46100 495.16641
770.55872 533.23901
731.16187 513.86243
629.09711 603.62659
547.02008 687.59821
543.05017 714.47803
576.54541 702.84576
594.45520 718.83740
564.64319 720.57538
581.31897 728.60614
618.70013 758.88159
532.49274 601.41833
535.70880 577.54175
718.38550 456.95053
582.70978 542.32800
588.86078 604.70300
590.44458 593.54944
697.47491 609.53333
534.75690 550.66443
665.07397 426.99664
696.83588 437.88367
736.05109 386.63901
564.04065 438.14893
603.41492 461.30118
637.51294 738.35315
751.05310 767.46307
570.37189 617.74548
550.32635 624.50140
611.56909 745.30627
605.15674 743.53192
708.93750 425.91888
589.34210 617.66431
622.11780 425.68137
626.25391 408.43454
645.23889 321.44199
720.59668 401.62018
630.88666 359.27698
732.40973 449.47058
743.90063 440.12799
545.81036 701.65045
570.70758 712.08472
588.23254 723.57996
564.10486 622.61035
608.38354 744.45758
597.49841 744.02661
602.01819 742.55286
558.69183 605.73535
575.92596 731.49976
559.59790 726.10211
539.76428 722.79199
540.72644 787.50751
544.18585 756.24036
543.27527 743.22900
541.67950 733.03839
539.14380 725.82013
575.65717 733.14703
580.01233 737.44415
584.75647 743.51318
588.82611 751.10370
611.35168 688.61206
772.91669 652.13269
588.38812 737.72211
592.57715 740.54938
542.69812 634.05127
579.78894 633.57990
546.33240 629.44037
606.90900 558.58228
644.16028 576.84424
594.02106 606.55182
700.47601 348.19437
684.44611 373.91830
672.97473 411.07922
598.30878 770.85608
572.50513 409.76752
576.39233 354.17145
585.95874 308.09244
676.21240 515.32074
727.59534 543.07874
583.67627 498.98761
710.22699 483.76590
566.30023 524.98926
573.74756 592.26843
753.59192 566.11359
709.37878 555.53290
678.83374 559.62537
635.81445 551.61511
605.22406 539.73944
582.51611 528.19800
536.10345 490.13934
750.72577 614.12164
726.75067 483.53284
524.12067 615.60590
581.39801 562.57886
775.63306 543.36786
565.09125 515.51172
595.29950 610.93988
698.47449 497.53540
574.78156 579.03210
766.03448 709.45776
585.27832 492.14877
554.92682 562.03870
706.79633 805.21246
704.88269 841.97260
771.94226 633.67682
733.31580 776.18658
757.37048 483.39902
608.41919 875.45581
521.26910 623.37518
601.82446 582.99152
751.93170 520.59143
655.99512 502.51022
637.25562 500.64880
602.03363 748.46722
747.55151 663.78241
562.66016 912.38293
639.41174 888.10449
671.16272 869.89423
619.43079 497.43237
602.35272 494.29193
590.77832 493.38831
743.62402 481.27505
608.75061 478.68863
628.78314 473.00586
648.04846 472.72076
666.85168 477.62988
678.31378 484.77548
769.70593 483.08502
669.45465 501.91425
589.01569 670.32928
570.71893 612.46692
544.07141 656.29004
675.98810 834.49445
643.97736 856.15527
563.26599 887.13660
729.53333 810.72821
592.94531 486.96838
550.93176 524.65875
604.33307 902.65198
765.26770 686.96088
559.06824 728.53851
563.27753 734.62048
566.48065 743.05804
569.03601 754.49738
572.53815 780.68591
594.84503 736.55469
601.10626 735.08270
606.71887 732.91437
628.65698 711.99963
716.91064 667.30426
550.66510 505.76663
566.77271 473.71313
582.65820 477.76547
588.69446 737.08435
722.08990 732.26422
542.76886 470.48947
587.15021 812.26379
535.01593 509.80682
567.30914 561.97314
548.99890 820.06982
643.48480 774.74225
613.88873 633.23358
617.84039 797.88525
666.14069 635.10870
635.45294 660.30359
687.32483 679.63190
558.35730 855.54340
582.08698 578.17908
666.37921 799.57013
634.12329 824.20605
662.86438 745.15027
742.72961 706.88300
693.82953 754.26746
754.61353 735.17920
654.48413 696.59619
565.50977 543.34564
566.16022 601.56415
581.23682 611.54260
555.94159 583.49701
585.93616 455.67725
623.47754 444.05908
656.45056 443.54578
683.35303 450.90814
701.91467 464.25714
711.77393 505.63037
774.52130 582.80579
690.82324 532.49969
666.19507 535.39136
636.37408 531.31689
609.07971 523.54590
588.07800 515.59589
573.28986 507.95514
774.99969 598.25146
580.26404 619.71014
551.08911 542.63495
549.36163 599.94476
535.77148 613.57019
548.85510 605.83917
572.86963 627.84979
531.50269 614.68683
528.77490 622.16187
576.41498 492.05499
562.03864 495.30768
552.22162 497.82303
684.71271 490.44321
699.38245 482.76764
380.65607 480.78622
403.26920 479.45233
379.31097 462.65878
357.81720 482.15210
381.90692 498.81879
647.57837 485.37668
669.32666 487.22107
649.14972 467.31476
625.93884 483.63422
646.00964 503.52759
