520.39319 731.50732
522.14764 615.55756
520.94891 652.11163
499.09894 540.17572
521.92603 589.02643
521.03986 558.87830
517.79449 490.21964
344.53925 502.03851
516.22296 437.79269
515.68695 405.90268
512.78796 300.19147
520.43744 737.73041
520.25897 742.60614
520.11426 745.54346
520.60468 745.64966
521.04620 752.52509
521.25751 760.69324
521.41754 770.60168
523.15033 811.59131
521.85077 632.28918
499.76321 636.55096
229.99396 437.29248
411.05472 518.96130
387.58533 522.63641
364.15140 523.12640
331.90823 512.55511
430.89905 511.33783
377.57788 453.61349
403.50729 454.45523
352.28970 459.22632
335.03680 469.74658
308.94043 531.30139
426.45859 867.84644
334.94769 497.00385
217.12735 544.88422
275.82129 518.06921
392.60150 621.44128
489.86292 727.03601
492.01910 741.26855
461.22076 732.27100
438.96658 736.90576
466.89917 741.41168
445.34576 742.00238
406.03561 778.53851
501.56665 615.98511
498.13400 590.99902
297.07697 451.49228
443.16293 556.31238
444.16638 622.63013
441.83356 611.27704
312.26794 627.13745
498.69986 563.00214
362.42694 416.89575
325.15216 429.62006
260.92145 385.79669
471.46182 431.76514
425.99921 462.53625
384.99573 757.13605
239.07422 801.21198
463.40033 636.42896
483.19763 643.67889
406.43158 741.89929
411.85593 742.32178
309.01392 416.09683
443.06964 636.80505
410.63800 415.62378
406.41867 396.31171
369.93201 316.51474
283.51697 401.06476
387.11780 354.41980
278.31250 443.71255
252.89352 443.50345
490.56290 735.48132
463.92471 737.25281
441.96722 739.50922
469.27075 641.96838
409.16986 742.08234
423.97128 746.77258
415.10165 742.60107
475.37247 621.96112
448.30389 743.95599
469.66299 744.09442
493.66092 744.71716
490.37793 811.83521
491.38440 769.63617
491.60126 759.39191
492.33575 751.58032
493.94211 744.87897
448.19855 743.96301
444.76752 746.68030
441.22015 751.09570
438.61551 757.00226
414.63989 710.29236
207.30606 675.05542
521.33624 641.75391
431.76782 743.54327
428.02209 744.81250
490.24756 653.93530
451.41281 653.92273
486.98590 648.89062
416.09839 573.81677
373.83411 592.47467
437.61365 625.23126
305.88580 344.32193
326.50519 370.38568
352.67868 398.87244
428.13580 792.67004
464.77039 400.09866
447.14243 350.32812
436.21960 303.69781
343.78586 520.25342
281.10699 551.92407
443.89688 504.02319
306.91486 483.02643
461.18555 537.15137
459.31998 607.89941
243.20218 580.45435
302.21149 566.10736
337.04700 571.56427
384.36853 563.81738
417.95767 551.11707
443.49542 537.39221
494.21234 497.97498
246.73892 632.74005
283.79309 482.70953
509.90964 631.80823
446.54669 578.09552
203.29813 556.06885
463.54373 522.46838
434.79242 630.17651
322.20673 498.67792
457.83685 594.48590
217.11081 738.17523
441.98898 496.30695
477.90393 575.51086
304.30499 834.91125
302.89001 875.66028
215.58511 655.37823
269.69427 807.27582
234.00049 490.87823
418.51862 899.72742
512.24561 641.06934
424.10950 599.96344
248.98691 526.44415
368.16888 507.76648
388.02917 508.31946
420.48825 749.74121
251.05313 686.53564
468.01730 936.16406
382.99915 916.01630
345.62567 900.45050
514.10791 350.34396
525.16083 938.14709
407.06866 505.77106
424.69086 501.16339
436.20441 498.41919
260.38794 481.50397
420.60150 483.66333
400.26501 479.75964
381.52017 479.92328
362.13275 483.92004
349.38910 489.18359
211.98877 490.90918
354.58752 505.13251
521.16003 675.91125
439.98682 692.62262
463.34766 630.33490
487.96503 678.92871
516.71179 466.31256
341.88507 862.46008
378.62421 882.09497
467.52484 910.84558
269.26395 846.22791
435.36121 490.84546
479.35175 536.07324
525.05579 911.80542
422.58786 927.85925
224.00119 713.68231
469.65131 744.18390
466.32578 749.16125
464.34390 755.78107
463.25311 764.85999
456.06772 803.92657
427.39151 742.28766
423.62286 741.01495
420.82214 739.69495
394.85712 732.24231
289.49030 689.23297
478.26028 515.50537
464.31741 474.79993
446.65512 479.93851
431.88293 743.59064
284.88239 758.72083
489.93661 470.92432
440.78366 836.39978
519.99963 535.00305
496.35095 519.67291
518.92395 512.92126
463.47198 576.48267
524.83569 879.32648
523.98596 843.23950
482.08188 844.03552
378.55896 797.20081
412.60370 653.63171
407.08441 821.26746
350.09430 654.36389
386.83670 681.03973
326.48193 700.94794
472.64529 879.30170
448.27054 594.81335
353.57544 824.59045
389.70331 848.45673
356.64636 766.55621
258.05231 732.83020
320.50458 779.18787
239.80911 765.32129
365.27423 717.22235
463.67645 556.76343
467.53760 617.53503
452.41986 629.58826
477.54950 597.51428
446.23621 453.31250
407.30017 440.11929
372.93958 439.09686
342.56235 446.61298
319.91193 461.06744
302.29822 507.07770
212.29416 599.36908
324.70428 539.63837
351.02936 544.44696
384.17764 541.82031
414.38406 533.99634
437.90808 523.97760
454.75055 514.58923
204.21802 616.08173
452.85199 638.69366
480.44736 555.15326
484.65222 614.74811
498.38013 629.98108
485.37872 621.50195
459.47546 647.78339
502.69516 631.00909
504.93332 639.97058
452.23749 495.69348
467.78598 499.83386
478.37283 502.06427
341.67914 493.26526
322.71619 482.54456
540.52222 539.60516
688.35870 494.26486
541.35962 636.11389
783.61755 432.55145
618.65582 512.71484
642.38696 515.91852
665.80902 516.58435
698.92078 504.36368
598.68115 505.99817
659.45654 446.67975
631.52618 448.11688
685.19226 451.62512
701.31653 461.60748
719.33295 523.13062
620.24731 864.23352
698.38354 488.24493
801.40247 538.09753
750.84277 507.73016
642.02325 618.43604
550.48511 725.93756
547.81464 740.50781
578.03387 730.03552
598.61560 734.56616
571.70312 739.91187
591.64758 740.15845
635.04181 775.09357
542.17590 615.64917
545.04883 590.43488
740.18091 444.35059
590.05646 554.59967
594.01740 621.08765
595.48383 609.46136
719.36273 622.16302
542.91785 562.39185
681.15295 414.29071
716.14294 425.01767
755.76074 381.94284
569.61505 432.44708
607.04010 457.20563
654.50916 753.31165
783.22656 793.01111
574.78027 635.56909
556.09967 643.13806
628.62561 740.66681
623.52063 740.84216
732.42493 410.30164
594.11951 635.11792
633.37354 414.72876
639.34174 395.45471
652.38794 314.55923
738.77606 395.98199
639.13000 352.03378
757.56384 435.06085
766.67883 437.54742
549.54181 734.57428
574.91010 735.54688
595.36548 737.43066
568.69403 641.08826
626.00073 740.73865
612.18835 745.28693
620.30273 741.05994
564.78308 621.61597
588.27637 742.17133
568.39587 742.70599
545.86859 743.96613
555.64203 810.89172
550.60620 769.07855
549.74664 758.72931
548.57776 750.86969
546.35730 744.20300
588.74353 742.21375
592.81818 745.15912
596.60376 749.63171
599.66162 755.64471
624.74817 707.46625
805.90918 667.61206
603.82611 741.81360
608.07465 743.22070
549.98401 653.50616
585.35950 652.32281
552.83636 648.44647
616.47485 571.57617
658.77966 589.32147
599.21600 623.25604
714.24841 341.38129
698.33545 366.53351
692.01587 395.92770
614.81854 789.59454
580.02588 400.47659
579.98920 349.16138
587.78503 302.69073
686.25726 513.09149
745.75476 542.90222
585.48804 499.49500
726.38916 474.35535
572.70734 535.76422
580.31476 606.79639
781.22095 573.85553
725.05347 559.83130
690.57361 567.54352
643.32013 560.67291
610.13031 547.99036
585.44141 535.05719
540.85876 497.36536
779.53638 625.75128
747.42535 473.55600
533.44031 631.58398
587.88269 576.42871
808.22974 550.01239
566.93097 520.93121
600.85419 628.16663
710.09808 489.92111
580.66235 593.13330
799.37842 730.25690
586.80090 491.10016
562.38446 574.44135
732.96246 826.98663
731.69775 867.38977
805.39600 646.77551
763.16675 798.71411
784.34741 484.77698
628.29321 895.53156
530.14056 640.85870
610.10577 597.73230
773.74493 514.07898
663.93304 500.68994
643.69147 501.31641
615.76953 748.36462
776.85779 679.03467
581.43036 934.19354
660.73865 910.20074
694.44543 893.25616
624.12610 498.94324
605.55920 494.88385
593.08459 492.99219
767.19330 469.95697
610.58929 477.11313
631.86969 472.06207
652.48804 471.53992
672.68298 475.05896
685.06879 480.27249
800.03827 485.60547
678.05798 497.79553
599.55054 690.69110
575.28925 629.64032
553.81598 678.32532
698.94202 855.59180
664.80127 876.14478
581.98499 908.76263
759.57043 837.77539
594.54254 485.29843
557.32538 535.04205
624.46167 923.88672
799.02393 704.69031
569.07568 742.87927
573.00348 747.87140
575.38318 754.53210
577.35126 763.69250
588.60754 801.64771
608.61542 740.44513
612.30133 739.14062
615.17267 737.79065
644.49731 728.72931
742.47137 682.91229
556.20020 514.56482
568.92249 471.83234
584.45728 475.48907
603.92773 741.84088
748.85425 751.31128
545.50458 470.88818
604.84570 833.30029
541.00537 519.03296
573.60760 575.32971
565.44257 842.58636
662.40192 792.68402
623.12268 650.79932
636.18591 817.17041
684.59332 649.98798
649.93561 677.53870
708.79871 695.57837
576.51605 877.60065
587.42322 593.20331
687.59875 818.80017
653.95520 843.43176
682.45367 761.74249
772.18433 725.07526
717.02600 772.70874
787.48267 756.48907
672.49817 712.96356
571.88068 555.51111
572.60065 616.91162
586.19141 628.46747
563.94611 596.71576
589.82355 450.15286
631.28314 435.92865
667.40234 434.44916
697.06897 441.18750
717.26587 453.98163
727.68237 498.73785
807.21991 591.58344
703.76013 533.07178
677.25586 539.12628
644.31598 536.69348
614.30090 528.95996
591.11090 519.78180
575.07172 511.06519
807.51709 609.20453
584.92065 637.41254
558.15369 554.12976
557.42969 614.26526
543.57892 629.64191
556.01593 621.19177
577.96570 646.40930
540.12518 630.72626
536.76331 639.56384
577.49426 491.47342
563.19482 496.92435
553.64825 501.17139
692.43793 484.52759
711.35199 473.89508
385.28894 490.37628
410.69937 488.90869
383.53595 469.37677
359.51865 491.80280
386.87036 511.23831
645.84479 483.87256
671.52515 485.00220
647.19672 463.26001
620.47162 482.67828
644.79004 504.75500
