514.09729 726.59186
519.90399 648.43829
517.97406 673.31189
498.04773 559.88269
520.08850 620.72400
519.49268 585.02869
517.04962 500.59106
344.89206 492.42920
516.01343 436.75385
515.82599 401.49905
514.40729 278.32816
514.44501 734.51947
514.81305 742.08917
515.31097 746.91382
515.05371 746.87415
515.16949 756.26874
515.23914 767.65576
515.43860 780.28967
516.94653 814.66858
519.40448 662.33191
494.86499 661.02673
246.03680 402.72177
411.03860 512.42145
387.18671 515.45160
364.15540 514.84650
334.07266 502.82181
431.43423 505.51453
372.43103 442.28879
400.46078 444.08350
346.88977 447.62299
330.90408 458.13828
312.94415 519.38995
427.77216 862.83923
336.19934 486.92828
237.69354 515.35327
283.88754 502.39697
392.98889 623.97595
483.23737 722.26093
487.32297 741.64227
454.63486 729.88019
435.35129 737.97375
464.18457 742.99792
445.62338 745.51556
404.63327 776.21436
499.08783 647.72986
496.31030 620.85370
292.94089 437.26691
443.50491 559.85516
439.77618 638.84106
438.11826 624.45660
318.36206 620.89038
497.28976 587.88605
350.50851 408.51410
315.78052 418.19495
269.12384 353.90482
461.39450 430.02512
425.04831 453.86212
384.22009 753.42926
267.39777 761.24493
457.89981 654.13971
477.84668 661.56647
412.17288 751.01959
417.75800 750.79590
301.35254 401.17761
437.97504 649.54932
398.46973 410.77567
393.06772 389.03955
371.84430 290.13232
287.68842 376.66772
387.03464 336.86554
277.93866 425.68311
263.19989 416.32037
484.73059 733.11285
459.39716 737.06451
440.25015 741.91003
463.40820 658.38550
414.98917 750.92230
426.98138 754.51239
421.03241 750.66443
470.86542 646.89185
450.03662 748.04114
468.27612 746.78552
490.13062 746.60541
485.12515 814.44769
485.67673 779.38580
486.37466 766.47742
487.81821 755.30402
489.99902 746.56036
449.61462 748.07556
445.41635 752.22803
440.94586 758.20953
437.49246 765.50854
411.74661 713.60461
238.04507 634.67285
518.72455 667.95660
436.11685 749.36127
431.56714 751.62622
485.86578 671.38147
446.40826 664.05219
482.05771 666.62061
416.83136 575.00922
376.28903 591.51971
433.36511 635.70020
309.37250 315.02020
326.96872 348.62845
341.08566 387.51880
425.97086 791.70740
452.00879 394.94189
447.54330 336.13705
438.02518 279.54111
345.21429 510.96191
287.58539 538.07312
444.81757 498.72156
306.66656 469.82507
461.22455 542.51349
455.78278 629.84631
259.26978 561.18921
304.50989 556.35864
335.77014 565.66510
382.36972 560.85645
416.61487 549.14813
442.09058 536.14465
493.82968 506.99075
263.22534 614.74261
286.65576 467.09595
506.60596 661.19159
445.67719 585.02356
230.14203 516.65002
461.00360 521.52490
431.01328 637.21857
323.78387 488.39697
454.79144 612.47571
248.56552 697.70837
444.97937 489.44739
475.79657 597.32593
321.03436 812.30566
325.47427 844.22217
241.48950 625.89917
289.18774 780.58716
249.93478 462.29715
423.60632 888.78613
508.72528 666.89014
422.84430 603.97681
263.17358 507.67999
366.62531 498.76031
386.15210 499.90695
423.11139 758.18610
267.88898 667.56036
468.55762 920.79291
396.33472 894.49487
364.06622 874.50513
515.00140 338.45773
517.71710 923.74182
406.12878 497.62665
425.34393 493.47864
438.25964 491.43237
268.93640 462.11697
422.00366 473.47644
400.92755 467.93005
380.49316 467.63562
360.55914 472.18530
348.53659 478.31506
234.68600 453.97589
353.79221 495.77527
517.66016 692.72650
437.19772 700.01508
458.34924 650.29877
483.73471 693.12427
516.17950 469.32684
355.82477 843.68414
388.95938 866.93652
466.61084 903.10962
294.27307 809.64026
437.62854 482.61450
478.62076 548.50726
517.92511 904.99213
429.95032 910.49951
250.63547 683.34729
467.99976 746.75836
464.01785 753.65808
461.08307 762.62952
459.18814 774.08368
452.51849 805.03143
430.84698 748.09320
425.64813 746.62207
421.56555 744.77789
392.31912 731.67249
298.70105 678.24841
478.08350 522.80029
462.13007 469.80841
447.05219 473.17865
436.49023 749.38049
297.28702 741.38770
483.57983 468.96765
439.38568 834.48553
518.71545 555.87531
495.77460 534.53357
517.89972 529.00800
461.48492 589.98096
517.75256 878.83551
517.33453 845.48608
477.37473 845.36279
382.43082 790.77527
410.32733 657.64655
409.24030 816.71924
352.48065 653.56830
386.26797 682.65100
330.70618 695.41144
469.41861 877.85437
445.99982 604.81207
362.44388 812.72955
395.76382 839.54932
360.52057 759.79102
274.75269 712.06073
329.86804 766.29840
264.09445 735.33362
365.70172 714.46191
462.82855 566.48041
463.50085 642.23157
447.49542 647.88428
474.78714 624.47607
441.65302 447.85468
400.07224 432.27728
363.69455 429.96915
334.13815 436.34787
314.68921 449.15924
306.10284 495.11703
236.02026 570.22681
326.64703 530.23053
351.39157 537.05713
383.84106 536.33832
414.33566 529.45215
438.12552 520.11310
454.44604 511.09198
232.72708 575.42511
447.36801 654.12579
479.16867 572.25244
481.14520 644.05084
493.59482 656.98816
480.82663 648.55511
453.91656 661.22412
498.60507 659.38568
500.65790 664.98895
453.42834 490.27887
466.71033 496.23773
474.58755 500.77930
341.71344 482.97382
321.37372 470.92096
538.74933 559.95312
685.51819 492.62122
541.49231 661.33270
763.04730 406.10889
619.95905 511.86963
642.19196 514.48535
664.13068 515.05261
695.01672 502.61786
600.83691 506.68042
653.41650 442.06522
626.64081 444.85480
678.45135 446.55078
694.62024 457.10995
712.22394 520.24921
605.45844 862.54993
694.41968 486.29700
775.77618 518.81866
736.93390 503.22015
636.33112 624.97247
545.81281 720.72845
543.84619 740.15436
578.18018 726.40344
600.52203 732.92310
569.75964 739.81030
591.13428 740.68231
625.74432 776.99945
540.13654 647.95392
543.00146 620.97614
723.05573 439.13385
586.34637 560.29156
594.05151 639.18109
594.83234 624.70508
707.54224 622.61572
541.14606 587.94366
668.06287 410.58069
700.66699 420.06952
742.77728 357.79456
565.61414 430.52673
604.06653 455.72144
645.66229 754.65845
751.49426 761.87750
575.96667 654.53821
556.78949 662.01288
629.60632 742.60956
623.49542 742.75238
711.70911 404.76459
595.01459 649.90814
624.22736 412.15442
627.55664 391.85339
651.56854 293.47290
729.21460 380.62280
638.72717 340.41382
735.36816 428.84839
751.36786 419.82257
545.40710 731.58704
573.96252 733.78778
595.99182 736.90668
570.27869 658.76569
626.48291 742.69104
612.26520 747.78058
620.15826 742.89728
565.03619 647.41669
587.18945 743.19739
566.03680 743.64893
542.06073 745.15582
547.95007 814.58801
545.92670 778.11487
544.79913 765.15375
543.36298 753.89093
541.46472 745.14856
586.71307 743.37292
590.85822 747.45905
595.26410 753.35925
598.85150 760.72766
619.26233 714.49939
773.99695 636.98901
602.83411 743.28271
607.43103 745.20215
549.33124 671.78070
586.22260 664.53632
552.86456 667.08759
611.87537 575.71765
651.58258 592.75830
598.96582 636.10516
708.09985 319.10217
693.67310 353.04697
675.13916 391.28101
605.35083 792.09155
572.37964 396.94791
581.05225 338.02789
589.13110 281.38379
683.52954 511.49014
735.43628 538.89825
588.00317 501.15427
715.90656 470.03238
569.62634 542.80804
579.74084 630.31641
760.40411 563.90802
720.24585 556.91510
690.62390 565.90643
646.33148 560.38605
613.95294 548.85089
589.64404 536.93921
539.35327 507.26660
758.55420 617.15967
732.03052 468.39825
531.64758 661.36456
585.00592 585.32916
778.29480 519.67163
571.16089 523.09497
600.36407 637.66248
704.33276 487.60538
579.77332 612.74066
766.59485 699.14813
588.23334 492.33395
560.81299 597.51434
707.06036 812.91327
701.83618 843.80127
776.01422 628.42657
735.98779 781.71130
763.87793 465.72772
609.94019 888.34918
528.56354 667.01489
606.92883 604.61359
755.16302 507.77161
662.45331 498.95129
643.17639 499.23413
616.56378 751.36060
755.28973 669.59320
566.15820 920.34998
635.75403 893.25818
666.39850 873.52765
624.49707 497.25378
606.64026 494.61896
594.46722 493.85321
746.85657 463.80530
609.36682 476.02493
629.23273 468.97974
649.25323 467.46948
669.26038 471.02322
681.75610 477.11047
773.62671 457.19275
675.84265 496.30109
595.43408 700.69629
576.01562 650.77716
550.96063 693.54877
674.09473 843.77734
643.00586 866.68842
568.15100 902.87628
728.97101 809.65039
594.88452 485.90457
555.12946 548.68604
603.61688 909.49585
768.85431 685.38446
565.53882 743.71790
569.27576 750.55200
572.13708 759.58734
574.35687 771.22430
579.64209 805.12494
608.68518 741.51825
613.44690 739.81122
617.56439 737.87280
637.75586 732.80280
727.04944 680.00342
553.93274 523.19141
568.91797 472.36475
584.52631 475.90289
603.31909 743.08020
728.80493 742.69769
545.93323 470.91800
593.32178 834.36707
539.32617 534.65448
571.66235 590.30280
556.37701 845.27032
647.70453 791.40955
620.02863 658.24170
622.25525 816.78760
675.79962 654.83575
643.43445 683.57965
696.99908 696.85547
564.99243 877.76678
585.70471 605.07227
667.62292 813.06091
636.32770 839.50793
668.85205 761.05054
749.33630 713.79431
698.53381 767.30139
757.77734 736.90393
663.59784 715.77679
569.25665 566.78131
572.51428 642.66180
586.64246 648.34320
562.74921 624.83167
587.23389 449.56635
625.08704 433.50812
659.25043 430.46243
687.40576 436.25043
706.83081 449.15152
718.09344 495.25934
779.00012 573.23480
699.97864 530.80707
675.62744 537.39166
644.93762 535.71515
616.27454 529.02411
593.96967 521.13098
578.20166 512.97516
776.82886 578.13788
586.02441 654.48315
556.14404 572.38171
556.57178 644.44458
543.45386 657.33594
556.01685 649.08820
579.31464 661.51398
539.11212 659.65485
536.01666 665.14117
579.58252 493.14209
565.69977 498.71661
556.88611 502.93439
688.94000 482.02509
704.62811 470.32581
385.69763 481.81335
410.26462 480.48828
384.27289 459.52255
360.68524 483.03131
386.88205 504.01385
644.05139 481.74188
669.55121 482.68152
644.23895 459.89828
618.56702 480.68317
643.95837 503.58057
