511.72208 715.97827
499.26031 625.81104
504.58459 655.41095
481.16705 548.20294
498.39429 600.39685
499.46869 569.37659
503.99252 496.45074
353.25446 493.06033
505.10361 434.88971
504.94839 402.98648
507.17755 301.79727
511.96484 730.54724
512.11713 747.39331
512.47522 760.02838
512.59027 761.16382
513.03131 778.21802
513.41852 798.72467
513.88464 819.31836
509.81030 846.96326
501.06653 640.34167
481.63788 641.64935
279.97165 413.87961
415.08914 510.84625
391.47675 513.62122
369.42514 513.45312
342.85477 503.10513
435.66232 504.35101
382.23178 436.11252
409.83832 437.37201
356.99591 443.52686
341.26752 456.74237
322.36060 519.93469
419.81512 873.83356
345.60364 487.97150
264.28433 515.60376
299.22522 504.85538
390.38290 615.13922
481.28577 709.24176
485.98337 746.98120
450.27762 722.68256
431.00052 738.19501
463.24994 749.60468
445.63257 754.41675
400.22253 786.74292
479.73492 625.45929
475.50085 601.31085
310.68225 434.09875
437.80688 551.69409
428.62787 623.67120
426.84790 611.65472
325.43768 615.49127
477.77267 572.35718
362.20312 394.64615
331.55627 409.90982
297.80511 370.53653
461.64114 408.29922
433.26959 447.90466
384.35309 757.81421
291.82812 751.05396
447.88104 637.53021
467.24335 645.53064
411.58606 765.03662
418.27441 764.42426
320.44174 396.17120
429.42639 636.45233
404.12964 390.85233
400.04056 370.78537
381.09985 314.39688
305.25427 386.32922
388.80905 351.03809
298.60150 425.60611
286.75195 422.38663
482.78842 728.76166
456.63535 736.78906
437.99646 746.39722
454.19601 642.80786
415.02563 764.82990
425.47308 770.48560
421.77167 764.04236
457.15369 626.85608
451.06894 759.75769
468.36005 758.25018
489.00845 758.53369
474.64456 843.64111
481.28400 815.50507
482.55640 795.18268
485.19272 774.90747
488.57733 759.64923
450.42413 760.13928
444.59772 767.86945
437.89014 777.62415
432.48862 788.75653
408.20123 706.69879
271.11273 625.89429
502.88971 647.60461
437.16193 761.66028
431.50311 765.86664
473.91220 655.83752
439.22955 652.28387
470.72913 650.91254
413.96921 566.56128
376.81958 584.17987
424.38556 624.13025
329.76459 336.43219
337.41678 361.35260
354.65112 376.73865
417.97375 808.73291
454.27759 373.25272
443.05051 350.76703
438.38446 304.52158
352.11618 510.30005
297.76352 538.57642
449.18585 497.25348
320.18982 470.78918
453.69022 535.31091
441.24704 612.21051
274.23630 557.98242
309.84027 553.29016
336.50293 559.74011
380.66296 554.22229
414.28290 543.10022
439.45956 530.41711
482.21036 502.33197
276.52737 609.29761
303.15088 468.22253
489.36142 639.50598
437.42645 575.21887
266.81723 516.89899
458.02246 515.81482
423.78070 627.03564
334.78571 489.43060
440.40350 597.66089
277.69357 685.99847
450.95825 488.87335
458.42630 582.00745
327.59750 810.82300
331.19995 842.03302
261.57083 618.81207
302.88550 775.99713
275.87790 466.17267
414.75778 900.84711
493.66544 646.85602
417.48953 594.69092
281.64325 511.45520
373.72577 498.34641
392.70728 499.35040
419.70325 775.89380
282.17896 659.99585
458.61023 942.27118
388.78522 900.44434
361.11203 875.92950
505.08597 352.01251
512.89874 950.42505
412.29980 497.61139
431.64072 493.92215
444.45139 491.41431
288.71167 465.80524
429.66733 472.65436
408.85208 466.60864
388.28674 466.24670
368.65045 471.31573
356.74905 478.44092
270.39182 460.24084
361.56747 496.01758
505.33093 676.34137
428.92090 689.77911
447.12555 632.35480
471.92889 678.55438
505.13489 467.19162
355.09607 844.71393
383.38260 872.31897
456.78253 922.67957
310.23987 803.83673
444.17896 482.31775
466.17590 539.86731
511.22311 930.87366
419.51361 923.66357
268.69839 674.51056
467.70535 759.13885
462.06540 771.14801
457.00717 786.45081
453.66943 804.49414
441.73492 829.10211
431.34747 759.30518
424.24942 756.07220
418.10693 751.99261
393.06409 729.90485
310.99939 671.67212
468.37024 516.99866
465.47653 463.61084
452.98511 469.55267
437.81372 761.76831
310.49588 736.26575
482.09290 459.46518
430.39990 849.46484
501.21133 544.30835
481.33679 526.34589
502.56107 521.15216
448.89850 577.97974
510.31012 903.12653
510.07263 872.33459
468.01187 867.29517
379.33130 795.03510
405.82397 648.35986
401.62576 825.53387
356.66479 646.71490
386.54532 674.99792
340.73663 689.58539
460.16702 895.89569
435.66431 593.43408
361.12329 814.97900
389.41412 845.85901
362.54132 760.02161
289.64468 704.45471
336.00165 765.06958
281.23422 727.24976
371.43820 710.27014
452.43283 557.08838
449.34921 622.51709
436.55414 631.05353
457.05499 605.24957
446.82761 435.82788
408.03021 420.88281
373.84317 421.27835
346.01611 430.97760
327.93842 446.87354
319.17960 496.65662
259.55624 566.52478
333.32928 528.66815
355.00284 533.92639
385.69327 532.55658
415.73270 525.92151
439.26126 516.84424
455.29379 507.79828
268.58957 570.92755
438.08578 639.07410
464.03229 560.32745
464.32736 622.69153
479.02496 636.30377
466.16052 627.71027
445.72119 647.56500
482.61899 638.18164
486.60699 645.33496
458.13071 488.21631
467.96259 492.21097
472.31873 494.72177
350.29138 483.62570
332.60236 471.47339
522.46600 548.14697
671.76831 494.48114
525.49261 641.34412
767.08655 411.33453
604.83081 508.11786
627.03406 511.98651
649.67993 514.11108
682.99884 503.38147
585.90546 502.60931
641.33459 444.58737
615.39984 445.30530
665.68109 450.76846
682.02026 461.98904
703.37488 520.46118
609.15637 877.32379
682.56415 488.52151
786.84998 515.66101
733.49780 505.57239
631.52759 614.92328
542.29840 711.82941
538.76556 749.12463
573.79138 728.28143
593.04291 745.33008
561.53345 753.83752
578.96399 760.17401
629.61108 787.77942
519.88123 625.41345
522.39935 601.15137
712.63843 443.43860
581.08148 551.63068
582.93134 623.81860
586.23773 611.53790
704.93738 615.38202
522.35931 572.23163
652.99353 414.31619
686.81635 424.38556
739.82434 367.90656
553.39044 430.76178
593.06641 454.17538
645.84021 758.51208
782.20618 755.44086
564.30566 637.62897
544.20605 645.47638
612.15222 773.56976
605.40594 772.41388
700.98334 409.60046
585.10992 636.61963
609.70630 414.64255
613.47638 395.50983
641.84491 312.39688
721.68689 386.25195
627.01288 351.47803
730.00183 433.32117
749.39691 421.82520
541.38751 731.15662
567.91510 741.76196
586.41278 752.85352
558.52661 642.97589
608.66162 773.14087
599.18665 777.29242
601.89410 771.63928
550.05792 626.70581
573.33588 764.76874
556.48804 761.92407
536.24951 760.45789
546.82843 844.36597
546.77698 817.59613
544.43457 797.06073
540.97913 776.66235
536.86279 761.19995
573.94958 764.55231
580.67242 772.72589
587.92761 782.96210
593.98065 794.36871
613.28998 706.70709
801.97620 628.01801
586.47424 767.36719
592.72382 772.18286
537.31281 655.72614
577.38867 652.68683
540.60114 650.80762
607.31335 566.41974
647.13947 583.93933
591.26172 624.18915
700.48981 333.99969
682.94440 362.05795
661.67224 396.02792
609.41656 810.23596
559.94330 399.86487
569.57715 350.53482
579.63531 303.20676
670.25146 511.47522
730.95020 539.55109
573.68799 497.36426
705.64062 474.59534
562.76056 535.25317
565.66333 612.17499
767.11450 558.21472
710.31250 554.76532
676.41772 561.61981
630.37433 554.01953
598.57538 541.97906
575.36731 530.72491
527.46387 502.48877
766.42712 609.98627
725.72308 472.56189
513.22137 639.46136
579.53729 575.12360
796.81720 516.81549
557.43103 518.41711
594.95923 627.02655
692.85028 489.85980
568.40961 597.54218
797.79767 689.47119
575.60199 489.65485
545.27704 581.91107
721.60718 816.33148
726.46008 848.06854
796.23932 620.58765
752.79523 780.56134
768.36133 465.22021
616.27826 905.76422
512.35907 646.67255
602.30536 594.50488
756.60950 511.34692
646.32843 499.50131
626.92163 498.33618
605.17603 782.94720
764.89923 661.60822
569.63757 945.44287
652.46924 906.48291
687.60370 882.33447
608.84338 495.24207
591.46271 491.79553
580.28174 490.76212
746.40710 467.76559
598.83337 472.86288
618.99976 466.11734
638.49390 466.17389
657.56854 471.26215
669.68744 478.40125
784.77826 458.55090
660.69519 497.80688
589.23193 689.86774
563.59467 632.38318
540.42126 678.62640
688.03333 850.69214
654.57349 878.48425
568.06122 925.34656
756.63416 808.83960
583.00024 483.39331
543.77008 539.75012
614.42200 928.80957
792.23834 677.38361
557.33746 762.11768
563.78711 774.43536
569.71936 790.16333
574.22357 808.41748
582.61853 830.24963
592.72076 766.05243
599.66028 763.44788
605.80060 759.83575
632.71387 729.96381
727.48895 672.65265
544.72858 517.14728
558.05487 470.80649
573.23730 473.65668
586.17749 767.82892
735.17468 738.90076
534.22882 470.47729
597.08508 851.95728
525.27100 526.30634
562.29712 578.00317
554.68933 868.65503
653.43005 797.48688
615.09686 648.18951
629.38684 828.28461
669.71155 646.72729
636.86469 674.94238
691.41431 690.28552
562.84760 897.93823
579.59088 593.21521
676.50836 819.00366
644.83197 850.22394
670.37170 761.75745
760.19202 706.92236
703.58411 768.05078
779.90680 731.15381
656.52246 710.50891
561.20532 557.12964
557.33868 622.43042
574.47711 631.22516
544.97980 605.17828
575.76965 448.83310
611.93695 435.57660
644.79651 434.50143
672.78906 441.28070
693.68347 454.35211
710.11414 497.64661
794.52881 567.23065
687.90057 529.64636
661.76361 534.69849
629.94098 531.26404
601.52307 523.60181
580.15472 515.70166
565.17285 508.42474
800.60193 571.68610
574.85974 639.32520
542.65955 560.22253
538.12793 622.63690
525.97565 636.29376
539.06616 627.74591
568.71655 647.77203
520.94531 638.11609
519.99915 645.12299
566.78424 490.09283
553.75543 495.35834
544.01617 500.10446
676.89886 484.00696
692.34497 474.66205
396.36493 480.29886
420.51697 478.86816
394.84448 460.16278
371.96545 481.79773
397.62292 500.54364
638.69196 481.52505
662.10986 482.32523
639.45673 461.10925
615.69946 480.71204
638.11646 501.94327
