515.66229 722.02203
508.48718 648.71722
509.56744 668.68243
487.82578 559.96185
508.14117 622.27307
508.20123 586.21637
509.50168 499.43018
339.74597 489.14142
510.09097 443.30060
510.26291 409.67328
512.51752 269.53238
516.14868 731.72467
516.31757 741.70337
516.37372 748.24304
516.26923 748.47742
517.13812 760.17926
517.85199 773.90460
518.31708 788.23315
513.46796 823.31250
508.94632 660.76428
484.82596 657.13605
242.23160 387.20560
408.73099 510.78217
383.41272 513.30365
359.49545 511.93237
329.66455 497.79736
430.62146 504.67023
369.27002 444.83340
398.36475 447.34198
343.54306 449.08688
327.76581 458.02875
307.84534 512.47241
422.00806 865.68640
331.40219 482.67468
235.26263 498.92340
279.73291 495.51080
386.43594 615.16156
481.11633 718.04883
484.81885 741.56555
448.17889 726.48254
425.79974 733.38135
457.83038 742.09003
436.40204 742.81586
398.45541 765.11078
487.58862 647.42883
484.34201 621.87653
290.18945 438.85425
438.34277 552.49121
430.29510 632.08112
429.76651 617.52948
311.99942 609.81189
485.95361 588.52301
348.16418 417.50455
313.17712 423.48730
264.85172 342.27374
460.18884 444.36365
424.20044 457.16006
377.53967 738.99304
270.57056 738.02643
448.27243 646.95459
468.52539 655.50885
396.12280 742.27759
402.39594 743.04407
299.47052 406.25641
429.13834 641.07635
396.93536 423.64661
391.87958 402.68945
366.15057 282.69583
282.45319 371.80328
381.33344 336.41141
276.04453 426.17368
258.29361 407.29535
482.34915 730.79333
452.81171 734.63123
430.72205 738.09381
453.88239 651.10217
399.32965 742.67542
413.86963 749.72479
405.94165 743.45996
460.65826 642.52948
441.10590 746.32446
462.32932 747.11414
487.62500 747.93018
479.21182 820.92969
482.93558 786.54785
483.68051 772.26849
485.21411 758.77051
487.34164 748.02930
440.61121 745.98254
435.73828 750.58960
430.41296 757.19049
426.43466 764.85217
404.09818 703.40735
241.12048 610.49023
509.17972 664.87903
424.59061 744.87970
419.19888 747.04883
477.10626 665.76141
437.86273 654.82666
473.04596 660.81824
412.25772 566.12415
370.79407 582.06647
425.39420 627.23914
304.30511 306.27863
321.51770 346.68448
339.47699 396.63831
419.21002 786.99921
451.19910 411.95557
442.34583 334.69318
433.32758 271.52713
340.27679 507.09998
281.74341 528.97168
444.84662 498.88239
303.54205 467.56995
455.48453 536.92499
445.61157 626.00641
255.44312 546.97705
297.66171 547.19678
328.41449 557.31494
375.75378 554.35150
411.26855 544.46710
437.62109 533.37415
486.31000 505.37805
259.22787 599.74963
283.59753 464.20316
496.08023 659.55243
439.26761 578.01880
229.83472 494.83554
457.26569 521.12256
423.72888 627.31946
320.31213 483.73663
445.52225 608.26074
252.44812 673.06384
445.16074 490.24731
465.25754 596.07385
317.85693 800.43158
323.12827 830.60938
240.90942 607.08124
287.96295 765.00287
245.91238 448.90698
418.16183 894.36157
498.92181 663.68115
416.84424 595.28003
260.13510 498.52783
362.35678 497.52515
383.15924 499.22995
409.36270 753.00110
264.09097 651.90179
463.86060 931.88959
390.65903 893.63232
359.32288 867.47333
511.27142 336.09607
515.46716 937.10840
404.47830 497.07141
425.24005 493.24719
438.71530 491.70856
266.82526 457.61255
420.24493 473.32690
397.59796 466.91418
375.97089 466.01917
355.46808 469.73657
343.30539 475.16144
231.92145 435.03638
348.82410 493.60065
510.18756 687.91492
429.07217 691.48962
448.36594 643.87036
475.25656 687.72998
510.08450 469.82831
351.55191 836.22522
383.81781 865.63385
461.80151 913.42444
295.36060 790.48938
437.17780 483.19141
470.35037 546.06964
515.01843 918.95813
424.14163 916.40509
250.67172 663.99829
461.93741 746.95532
457.54706 755.10223
454.01285 765.49567
451.95587 778.12378
445.43378 806.75800
418.82681 742.96521
413.29211 740.66864
408.96536 738.30042
384.94690 719.06494
292.81909 665.59741
471.38214 519.36322
461.57748 474.56604
447.02304 475.91592
424.71759 745.19446
292.92847 727.42676
481.46536 476.09155
433.05399 835.16364
508.57584 556.43646
486.79294 533.78351
508.95447 528.73169
453.27148 585.50922
514.24982 890.68054
513.77722 854.98260
471.93277 851.64752
376.67029 780.01526
403.52020 647.23358
403.14310 811.19141
345.16254 644.26056
379.53696 672.23096
324.32996 684.11829
464.18423 885.80725
438.83035 597.93402
357.27344 804.06738
390.03619 836.70758
354.56921 746.47791
271.43924 696.16101
324.68558 754.27716
264.34171 716.77905
358.97424 701.85388
455.51822 561.69885
453.04700 638.15912
437.57410 641.22162
463.73993 623.27441
441.07233 455.33481
398.32410 439.40845
361.15668 435.45609
331.33850 439.85608
311.85333 450.21161
302.38666 489.28223
234.81442 552.49915
321.35184 523.62683
345.94611 531.41089
379.02679 531.92816
410.78879 526.22083
435.75650 518.19958
452.62439 510.70111
234.42395 552.14221
437.93701 646.29907
469.63605 570.50244
470.23773 642.15955
483.38907 654.02063
470.34198 645.20612
444.73178 652.98962
488.14511 657.26526
490.74875 661.37964
453.52771 491.73560
465.33914 498.09174
471.74219 503.20044
336.54077 479.22348
318.30457 468.84262
529.58765 560.01819
686.52057 494.82050
533.80981 656.91736
790.52594 388.18283
618.21411 514.27106
642.93427 516.41736
666.84650 515.27423
697.42981 503.72333
596.87524 508.42166
656.62048 449.95044
627.53583 451.93460
682.87042 454.65454
699.08679 464.00943
719.81470 517.56244
606.90503 866.72424
695.33032 489.72852
798.47882 500.73071
748.96741 501.92706
637.64362 615.09113
549.35718 714.38702
546.60254 738.51917
582.22272 718.88287
603.76843 724.36035
572.63098 736.12109
592.97565 735.13251
630.03961 764.08679
529.55658 647.45306
531.79352 621.82416
736.54102 445.36792
584.59143 552.43164
589.80780 631.95282
590.91669 617.31122
714.50391 610.05237
530.63177 588.46771
675.74561 421.43762
711.91815 428.78082
765.47906 343.54041
563.43164 446.28870
602.15857 461.44318
650.52722 737.52563
769.70221 739.79810
571.96051 646.67297
551.37872 655.18585
630.49060 733.15015
624.20312 734.00604
726.30493 412.24475
591.81885 640.82886
626.35718 426.43872
631.11469 405.63867
661.05176 283.60281
744.46112 374.71722
642.29602 338.45245
751.73248 433.52225
771.34497 410.13367
548.92603 727.49512
577.65204 728.08716
598.62860 729.77509
566.27222 650.78967
627.29828 733.57758
614.36560 741.80164
620.61017 734.55603
558.30402 642.42944
588.12787 738.94623
567.86157 741.58057
543.95099 745.13043
547.58893 821.01831
551.62372 784.47009
549.82391 769.94714
547.03949 756.22321
543.79480 745.41583
587.94238 739.12323
593.31958 744.09406
599.19525 750.94641
603.85492 758.92230
620.20935 702.09875
798.53314 612.21545
603.13354 737.06787
608.72687 739.14673
543.07959 665.51892
583.83453 654.46777
547.02155 660.60944
611.41455 566.10236
653.89703 582.20764
596.12140 627.05334
724.37061 307.49619
703.22247 349.69583
684.72272 400.96838
608.70013 786.64880
572.03186 414.12283
580.82843 335.64539
593.00830 271.96405
686.27313 511.55847
746.49121 533.62891
582.73566 502.74347
723.95459 474.39157
566.64050 536.94470
573.04840 626.03833
774.41461 548.47998
729.63660 549.87433
697.99823 558.18451
650.05035 555.19354
614.39496 545.92908
587.86761 535.04187
533.30463 505.51761
770.95007 600.90070
744.49762 471.24762
521.79602 659.50952
583.00543 577.80066
807.71777 495.97711
568.13367 522.60596
598.85278 627.03253
707.21790 490.91113
573.82074 608.19043
787.83362 674.94165
582.21649 494.44232
552.23560 596.08331
716.11255 801.97778
713.38898 831.84241
793.50293 608.95490
747.12134 766.48315
786.00726 450.94989
612.28320 895.86639
519.55542 663.57153
606.32776 595.14850
770.51825 505.66882
663.95288 501.38577
643.47961 502.77426
619.31836 745.14709
767.54529 653.07251
566.83533 932.25323
642.14648 894.47772
675.46771 868.55188
622.73218 500.95181
602.54205 497.59628
588.95978 496.22107
762.45184 465.00522
606.96240 478.10645
628.85370 472.07306
650.23920 471.54034
670.78040 475.58115
683.05200 481.40564
803.15564 435.82343
677.32068 498.20197
594.12506 690.51282
571.40161 643.74847
545.98798 687.33228
681.18854 837.96802
647.96582 867.53082
567.54773 914.16345
743.49646 791.86938
590.26855 487.63544
549.25110 546.17053
607.05341 917.03345
784.59814 665.86951
567.70422 741.86719
572.85284 750.26434
577.34467 761.06372
580.69714 774.14960
581.78815 806.61816
609.33289 734.33984
614.71362 731.65533
619.32172 728.91083
641.09674 717.46448
736.29797 666.07922
549.41364 519.59424
564.93097 477.39252
579.96240 479.58057
603.31519 736.95807
738.99579 728.06256
543.25378 477.92755
594.98651 835.63971
531.55530 533.83612
566.80566 585.58167
555.27551 851.96765
651.91443 780.03827
619.90063 646.79895
625.55908 811.49823
680.40930 644.28009
645.08801 671.75989
703.15063 684.30493
563.54919 886.42065
582.76404 597.63831
673.18463 804.96637
640.12000 837.92151
673.56873 746.14624
761.28772 697.13745
705.69452 754.75562
771.32275 718.40454
667.37836 701.18524
565.44055 561.73792
565.71271 638.10455
582.32599 641.10150
553.48969 623.26282
584.33344 458.44586
626.25549 443.24805
663.60181 439.99622
693.99237 445.05084
714.74304 456.26959
725.45258 496.30450
798.94470 554.30890
705.72955 527.60901
680.50549 533.88727
647.21051 534.21271
615.54590 528.89221
590.91223 521.07373
574.06824 513.21716
804.59705 553.50940
582.38110 645.99664
548.81531 570.57825
547.37762 642.15350
535.02942 654.09772
548.09363 645.33179
576.09259 652.55786
529.90216 657.25885
527.72394 661.19922
573.80756 495.32574
561.20306 500.49515
553.49951 504.76282
689.93744 485.85321
708.96344 475.65381
382.38367 479.20337
408.17062 478.99933
382.17792 457.42593
356.35934 479.36630
382.41180 501.03610
641.88507 484.96985
668.60687 485.17181
642.47192 463.77777
615.06116 484.61038
641.24603 506.26929
