503.18851 745.57904
499.25134 646.65912
504.61060 672.78546
479.57498 556.07745
498.26666 618.58472
499.27847 582.06946
503.89920 494.49243
338.20709 490.63690
504.59753 430.28149
503.94540 396.19101
504.32654 278.63879
503.15240 754.48004
503.88248 762.92932
505.11685 768.56140
505.27164 768.48022
504.57718 778.64868
504.22498 790.63666
504.68347 803.05701
512.39990 848.25006
501.11057 661.04980
478.00610 659.97009
251.15585 402.38940
402.98621 510.45361
379.29218 511.88034
356.45721 511.17645
326.81458 500.51880
423.51505 505.87738
366.82809 441.24960
394.75372 443.74545
340.98651 446.29407
324.61792 456.97794
304.80225 516.39343
412.44299 892.38147
329.63672 485.90649
232.17072 512.20380
277.18918 500.30032
377.17603 620.12531
469.05185 737.47821
473.35953 758.73901
439.85361 739.34375
420.33075 741.57086
448.87363 754.51270
430.06750 751.25690
387.66895 785.07410
477.33456 645.99390
473.10236 619.06787
287.76880 435.68497
433.33163 553.47400
420.44958 635.94531
419.53961 621.28339
301.40485 615.96826
475.94565 585.17010
343.88495 406.89407
310.42511 416.65277
272.90466 355.99698
451.78339 426.46167
419.02753 454.41309
365.91501 755.90845
255.91922 769.22961
440.42020 651.60919
461.39478 660.32111
394.53357 744.71765
400.99152 746.23022
296.86993 401.58875
419.78491 646.75781
389.48004 407.77545
384.57562 388.40057
364.80222 294.26431
285.74771 377.79202
376.97800 338.46826
273.15991 425.48938
263.18265 415.60260
470.26007 749.25427
444.04224 747.27600
424.89307 746.37341
446.46722 656.34729
397.81357 745.46759
409.87384 755.30298
404.24658 747.14716
452.11246 644.71149
434.69449 755.17139
453.68030 759.77649
477.15735 764.80072
474.71530 845.28149
470.92484 798.75201
471.25061 786.15765
473.57840 774.53589
477.04138 764.93701
434.69754 755.53864
429.48157 759.74561
424.02048 765.56116
419.94684 772.62897
393.32751 714.43073
234.75201 632.74585
502.79880 667.10443
420.57520 751.68689
415.09067 753.21686
469.71851 670.92407
429.30222 662.10858
465.66498 665.82770
406.32971 568.36224
363.18317 585.19788
415.67749 632.63330
308.17404 318.77466
321.46259 350.82129
334.92719 388.25473
409.68982 808.99860
442.77426 393.84982
435.77185 336.16727
427.89417 282.56128
337.56360 507.58640
278.81708 534.19495
437.22980 500.41949
300.56195 468.72046
450.89954 536.38953
435.34769 627.43298
246.35687 556.37781
294.35333 550.13263
325.21838 557.84808
372.63306 553.57129
407.85614 543.98102
434.03055 532.76868
480.93283 501.19196
245.97964 610.48584
280.80756 465.74487
487.62128 659.95789
432.23041 580.03271
231.88257 513.45563
453.21249 519.44867
414.66321 633.79767
317.10553 486.89911
435.41046 609.50739
240.74677 699.34802
437.85486 491.94232
455.19427 594.58246
301.18262 827.61505
307.65186 863.53479
227.50076 623.98163
269.57529 792.02454
247.77933 460.12115
407.05307 925.06177
492.07220 666.11047
408.90991 599.16223
256.99182 506.26611
359.79996 495.81558
378.94867 497.33594
405.47394 758.19299
248.31104 666.01611
457.64694 968.68689
379.22394 926.98157
346.01398 900.08832
503.61557 336.35663
516.04419 975.77747
398.61496 496.71021
417.64502 494.73669
430.82007 493.69211
263.38724 461.83542
416.10779 474.80255
395.26837 467.88062
374.60675 466.68335
354.32800 470.75882
341.98267 476.93542
237.96338 451.97693
347.03717 493.35492
506.08414 693.58557
418.59122 700.70441
440.23596 647.69604
468.06238 694.13019
505.19049 462.74622
337.02570 864.37982
370.87573 894.71887
454.55716 946.07739
279.41653 824.00183
430.94293 485.06586
463.82117 543.97736
513.76208 952.77539
414.46619 951.14435
233.38647 684.85046
453.56207 760.10889
448.37631 767.35425
444.54593 776.66852
442.27899 788.23737
437.66785 830.39038
415.27853 748.44940
410.13196 745.68384
406.06238 742.98608
374.01086 732.64819
278.99823 677.09491
466.65546 516.97375
454.46628 471.17032
440.16016 475.10248
420.84882 751.36908
277.25909 746.51355
475.64871 468.75049
424.88202 859.79108
500.92249 551.83795
479.80566 529.83447
502.40341 523.97900
445.32101 586.07465
512.46851 919.69159
512.31445 881.15295
466.82745 877.37500
365.36029 800.28656
393.97119 655.33997
392.61169 834.03894
334.58624 651.33728
369.79010 681.70917
312.96625 694.88599
457.80682 914.13593
430.39435 600.80914
344.52505 827.14484
378.12234 861.58936
342.63892 763.44476
254.65530 714.39404
310.38721 773.55261
245.65829 741.84497
349.18985 713.81165
449.04260 561.76270
443.69443 640.03979
428.64886 645.21533
452.69977 622.47577
433.89948 446.79102
392.98322 430.46600
357.35132 428.23502
328.15894 434.67725
308.73016 447.94604
299.65280 492.98840
226.31989 567.12317
317.87555 525.78064
342.43176 531.78485
375.11166 531.30334
406.04144 526.20868
430.15445 518.86407
446.64160 510.96265
233.13031 572.33636
429.38098 651.55719
461.56415 568.54999
460.00342 642.15894
475.43552 655.55359
461.71005 646.54034
436.71674 659.20654
479.75488 658.18195
483.81116 664.06238
446.18750 492.51227
459.15393 497.17084
466.93970 500.18457
335.05554 481.73663
315.00516 469.92886
523.64661 555.52338
688.40186 489.66376
529.78680 659.50165
801.19556 394.46957
622.56970 509.75623
646.93359 511.47327
670.81464 510.54248
702.15381 498.67215
601.11951 504.62787
654.54016 438.79242
626.61523 441.31662
681.17804 443.61835
698.96051 454.27844
728.25269 513.85089
621.09131 894.72015
697.74390 484.42480
823.61841 507.46597
758.44928 495.90210
646.58911 618.31952
540.49530 740.63849
538.61188 761.86542
576.49719 746.87274
601.01904 751.69885
568.38385 761.02039
591.96478 760.33752
650.28113 785.76270
522.36621 645.74841
524.42194 618.55695
733.42212 430.57843
587.36407 551.63141
592.78381 634.97498
595.03717 619.92365
730.94153 613.29529
523.88940 584.57312
668.88574 400.97888
705.75208 410.71359
767.72723 347.56750
558.78729 423.87494
602.71002 452.48016
672.49707 756.20697
823.14050 769.95172
573.72955 651.14233
551.39374 659.96802
634.57214 758.50439
628.00171 759.29486
719.45380 394.02023
596.78973 646.11804
621.26312 403.07895
623.86469 382.05890
653.46716 288.03021
744.87421 371.38333
636.36487 334.18222
750.32758 418.96008
777.94556 409.28705
539.88434 752.34528
572.49823 754.29095
596.63513 755.99835
567.95868 656.03455
631.14673 758.92462
616.06543 766.21497
624.44318 759.72052
556.12415 643.93774
588.19482 763.56702
564.65179 765.63934
537.08490 767.64618
552.39661 845.92517
542.27417 801.48572
540.80237 788.75867
539.18042 777.13434
537.29175 767.54858
588.39233 763.46942
593.34656 767.73676
598.41125 773.61639
602.56018 780.55621
633.64331 714.10260
844.30328 630.95825
605.91821 761.75708
610.89752 763.76581
542.75500 670.76062
589.71857 661.97693
546.87036 665.54193
616.67249 566.27002
662.41602 582.80573
601.97363 631.61902
721.23718 310.65295
699.97400 345.31586
676.91754 380.55624
624.82300 810.04248
563.78741 389.50974
573.23682 333.56958
583.84833 278.87476
690.81409 506.65219
758.84900 530.14355
586.48096 499.17590
725.76569 465.52338
567.15558 534.80365
572.31708 626.40485
798.40466 552.65039
741.00208 547.11664
707.19135 555.46033
656.68909 552.39807
619.42932 543.24414
591.37457 532.54291
529.00391 500.49133
799.60706 607.66943
747.78674 461.32944
515.17914 659.92340
586.24774 578.39374
838.29126 508.45197
569.76898 519.78778
606.57758 632.81409
711.22400 484.57404
574.24713 608.23322
840.03851 698.86462
586.11676 490.85391
548.76184 593.66443
753.12305 830.12335
756.13690 867.37109
834.00305 621.69263
790.24512 793.18201
801.38538 453.98730
628.80145 928.29688
513.97058 665.90515
612.62628 597.55151
784.21448 499.77887
665.46283 495.74664
645.71191 497.19308
620.88837 769.24353
801.51190 664.28174
576.86053 970.93579
668.63733 931.27673
709.53906 904.67078
625.92963 495.99689
606.33228 493.39786
592.98657 492.44125
768.90845 455.18182
609.31433 474.59503
630.68396 468.39667
650.98175 467.89630
670.91437 471.58746
683.69598 476.92264
823.45074 444.98230
678.78510 492.84616
603.35358 700.41162
572.20203 647.11859
546.63715 694.14984
711.92566 867.83508
672.18085 898.59888
575.43005 947.97430
792.67621 826.03040
593.31378 484.37183
546.57825 542.85602
625.71991 954.67279
831.04626 683.90198
565.05908 765.46228
569.38556 772.60956
572.85217 781.87793
575.62030 793.16174
592.70361 831.19635
611.16394 759.52893
615.89111 757.33319
620.00732 755.11334
658.98700 732.48352
761.52307 675.44763
547.38727 515.89673
565.44489 469.64789
582.10126 473.67047
606.05316 761.79004
772.46368 746.26129
539.54175 468.37924
607.53345 861.40234
526.65631 529.15125
566.96106 584.90338
560.46118 878.38110
674.41327 801.44714
630.26483 654.21539
644.39258 835.65527
693.89502 649.63226
658.01202 680.63422
722.66162 693.86267
569.75067 915.63306
586.54431 599.21381
699.32178 829.24072
661.11224 864.23254
696.97620 763.82031
798.90759 713.49670
734.28455 774.23279
819.11841 741.73364
684.92493 713.12177
565.68005 560.42267
563.92346 639.11560
584.14386 644.51495
549.39679 621.77124
583.86658 444.90350
623.71545 427.73392
659.54761 424.74298
690.28992 430.84747
712.76483 444.08243
731.57916 489.95111
832.14093 563.51270
713.84827 523.89709
687.42816 530.27655
652.93243 530.36591
620.66626 525.25336
595.29932 517.89398
577.45862 510.13962
842.70465 568.80981
585.63312 651.02118
545.47528 567.50977
542.80334 641.76294
530.21112 655.52423
544.31439 646.25189
579.73889 658.91425
524.17157 658.08521
523.20367 663.79541
576.93109 491.17322
563.06317 496.28949
552.98535 500.48630
691.51770 481.02100
710.66058 467.33777
384.45941 482.32608
409.72031 482.16028
383.87778 460.94962
358.67511 482.45673
384.76614 503.51996
647.93591 482.23682
674.02710 482.17682
647.20221 460.32132
622.25226 482.04114
648.84387 503.93234
