520.45020 704.73340
517.04248 631.01947
517.54224 653.73273
498.20538 554.85541
517.12262 606.20575
517.53918 575.53741
518.69110 504.54150
350.29004 500.60205
519.29364 452.94559
519.45251 422.64240
519.69409 302.66284
520.05286 715.92828
519.64319 727.70099
519.51404 735.46649
519.94788 735.80786
519.89484 747.93152
519.55615 761.83594
519.08759 776.29291
519.95105 812.73132
517.18152 643.95685
494.28345 642.96948
278.78482 418.26886
417.51575 515.69391
393.76474 517.79425
371.01694 517.79083
340.75989 509.03223
437.94510 511.40964
379.50348 457.07471
408.02246 458.73071
353.88330 462.23657
337.81943 471.91846
322.50751 521.36676
429.22858 852.35107
341.45184 496.39261
262.70346 520.16638
297.21838 507.15277
392.82385 609.68640
483.06750 697.15643
485.80582 724.93646
446.82562 701.30408
423.15988 706.44354
457.24152 721.69495
435.21518 719.54102
396.84921 750.76459
497.10593 630.46240
494.75751 606.57800
306.46359 454.92709
446.80286 554.64496
438.08508 621.14569
436.48471 608.77460
319.91461 606.29150
496.21378 578.22461
361.24570 431.32965
327.93906 439.28522
300.36691 374.97916
468.53598 448.83282
432.69165 467.61636
375.95013 721.27747
283.88654 745.72369
455.89728 634.98492
476.65802 642.63770
394.89374 715.19897
401.80750 716.58728
316.68887 425.21271
435.68491 630.19690
407.51321 432.89032
403.41391 414.70325
389.61407 316.44794
313.25995 396.26947
402.57413 360.68250
294.88367 444.39706
289.81940 430.90320
483.58862 712.04547
451.89545 711.90820
429.01434 712.92883
461.42896 638.99634
398.41827 715.89435
412.23334 726.50696
405.25287 717.41943
469.44958 629.46631
440.05005 724.47906
461.99802 728.56787
488.68332 732.81079
482.64682 810.46777
481.61917 772.73218
483.25082 758.19037
486.03397 744.49146
489.23724 733.36383
440.59521 725.48895
435.10443 730.49921
428.74356 737.35046
423.77832 745.35968
404.61923 686.13336
261.03348 628.01501
517.33893 649.36780
424.08209 721.91235
418.21857 723.92682
484.10889 651.50140
443.13943 642.97052
480.61093 647.25562
419.84833 566.53583
378.89865 579.99176
431.30014 618.46484
335.48486 340.21722
349.12640 371.68976
354.03693 413.84521
419.04321 775.34241
460.55450 419.10095
457.13177 358.00754
449.01077 305.24048
351.88770 515.18542
298.97571 535.58917
451.43936 506.58365
316.75952 481.86957
464.82825 540.50049
454.64621 614.07806
274.59518 557.60138
312.96350 550.21808
341.55188 557.79767
386.71802 554.81396
420.97095 546.43408
446.43808 536.71796
496.52139 510.61874
272.11450 603.56415
300.39655 478.76947
504.97955 642.98242
446.35266 576.01807
259.56769 521.06873
465.25769 525.24072
428.50916 619.63086
330.95679 497.73694
453.58575 599.03534
268.44571 685.91028
451.64624 498.94818
475.27478 586.47821
329.68597 794.10773
336.89642 826.61969
257.21466 618.38995
298.43365 763.61389
276.07330 472.41052
427.91541 879.54700
507.63748 648.45471
422.97195 591.69147
279.92365 510.05707
373.09235 504.44977
393.02423 504.67505
406.96338 729.81927
272.77142 652.59363
472.51569 913.90332
403.71063 881.10822
373.70145 858.57458
519.37567 358.44385
520.94824 918.52460
413.06323 503.06567
432.41412 500.91284
445.35950 500.22815
286.36346 473.37067
428.22113 483.45654
407.01276 476.93637
385.99115 476.00723
365.44476 480.53918
353.00192 487.28827
266.45264 464.50885
359.64136 502.84271
517.99664 670.05341
431.45776 674.59100
456.33569 631.76868
481.13504 669.82159
519.06842 478.55939
364.34869 826.74823
395.46533 853.26062
470.11142 896.55774
308.12616 792.38306
443.99573 492.76215
480.56580 545.80664
520.85852 901.16345
435.14032 900.57739
262.98755 671.44458
462.67926 729.46198
457.34570 737.95715
452.81641 748.74103
449.56537 761.85571
446.58191 796.46063
417.67239 717.68719
411.62814 714.25922
406.58777 710.76935
383.92993 700.88794
298.61807 661.02692
481.38538 524.03540
468.75916 482.35843
454.03729 484.90491
423.67432 721.03143
300.23981 722.73370
489.10907 481.51093
437.14658 823.36938
517.98602 551.18774
497.39929 533.82373
518.34851 528.80475
461.28787 580.42474
520.44574 875.07263
520.16956 842.35706
476.78961 839.56329
382.70197 766.56781
408.60858 638.36621
407.94891 798.90179
351.07336 637.08801
384.24072 661.44116
329.92877 675.26141
471.12042 871.06885
444.95508 592.54517
367.59985 792.80432
398.81717 824.26965
359.96954 731.73926
279.51239 695.33069
332.62283 744.47314
275.50153 720.71332
363.00104 687.69684
464.28146 560.88892
462.11731 625.12000
445.64615 629.25916
473.88171 609.79218
449.09738 463.53064
408.11002 450.04996
371.87842 448.15610
342.94226 453.75848
323.90070 464.89801
316.45251 502.19666
256.88159 568.82312
334.50281 530.11969
358.55048 535.33252
390.02911 534.91309
420.16940 530.07318
443.77713 523.51691
459.90198 516.65308
258.96045 574.13538
445.25485 634.49365
479.56830 565.60437
479.98853 627.16748
492.77414 639.27863
479.69177 631.27991
451.24673 640.92090
497.39383 641.43079
499.91754 646.62952
459.95410 499.84393
472.25424 504.65652
479.18860 508.33783
346.26401 492.33783
328.81888 483.26819
537.98566 554.53613
684.80621 499.53467
540.49719 642.64545
755.89270 415.86469
619.79614 513.18500
642.40686 514.72534
664.46924 515.21741
695.05139 508.22278
600.09882 510.14069
656.26770 456.83817
628.64716 458.80890
681.43982 461.36816
697.25842 470.95590
713.26123 520.56122
613.68195 851.41589
693.89850 496.26624
774.06976 517.63202
737.41272 507.21826
644.68884 608.25708
558.25500 698.85687
554.08728 726.31921
593.34534 704.98523
615.16284 710.72449
582.09796 724.54016
602.98871 723.16321
646.99292 749.40106
537.02985 630.23999
539.77100 606.23633
726.47644 454.19171
590.65344 553.76947
597.95166 620.20532
599.74036 607.69611
717.68066 603.94635
539.01984 577.84045
673.10089 430.73218
705.33612 438.26501
734.93475 372.91870
570.14734 448.76343
604.80267 467.96646
668.18213 719.75562
762.58710 745.09656
579.94318 634.41724
559.03882 642.26532
641.03308 719.52551
634.26855 720.76880
716.05786 424.88834
600.67957 629.29340
629.24847 432.62384
633.07434 414.93069
648.28699 315.48923
722.06775 394.27002
634.89441 360.29199
737.94690 444.70074
745.21667 428.35876
556.93268 713.60065
587.89160 715.20331
609.34912 716.88538
574.36243 638.50531
637.56085 720.17352
624.97742 729.75391
630.83002 721.47345
565.61200 628.97833
597.92761 727.73438
576.87177 730.99512
550.99615 734.00006
557.86285 810.04321
557.49683 773.55652
556.35748 758.92139
554.15576 745.34460
551.21130 734.32153
597.98022 728.35718
603.92810 733.09674
609.91125 739.58325
614.38312 747.32312
635.52844 684.84985
780.26807 626.68036
613.33362 725.41254
619.24713 727.33044
551.87030 651.29883
593.69464 642.29077
555.15723 646.98877
617.23724 565.40851
658.37604 578.35730
605.37158 617.42218
701.28503 338.58630
687.01849 370.68060
680.08362 413.79968
623.99829 774.08826
578.08301 419.97656
581.11188 357.73611
589.74414 304.72931
683.55890 513.46033
737.35638 534.71808
587.02759 506.33820
717.70911 481.39697
572.98413 539.79456
580.74084 613.41602
762.53564 555.15222
723.34833 548.11560
694.88354 554.84515
649.62848 551.79742
615.83057 543.87622
590.87231 535.02454
541.10785 510.40356
765.98676 601.22357
733.70605 478.91226
529.38446 642.89581
590.41577 575.13623
777.70898 519.01508
572.57068 524.07648
608.48035 618.59833
704.66882 497.45044
582.13092 598.25476
775.65424 684.82574
586.72559 499.12653
560.31665 585.89410
716.81421 793.39410
711.34399 827.27032
782.33856 616.10382
747.33508 762.49329
759.52112 469.73907
615.69275 878.76355
527.00317 648.34656
613.88757 590.61108
754.78760 511.42560
662.28638 501.68060
643.35413 501.49814
629.92023 732.89655
767.60370 650.54755
569.82385 913.55994
641.93060 880.63214
673.83582 858.68079
624.35669 500.52612
605.71759 499.67978
593.01715 500.04236
747.32660 474.50278
609.48151 484.71716
629.90027 478.38220
650.07867 477.35571
669.86060 481.35669
682.09436 487.60031
768.94983 462.06543
675.34839 500.91626
607.27161 673.71625
579.24548 631.24872
555.86414 669.67499
681.60474 825.98065
649.90594 852.62872
572.07104 896.07959
739.67432 792.54443
594.09198 493.51727
556.56177 545.28485
608.61426 899.88214
779.03992 669.56299
577.12036 731.44897
582.62463 739.64264
587.00568 750.14404
589.80469 763.09326
595.16925 795.35779
619.45288 721.59082
625.34210 718.43250
630.46851 715.18207
658.24731 699.40173
741.25696 658.89246
556.33289 523.70355
570.02704 482.59186
584.22095 485.29105
613.53955 724.74280
743.41449 721.10718
549.29828 481.58759
605.45728 822.44366
539.49890 533.49988
575.00708 579.79553
564.30554 839.05847
661.08905 765.29327
629.11334 637.04016
635.58472 797.76135
687.38574 635.09058
655.04144 659.81067
710.33704 673.20917
570.31287 870.57764
591.38983 591.61731
677.07452 791.54712
645.68542 823.34412
683.68732 730.29559
763.19153 693.54761
711.49719 743.05884
768.74396 719.17688
678.64343 685.84064
572.64215 560.25769
572.97662 624.49091
590.18164 628.52307
560.86566 609.26770
589.20020 463.59186
628.44482 449.83282
663.46246 447.42633
691.53876 452.57812
710.26886 463.81430
718.57800 502.08340
780.65125 566.35663
701.29510 528.57947
677.28271 532.92902
646.28589 532.14966
616.87823 527.70209
594.00061 522.20972
578.30426 515.92194
779.98389 572.33826
590.71881 633.74774
556.75977 565.04974
554.43207 626.74329
541.79645 639.05432
555.02191 630.95874
585.08752 640.19672
537.07983 641.21863
534.72668 646.41095
578.64355 499.91473
566.26825 504.34094
558.86792 507.75140
688.97443 492.40289
706.33154 482.56046
388.76648 489.72125
415.16107 488.70294
388.31976 468.20978
362.30438 490.62042
389.07788 511.07193
644.97992 488.09424
671.21173 488.79486
645.60132 468.13855
618.64404 487.25848
644.28461 507.83722
