496.62988 721.39258
487.34616 640.02173
493.62372 660.03961
472.42950 556.39294
486.96484 614.66370
489.15875 580.93707
497.41586 500.19324
345.17236 489.58087
500.44189 452.30383
500.88556 422.20853
506.39713 288.43893
497.24817 728.13684
498.50201 734.26843
500.10257 738.37531
500.54663 745.50995
500.08142 754.17029
500.02148 764.58673
500.92523 775.52502
501.59827 815.16309
489.13528 652.13324
467.24731 648.98029
276.98730 398.11737
403.87805 507.33258
383.01736 508.90668
362.76309 508.53519
336.56204 497.87054
421.54266 503.67133
370.58298 452.16345
395.80511 454.97040
347.84424 455.36942
333.77496 463.06232
318.58746 510.75818
413.28259 852.56384
337.68137 484.99258
265.35797 502.71783
295.67975 495.94666
380.31119 607.94379
465.99832 716.78442
470.80307 731.87927
441.01663 719.50934
424.48273 721.88763
449.34604 729.95795
433.37759 728.67938
387.08624 753.99237
467.17474 638.70898
464.18582 614.25885
303.48590 446.21069
432.64478 549.39038
414.74411 624.51904
415.28625 610.54254
314.26740 601.27570
467.80893 583.05841
352.55011 428.60071
322.53009 433.07001
293.44550 356.60901
449.48203 451.38025
417.49396 463.78030
366.63843 725.97498
292.10876 731.45251
432.16577 639.26233
451.79227 647.37622
404.15320 725.20935
409.82764 726.37915
312.16629 418.47156
413.80066 633.18237
394.27798 433.73093
390.48798 415.57104
375.86514 301.37921
303.30151 383.97351
386.81561 351.88876
292.68011 435.44861
284.48184 416.44305
467.72528 725.25269
444.85580 725.08081
428.54654 725.35223
437.68011 643.26611
407.06506 725.77527
417.60092 734.22662
412.72299 727.05670
443.41913 634.95752
438.10172 731.46649
453.88641 733.64032
474.50800 736.21771
466.37817 812.54395
470.01691 772.07739
469.99707 761.11676
471.82886 751.21594
474.84988 743.25421
438.18121 735.24457
433.82889 738.26758
429.35544 742.97870
426.09885 748.97034
390.97684 692.21692
272.35385 610.07166
491.14883 656.42010
426.67578 731.40338
421.99106 732.45496
460.17599 656.88489
422.65784 646.32532
456.10391 652.23981
408.04797 561.54993
369.19006 575.63324
411.37299 619.87195
324.51865 323.47955
335.85541 361.24075
345.85510 410.58347
407.79504 777.06207
442.40561 423.22009
440.70700 349.44122
434.43143 290.68909
345.97412 504.92642
296.40454 525.25067
433.22784 499.59622
314.04242 471.40945
448.67584 535.14398
428.85449 618.53400
273.21725 545.01672
309.21439 540.83990
335.60318 549.67651
377.04272 547.17755
407.68027 538.96906
430.10947 530.04858
475.95514 505.86249
271.91629 593.46899
298.31006 468.53809
476.68915 650.85791
430.17630 573.40631
267.89948 500.14301
446.77148 519.70691
411.07391 619.81177
327.80341 486.07715
430.00443 601.62714
279.06110 669.33575
433.31561 491.99652
448.68454 590.19464
324.59448 787.35663
334.47482 818.02405
263.08081 603.94208
298.73358 754.12537
274.95776 455.59781
411.04794 879.25745
480.83749 655.24237
408.75159 589.35120
280.01099 498.74371
364.63031 494.86008
382.12686 495.73422
413.99884 736.77911
274.02124 643.39667
454.73492 915.24231
390.78503 878.39856
364.84171 853.18842
503.50775 350.27618
503.84128 921.61133
399.62872 494.56442
416.31668 492.91205
427.58862 492.77942
285.48071 462.97552
413.84363 477.05792
395.44919 470.81390
376.60980 469.55502
358.37335 472.74054
347.66327 477.78583
269.63846 443.25262
353.01465 492.48343
495.57062 678.92914
414.43494 681.26801
432.07999 636.29486
459.59302 678.27460
500.07697 474.63828
354.08966 822.49738
381.93396 851.07471
450.93069 898.34430
311.44238 780.95312
426.98026 485.93048
459.25565 543.71967
501.77014 904.26434
419.08383 900.13074
269.34863 658.14642
454.16818 739.36652
449.84680 745.04749
446.58499 752.76245
444.83157 762.55035
432.89111 797.74457
421.08975 727.47406
416.54050 725.52905
412.97281 723.52393
373.15326 706.75366
296.12939 655.46094
462.96579 518.93939
449.44180 479.10550
435.98999 480.00397
426.13483 729.52252
298.10687 716.28357
468.24356 480.40137
423.16266 823.96631
492.01694 553.11963
473.92047 532.05383
494.65814 527.30792
440.69574 580.52283
500.98340 877.76953
501.37198 844.54956
459.80173 841.04443
371.15671 767.59821
392.92712 638.97998
395.67639 799.41034
341.76721 635.14923
371.47513 662.73798
322.70013 673.24017
452.33350 872.88770
426.92609 592.07568
356.17303 790.82288
385.46014 823.24548
349.71576 733.33081
280.61273 686.50043
325.34103 741.43304
280.02966 708.67615
352.58136 690.14966
445.61957 558.37433
435.75327 630.47540
421.57043 633.51526
445.17383 615.72955
431.94232 461.92102
395.45093 447.95303
363.12689 444.00137
337.20206 447.05389
320.32047 456.00439
313.72260 490.73309
261.34424 552.80457
329.56250 520.14429
351.08994 526.54071
379.61792 526.57043
406.46457 522.10999
427.22870 516.34045
441.54300 510.43335
269.96518 554.72528
422.16010 638.38165
455.79883 566.42615
451.16675 633.95166
465.12567 645.80371
452.32504 637.32501
428.87537 644.81030
469.27386 648.72839
473.00330 653.00708
440.85571 493.66434
452.64246 499.69571
459.30859 504.26556
341.93719 481.71307
325.78885 472.74939
513.38971 556.70233
680.74524 497.42239
517.61963 649.56683
785.24255 400.20691
611.62085 512.97070
634.70923 515.12677
658.02893 515.63110
692.37781 505.79956
591.87805 509.18823
648.24725 460.51688
620.82404 462.95715
673.75159 463.78195
690.63348 471.47986
712.22211 519.46765
599.18457 857.74664
691.18481 492.87567
794.72742 507.26169
742.99304 506.84485
630.44025 610.06824
531.09155 716.98895
531.27100 732.21698
565.82446 720.50732
590.75342 723.01703
560.45496 730.69177
583.84167 729.43884
634.21667 756.75067
509.02136 639.21252
511.51886 614.65637
723.56281 459.18616
576.24194 550.48016
579.78796 625.94733
582.27429 611.76672
707.64178 604.98889
512.17395 583.32385
658.62683 439.81628
696.19598 445.18567
756.93085 357.79208
550.59125 462.88385
597.50989 471.22794
656.38574 728.58997
777.53217 741.13007
561.76361 640.40210
539.78497 647.99280
625.38098 725.86615
619.17145 726.94385
710.92609 431.39642
584.06879 634.63373
609.90088 445.38892
613.85272 427.18558
649.29999 301.06503
733.70398 387.03400
629.29968 352.87848
740.54285 449.46613
763.19153 420.51849
531.51855 725.50708
563.16766 725.96466
587.42603 726.23389
556.36066 644.35516
622.13239 726.39478
606.78131 734.88873
616.03827 727.58130
543.17554 635.84412
580.65479 731.91919
557.71216 734.02740
530.71033 736.42902
539.68597 813.90942
535.42615 772.70917
533.82849 761.65295
532.23999 751.61346
530.61542 743.54626
580.25171 735.82666
584.33197 738.85162
588.65613 743.56934
592.17847 749.49329
619.52820 693.73938
805.35803 617.07739
597.72552 732.10382
602.11322 733.10339
531.15247 657.36432
577.17200 647.72583
535.18140 652.81805
603.50000 563.04993
645.47449 577.96094
589.24133 621.29669
713.10510 323.60251
690.41431 363.49759
667.27014 422.11880
608.79034 779.92383
557.66919 435.26328
569.59589 349.75513
582.86017 290.34930
679.22382 512.74329
738.55487 534.35474
578.64624 505.48355
715.64563 482.00745
557.47125 535.98480
559.13342 619.79596
768.66455 550.19745
718.01050 548.19324
683.86523 555.20270
637.04755 551.97626
603.69025 543.55170
579.00183 534.64349
521.61237 506.12122
766.78479 599.17389
735.51160 480.65216
502.52875 651.23706
574.86688 574.34778
808.88782 503.95657
559.68951 524.36438
593.61005 621.23187
702.68878 494.46442
561.70050 602.74164
796.09796 678.11621
579.92493 498.49057
536.43744 590.98254
714.87982 796.74036
714.20685 829.01501
794.20331 611.00989
748.50183 763.18866
779.79370 459.45935
602.93634 885.71527
501.88239 655.38330
599.45770 590.78821
766.34814 510.57767
655.52258 502.07861
635.45093 502.04187
610.96661 737.43738
766.18591 650.05823
555.51465 918.95331
636.10858 886.85950
672.33185 863.28143
616.42303 500.32669
598.16266 498.70303
585.76099 499.04990
755.48560 475.90009
604.69501 484.91138
625.27869 478.82922
644.82013 477.53882
664.55756 480.32172
677.26074 485.23828
800.61853 445.86469
669.95862 500.13226
589.62030 682.38763
559.90039 637.51813
535.28912 678.89398
677.20508 831.54749
641.65631 859.47943
555.53284 901.91235
748.21674 791.22461
587.88031 493.20309
536.77100 544.35522
598.09229 906.47546
787.30872 666.37073
557.43732 739.82129
561.03577 745.52185
564.00348 753.34106
566.43402 763.10779
578.15582 799.99268
603.43976 728.01062
607.21838 726.13550
610.47803 724.32098
644.28772 708.68835
733.09619 660.77417
538.86359 519.61212
559.39233 486.08502
576.51855 486.76080
599.15173 729.95160
739.02527 723.19519
533.35504 487.77783
589.47980 827.79828
517.48993 532.35968
555.71063 581.51624
546.16583 843.16229
651.55225 772.33057
615.32019 640.70776
622.88550 804.00696
674.07892 638.47498
641.42670 665.09491
699.61035 677.74158
552.64380 875.80255
574.67657 592.96149
670.11389 797.75110
634.96509 829.82379
674.48010 737.77417
761.75513 693.75464
704.79663 748.05151
774.32111 717.41467
666.75287 693.00647
555.12683 559.26721
550.61658 631.58929
571.46503 634.91003
535.90057 616.67462
577.04932 471.04022
615.51385 457.72992
650.86884 453.49054
681.22119 456.87976
703.72046 466.27509
719.78436 500.96936
797.39929 558.54456
696.68451 527.86725
669.48444 533.14197
636.93463 532.26764
607.37823 527.36761
584.63690 521.53900
568.47150 515.64282
809.00037 559.80298
573.29712 639.71143
534.44879 567.07251
529.12915 634.91882
517.56140 646.81293
531.23938 638.47363
567.77905 645.99805
511.39182 649.37866
510.90387 653.42426
570.49780 499.72330
555.89764 505.15622
545.28027 509.42593
684.84210 489.27606
702.02747 481.57117
385.08646 480.87268
407.82977 480.97845
384.84271 462.38422
362.03699 480.81793
385.04523 499.49994
647.80835 488.27039
671.96417 488.81503
648.32306 469.64392
623.89459 487.64587
647.31677 506.91260
