514.05884 744.55206
529.32721 664.62238
526.55182 684.77563
505.79178 568.23456
529.63391 636.79596
528.88770 597.76428
526.04834 501.69339
340.01575 491.37476
525.36255 444.32336
525.53925 409.27667
524.67511 257.61002
514.10938 752.41534
514.44965 759.35132
515.09015 763.49158
515.46143 763.47131
515.46252 773.89941
515.49982 786.16553
515.74329 799.47021
521.95166 826.67676
528.53693 676.99023
501.01678 673.15753
226.91962 375.01117
409.48633 515.48126
384.42084 517.20416
359.85464 515.33691
327.61447 500.31152
430.65387 509.93445
372.97662 442.03033
402.13013 444.99646
346.21359 447.13641
328.66315 457.52133
303.55817 515.90454
425.99585 876.71069
330.62250 484.20026
219.29065 496.16473
271.45135 498.14728
394.17395 626.00378
482.22708 738.05078
485.74786 756.77136
452.97546 742.41815
432.26703 747.17059
461.21591 755.39124
441.31332 754.99036
402.66391 784.89893
507.08984 663.35449
504.05984 636.38519
291.48337 438.82336
447.88824 557.55273
441.59647 647.21918
440.30643 630.95709
314.45273 619.38458
505.05923 600.15588
357.23785 412.38513
319.18195 420.95566
254.65771 328.39169
471.83221 439.19257
426.87439 456.56055
380.75317 762.45483
242.11954 753.74213
460.54959 663.14319
481.85742 671.25983
404.13013 753.24847
410.36697 754.04486
303.91364 404.43921
438.95645 656.87378
407.98416 416.90167
404.03156 396.34720
369.54831 268.70895
278.52155 364.16470
388.42920 328.78253
273.90851 426.49130
249.46109 400.62283
483.34106 748.80652
457.04214 749.53912
436.61877 751.20941
466.06216 667.31079
407.31137 753.65704
420.98907 760.29083
413.84906 754.52789
476.06119 658.30261
445.35474 757.76520
465.10364 759.18646
488.56583 761.34808
488.80392 826.36328
484.56082 796.73083
485.13177 783.24915
486.61594 771.11359
488.98874 761.47168
445.39740 757.66144
441.14862 761.71783
436.71338 767.57166
433.27185 774.84741
412.29953 723.99652
213.54193 615.53644
527.58496 681.05792
430.53928 756.33435
425.79691 758.00745
491.24005 681.82147
447.64471 671.26184
486.72565 676.62390
420.54370 572.46948
377.83096 589.83508
434.81219 641.35071
300.53436 291.67282
323.14340 338.84720
348.34134 392.20508
425.90286 801.22107
465.09366 405.45544
453.16660 327.38489
441.62534 258.47656
339.27670 510.01208
274.02322 532.99658
444.58426 504.34106
301.97736 469.12616
466.50104 540.84351
459.76657 640.53363
246.57111 550.08380
293.58740 551.20874
328.43127 561.60352
378.33514 559.47217
414.51556 550.12659
441.37869 539.11389
501.16898 507.71478
250.88193 607.82587
279.51257 465.48581
514.74426 675.76459
449.37457 585.95258
207.89780 489.50537
462.13745 526.52972
432.27026 640.90979
317.75879 485.60580
458.69760 620.84937
223.01373 683.67175
444.19958 495.57336
481.77792 607.91064
305.27106 818.22589
305.92419 849.51208
222.11337 614.10760
270.30698 782.17975
233.34378 443.24536
419.37811 904.85327
516.47278 679.80627
425.56607 604.84076
246.95404 501.36017
363.85687 500.51318
384.85120 502.85654
416.93225 763.50708
253.88983 663.74664
467.01178 939.13397
385.73883 908.44763
348.86493 884.82953
525.10846 329.43103
520.88843 941.69604
405.57956 501.54669
425.15778 498.34747
437.95224 497.08929
258.28812 458.78836
420.88846 473.77359
399.29871 464.52008
377.91971 462.80017
356.82507 467.23401
343.89932 474.18896
213.22610 425.24677
349.83783 496.16486
525.88135 705.76239
439.24402 710.73053
461.57275 659.91754
489.33646 705.76025
525.23462 470.92609
343.41803 853.34424
380.12006 880.17859
466.74118 920.59839
271.33569 808.92676
436.70239 487.02026
484.80920 551.87195
521.90417 922.31653
424.10815 927.47937
229.94870 675.56067
465.46927 759.29541
461.29465 766.60913
458.41479 776.00330
456.52386 787.97498
454.17868 815.87134
425.18399 754.52856
420.49246 752.52924
416.68759 750.44910
390.80200 741.68536
289.76215 678.55505
484.36957 522.28717
465.36929 476.73044
447.88049 478.64319
430.72229 756.50952
283.57480 743.43671
490.21188 477.44547
439.42474 846.30658
527.90088 564.58356
503.22037 538.99988
526.94421 533.71417
466.22388 595.09003
522.24908 894.22577
522.11377 858.68561
480.41052 858.54401
376.74823 799.44080
410.57349 661.87952
406.21664 826.77942
350.35211 656.64154
385.53134 688.41199
324.93347 699.40240
471.28125 893.27911
449.26373 608.37335
353.41772 821.57019
389.79788 851.25623
353.93491 767.75037
258.96704 710.65015
319.23367 772.26050
243.02167 731.67322
362.36053 721.53308
467.68710 568.42487
468.16431 653.76062
449.75531 657.18823
480.78278 637.73834
446.68271 453.81573
405.16058 435.97675
367.75470 432.21588
336.32581 437.84955
313.97455 449.89441
297.77115 492.07074
217.30276 554.45123
318.98743 527.10620
345.96667 535.35236
380.41516 536.42377
412.38699 531.35181
437.08777 523.65210
454.40622 516.03284
209.63739 551.77191
448.98465 662.58191
485.42883 579.24615
487.64508 657.90729
500.26654 670.08392
486.87006 661.09326
455.63565 669.37769
506.02744 673.40930
507.46396 677.54004
453.40143 496.72922
468.07257 502.62222
477.81937 507.54120
336.57742 479.60651
317.61081 469.76666
549.08374 568.25427
694.16626 492.87366
553.30066 672.96106
795.18933 378.55682
630.09082 519.05096
653.88361 519.62909
677.00378 517.03491
705.40051 501.49820
609.86176 514.19849
664.37811 448.29068
637.16315 451.95538
689.40576 451.75330
704.94061 460.65265
728.72266 516.81818
614.93896 874.74921
702.26099 486.05756
804.33936 498.65979
756.41895 499.40649
649.83026 626.37311
546.89716 739.74133
544.99585 758.30664
579.15161 746.08966
602.00317 751.75171
571.87201 758.44476
593.82074 758.94250
636.79785 783.86163
550.93732 663.33344
554.17578 636.25940
741.57135 439.06561
597.73615 557.88507
609.58502 646.94293
609.80176 630.69000
724.42523 620.22748
551.88989 600.04102
683.08081 416.81781
717.69110 422.71039
773.02759 332.75403
575.23438 448.94156
613.53802 463.40540
658.62842 761.58234
778.14136 752.34076
590.56793 662.87189
569.98169 671.16559
635.00464 758.41357
628.58447 759.00684
731.47900 404.48938
610.62970 656.52698
635.93933 424.80994
639.76611 402.72156
673.23682 272.25186
755.07544 368.03455
656.61975 332.17819
756.40027 426.19589
779.22461 404.04248
546.34070 750.39954
575.54089 752.93158
598.13251 755.44580
584.63226 667.04761
631.70343 758.71234
616.77740 764.52283
624.82062 759.34503
578.12616 658.17535
590.36292 761.35352
568.53223 761.84949
543.44409 762.71692
554.17255 826.18396
548.74365 798.00793
547.32483 784.43787
545.77765 772.28125
543.63348 762.64093
590.79224 760.90552
595.34277 764.96832
599.98346 770.88708
603.88251 778.11865
631.66541 723.61914
801.92468 616.64526
606.91101 760.31927
611.78827 762.14587
560.89624 681.84888
600.85388 671.11011
565.33240 676.68262
623.43256 572.95850
664.64685 590.63525
614.01147 641.12518
734.59052 296.11554
715.91040 343.07266
691.35498 394.62619
614.41821 800.23932
582.26465 414.88321
595.33521 329.21243
605.86261 260.37405
695.36096 511.38754
756.19629 533.46844
596.67560 509.07181
729.85486 470.36475
580.62384 541.06836
593.82825 640.50183
784.23590 551.89160
740.16956 551.44727
709.71338 561.85803
663.00873 560.36780
628.01251 551.75800
601.95471 541.46045
549.65106 507.93832
781.16931 609.08264
750.40747 466.69241
541.94635 675.67969
597.56897 586.10913
808.43958 491.97571
582.38861 529.41931
614.79126 640.74011
713.87433 487.01300
593.61670 620.75043
794.31140 683.72473
596.46716 500.54712
572.98187 607.83026
726.93597 815.35687
722.83276 845.20593
802.03912 615.28033
758.75433 780.18762
792.39575 446.16364
620.54797 902.35181
538.56775 679.75275
619.78918 605.13959
777.88965 502.92682
672.89319 502.64520
653.25061 505.76221
621.25024 767.74597
777.65601 664.29529
573.51349 937.22607
649.77325 904.04694
683.87506 880.06830
633.60925 505.27023
614.80035 502.92563
602.58551 502.03900
768.22681 459.53940
618.42126 480.23474
638.65479 471.75146
659.03168 469.68939
678.69867 472.74298
690.39404 478.14801
805.56079 428.25000
685.54272 497.83801
608.00146 710.48242
590.38916 659.73419
561.68634 705.76685
691.13599 850.12756
656.99817 876.98828
575.62402 919.21179
753.16248 805.88220
603.59045 492.39069
566.24597 552.03754
614.31433 924.02618
794.53516 675.87146
569.01843 761.60205
573.22589 768.89172
576.39435 778.28046
578.98157 790.13159
587.40576 815.14667
612.09265 758.97229
616.49567 757.23932
620.22284 755.39026
650.53418 741.08380
746.13568 678.79456
564.51526 522.68030
578.36560 482.31055
593.36749 484.36273
606.89868 760.68573
749.32935 742.34283
556.58875 483.34875
601.80188 844.82007
549.73108 539.04156
584.09167 595.28516
562.74133 857.80011
661.45593 797.91376
634.25696 661.61078
633.18005 824.93024
691.09344 656.92108
657.18848 688.25134
713.77032 699.21967
571.90576 892.28717
599.06177 608.35663
683.28577 819.16528
648.96252 848.73138
684.24719 766.74054
771.83215 710.32031
716.38892 770.62982
782.84668 730.92694
678.13104 721.20673
581.14136 568.66052
586.14874 653.61194
601.86157 656.97058
575.39618 637.64844
596.18060 461.02740
635.56439 442.61731
670.99841 437.23560
700.34790 440.99670
720.21210 451.76172
732.42712 493.12936
806.18658 556.32593
715.15552 528.15277
691.22791 536.51886
658.97852 538.27246
628.19318 534.13245
604.40320 527.13165
588.10657 519.75018
805.40540 553.66656
601.29883 662.24628
567.49170 579.31348
568.73834 657.79193
555.16284 669.98053
568.38385 661.10315
594.06940 669.05255
550.17413 673.32123
547.04053 677.33319
588.20319 501.78571
575.38409 507.01044
567.62292 511.40515
697.01868 482.42212
714.76416 471.81952
382.86163 481.56360
406.05893 481.81433
383.36609 458.57471
359.00616 481.23773
382.11230 504.58246
646.66388 484.25586
671.99164 484.28760
646.71411 461.25784
621.82739 483.81396
646.80896 507.27014
