521.05969 680.44885
535.89398 620.93811
528.85205 643.46021
510.98264 548.28650
536.49896 597.66620
534.36194 568.58801
526.49469 498.07578
343.00662 494.74701
523.74030 437.63806
523.84033 405.81671
520.01917 297.33560
520.90979 687.30103
520.29535 694.29303
519.46533 698.80939
520.01495 726.34143
520.26166 734.91718
520.08252 745.69403
519.50659 756.74109
522.31818 784.54742
533.59210 633.38171
508.92474 633.77698
221.29233 407.45410
411.76782 515.49512
386.76624 516.92566
362.41153 514.92670
329.75500 502.15039
433.47208 510.18643
378.35077 449.66724
406.55246 452.04083
351.56232 453.78485
333.27368 462.69336
304.61566 515.09955
428.28046 818.16809
333.28131 489.29736
212.76083 508.29968
272.37497 498.48804
394.71872 604.18842
489.14279 676.60651
492.33463 693.86139
457.83527 685.42474
437.97739 695.40448
468.35251 696.73773
450.48883 701.77423
400.52505 738.57538
515.74713 620.80878
513.26959 598.28058
294.42664 441.40149
447.22284 549.56006
452.56470 615.98352
449.26407 604.07428
312.41373 601.68750
512.24249 571.20947
361.20804 416.99677
323.20526 425.11536
253.94963 364.29984
472.34445 436.71161
430.73489 461.69733
380.67975 715.35614
233.37982 727.00812
470.60803 629.14966
490.12085 635.09503
417.13568 714.30713
424.58408 713.86243
307.37415 409.49878
448.99765 625.23688
409.94827 418.54614
406.08072 399.55334
370.03232 307.58682
281.72699 386.09598
390.75632 350.56955
275.79446 429.65771
249.46230 420.83807
490.16522 685.98596
462.96216 691.65302
443.93362 698.80249
475.47672 632.84406
420.95529 714.14026
431.28568 720.92688
428.16922 713.58600
485.84561 622.47620
455.65115 703.34009
472.83673 699.56750
494.56638 698.28772
487.19293 783.39722
486.90408 754.24066
489.14767 743.15533
492.00302 732.62982
494.89871 724.75592
456.35458 719.07654
450.83041 722.61908
444.14072 728.04822
438.36221 734.34943
413.35425 679.31885
200.06070 612.95483
531.30280 638.58484
443.39929 716.64160
437.50110 718.40619
497.07291 642.92896
454.72534 637.61560
493.82849 639.09033
419.04538 562.21545
375.97241 575.91943
442.92914 613.77234
301.47791 330.00974
326.74860 361.66284
351.66641 398.40033
422.76248 756.82495
465.91895 405.08698
453.32864 349.51047
440.25085 298.06714
341.81906 510.15277
273.96768 530.15454
448.17538 504.54095
304.42609 471.86639
466.37448 534.73743
470.23044 607.70844
242.85794 549.33118
293.73035 545.98987
328.76660 554.76190
379.17325 552.96918
416.00787 545.16321
443.61621 535.30115
502.71674 503.73010
246.25172 596.53790
281.25458 467.43024
521.59912 632.78613
451.27844 570.77490
193.66080 508.03516
464.56296 523.47150
437.55035 615.17981
319.90167 488.93073
467.32709 593.19397
211.04620 669.24268
448.08655 496.68082
489.75464 579.72955
307.96475 772.93469
304.65295 801.58649
213.36893 606.49823
269.30676 745.76453
229.17694 461.41165
424.00677 840.76691
522.02014 637.88483
426.86252 586.85913
246.88026 501.86044
367.18094 502.09430
387.86792 504.30103
425.43497 724.06824
249.21150 643.38782
469.09500 871.09894
388.76202 844.46301
351.12097 826.89331
522.13116 351.35617
519.54932 873.90784
408.29822 503.21771
427.95392 500.24817
441.26654 498.49097
258.96490 461.04727
425.83835 481.32587
404.26288 475.81003
383.63821 475.18854
362.64386 478.14917
348.77216 482.61786
202.05640 452.72397
353.11954 498.44229
527.66168 658.72864
441.44287 667.15344
471.85880 625.88354
492.79770 659.99091
523.80933 468.96643
348.14014 799.44812
385.18311 819.85510
470.22305 855.14020
266.36676 771.53186
441.26169 490.49014
487.99509 539.46545
522.47528 857.48804
427.09851 859.96100
221.11906 658.05243
473.72552 721.85950
468.64017 727.68024
463.45966 736.12512
459.38312 746.10431
451.47766 772.79773
436.47955 707.63989
430.12506 706.42291
424.63635 704.55463
391.53058 695.20099
288.56656 652.74957
485.02203 517.52631
467.56949 477.56696
451.71097 480.89990
441.82111 708.11279
283.67404 709.34528
491.77017 476.62097
438.52472 794.94800
531.66290 544.80530
506.82574 527.33215
529.16760 522.57196
470.78888 574.49927
523.43610 835.36023
522.88611 808.48938
480.31992 807.43683
378.39383 750.50696
414.45111 632.90491
405.60892 775.75220
351.81165 630.53107
388.17242 654.63000
327.87418 666.94556
473.56570 833.64960
453.63443 587.37604
357.31894 771.17316
392.55774 795.63281
356.98853 721.82611
255.49057 683.15955
322.38446 730.46167
237.18700 705.01526
365.59543 681.30432
470.14157 555.03198
478.65091 618.33533
460.93686 623.65613
490.98343 602.26111
448.74738 455.16992
408.27676 440.03842
372.11612 437.38214
340.74084 442.46432
317.64011 453.59686
299.33737 493.40875
209.79294 556.90210
320.03015 524.89325
347.05322 531.94818
381.66135 533.28015
414.05826 529.18164
439.42984 522.09473
457.00821 514.82568
195.66824 560.20312
459.45779 629.08691
490.54407 559.09857
497.70099 618.95013
508.52783 630.23718
496.21732 623.39844
464.28601 635.16443
513.76727 631.77655
514.27112 636.83392
457.40341 497.11606
470.65100 502.03754
479.97977 505.74371
340.31320 486.09961
320.71140 473.79156
550.83606 548.31525
680.41003 493.26007
550.82892 633.74561
759.93744 411.50232
618.22760 515.47192
640.36621 516.14990
661.61896 514.40771
688.03406 501.50375
600.16626 511.05884
656.82452 448.10071
629.54980 450.67401
680.85718 452.96832
694.60779 462.85773
705.76636 515.59332
606.39062 813.65698
687.98419 487.56253
770.66138 510.02881
728.64990 498.12085
642.48169 604.38403
551.75891 676.79895
546.46857 694.16864
579.75519 685.38647
595.87500 695.46277
567.62689 697.13464
582.50391 702.12848
625.67566 736.89825
554.33820 620.80701
557.99701 598.38281
726.60699 444.96753
592.03552 549.90625
599.32971 616.42108
600.18750 604.57367
713.27588 601.80853
554.78766 571.25763
679.78430 418.23169
708.92285 427.78543
740.94531 369.65125
578.99341 436.95935
606.04590 461.37888
643.96997 713.97137
736.40662 720.79456
580.52393 629.58820
563.12518 635.45294
610.66138 715.16437
603.44775 714.57208
720.65930 413.24728
598.61365 625.64606
638.10162 418.76733
643.35480 399.72189
655.15210 312.58426
728.17773 390.09686
643.76147 354.14178
738.49182 434.03818
748.48425 424.19202
549.97754 686.28314
573.95068 691.97906
589.71979 699.04663
575.08508 633.10284
606.95135 714.94238
598.97119 721.47894
599.93219 714.23169
573.05664 622.89722
576.19281 703.63495
561.96503 699.90765
542.92444 698.48083
554.23596 782.54956
550.67432 754.18719
549.39178 743.15851
546.81958 732.73315
543.53693 724.97205
576.37036 719.62427
582.27197 723.05060
588.81592 728.31268
594.13580 734.44305
623.38776 678.80829
760.18536 610.81824
586.74994 717.20752
592.95349 718.98920
557.07275 643.16742
590.43323 637.88342
559.93024 639.46344
617.05536 562.60004
657.58844 576.41803
602.94006 614.32355
708.59845 335.84171
695.29706 365.95639
688.27655 400.00342
607.94843 754.77496
588.77209 405.12939
587.92462 351.50906
594.76001 300.98007
678.47046 509.69556
726.35052 529.92999
588.34375 505.80811
713.06494 473.07477
576.13141 534.94543
588.47089 608.20831
760.39832 550.11328
714.70465 547.02557
688.82092 556.33240
646.32190 554.57721
614.44110 546.74854
591.40039 537.23315
548.04315 503.89246
760.39075 596.34143
729.39294 469.08423
544.66125 632.72479
591.26318 571.16785
769.09827 509.04462
574.81006 525.46765
603.79700 615.76221
697.42883 488.34680
588.06909 593.61877
752.19043 664.99084
587.63666 497.10712
572.33594 579.88550
697.90668 766.14136
689.66443 791.94226
771.66693 605.25385
727.18774 739.98145
760.33508 464.26984
608.53882 834.90308
540.04407 637.87891
612.09631 587.32684
743.95361 500.11868
660.46045 500.82031
641.92291 503.14160
604.45312 724.54028
755.86823 641.63782
566.41730 867.29700
629.15417 835.58765
656.51257 817.03766
623.14124 502.83188
605.48828 500.61072
593.71588 499.27393
742.76074 463.05743
607.33752 479.09109
627.14392 471.57874
647.99658 470.07983
667.36407 473.58243
678.33099 479.41974
768.92987 455.37427
672.37646 497.13089
602.08112 667.14722
581.45587 626.34906
559.88550 660.08917
666.03912 792.28296
637.42969 812.60205
570.74463 852.02441
714.92798 763.35876
594.01288 489.91888
564.28601 539.66199
600.83820 853.07129
764.09631 655.22327
562.16418 722.29413
567.52942 727.94952
572.54297 736.17969
576.20898 746.02966
584.67462 770.94745
593.78558 707.99634
600.34460 706.79370
606.09216 704.91296
638.53339 694.29938
729.30017 651.21240
561.47339 517.81818
573.69385 478.08777
586.22485 481.26935
587.77722 708.42029
724.54016 705.60962
555.14038 477.43945
596.32892 791.61383
549.75897 527.40582
580.15436 574.92334
561.79041 805.64331
645.39532 747.52594
623.10529 632.93658
622.65234 772.13562
680.75336 629.99988
646.06799 654.10931
697.51196 665.34937
569.31201 831.24695
591.73853 587.83569
662.57861 766.13367
633.96289 790.22913
665.68329 719.65381
746.86902 680.15253
693.99084 726.51807
750.89185 700.79724
662.56274 680.33679
576.96021 555.35614
580.87811 618.73657
591.85522 624.07196
574.55396 602.39185
593.74976 455.08966
632.54401 439.52011
666.55896 437.61719
692.77368 443.73087
708.38318 455.57510
710.69482 493.39996
774.18176 557.26056
694.98468 525.46619
673.36694 532.62427
643.63562 533.79346
615.43524 529.80865
594.35004 523.32996
579.98560 516.12048
764.02051 559.87317
590.12878 629.44275
566.70007 559.18219
568.05139 618.94470
553.93689 630.00848
565.79089 623.47699
583.83282 635.37079
550.99054 631.65131
546.42566 636.70917
580.44830 498.13641
569.02759 503.27267
562.64258 507.48157
683.99493 483.80823
701.23352 474.08221
383.28751 487.55005
413.88168 486.97751
382.50504 462.50055
352.53729 487.93167
383.96671 512.21936
629.65063 485.42438
663.93567 484.65613
629.28308 458.94788
595.58020 486.23871
630.35760 511.67035
