507.33633 737.10938
509.69687 631.49268
510.13547 663.12073
490.20346 547.05225
509.82422 603.63452
510.32016 569.73468
511.49820 490.79346
340.24841 491.58286
510.94684 439.60062
510.48639 406.43036
509.67725 279.44305
507.61804 746.24353
508.08698 754.95941
508.93323 760.60986
508.90668 760.44775
508.84079 770.52094
508.75421 783.04163
509.18723 796.83252
510.00186 827.87720
509.92105 647.01208
487.37659 648.18774
247.04117 415.86157
408.28693 508.69409
384.44922 512.70435
361.20068 513.66272
330.57581 502.50867
428.53439 501.45020
370.66235 445.72058
398.27502 445.64688
345.64752 452.39334
329.85757 463.09131
310.42328 521.31970
418.30219 880.94482
331.34021 486.28558
237.02838 527.53491
280.35046 508.52026
390.15701 623.17310
475.82214 731.34509
479.81812 753.44489
445.82263 739.17847
425.30777 748.05054
455.61938 754.46948
435.89050 756.90149
398.13239 790.26923
489.00171 631.14392
485.90613 604.70587
295.73309 453.97882
440.41785 555.59564
433.06812 630.27594
431.82169 616.91400
317.83923 624.54791
488.05817 573.33740
355.00659 422.95346
320.12778 434.77054
270.86328 365.05063
461.97769 434.81561
422.33606 453.23990
378.46109 766.61871
266.86053 786.13306
451.69635 645.17603
471.06915 652.54767
400.27765 762.35284
406.13489 762.12140
306.23804 422.10760
431.98468 643.39465
402.17224 421.16934
396.76660 402.17685
371.36432 295.90894
288.99945 387.81210
386.89774 342.76825
280.51929 444.84573
263.68365 428.68106
477.11887 743.62335
450.64526 747.52856
430.35825 752.64001
457.39883 650.27472
403.25781 762.26129
416.10248 766.35480
409.46680 762.03369
463.64139 633.68451
440.40262 759.78992
459.77106 758.83636
482.71320 759.18079
478.27863 827.58563
478.03363 794.50317
478.54382 780.71851
480.24588 768.47260
483.01663 759.22070
440.37857 760.06433
435.95859 764.38745
431.13599 770.50299
427.43103 778.02173
406.23154 718.48962
237.94693 655.98889
510.07529 654.59650
425.53653 761.20892
420.88074 763.48682
478.42361 663.04535
441.08563 660.22913
474.94449 657.83130
414.35126 572.68671
374.48395 591.36389
427.67822 630.10522
310.97510 323.83307
328.58560 358.04337
345.80249 405.37338
419.35706 805.02545
453.23529 403.20456
445.09015 338.21722
435.10904 282.61978
341.69635 510.60974
283.74542 540.98792
441.69244 494.48572
306.04376 477.72092
457.71457 536.67499
448.18854 617.96246
257.83627 569.18195
303.05438 557.11676
335.78656 564.39600
381.57678 556.93341
414.19846 543.70807
438.72342 530.08093
488.53418 498.05997
262.51465 623.61273
286.03323 478.26712
497.46539 646.15411
441.39612 579.71838
230.20850 534.08923
457.26944 515.46863
426.22754 633.52240
320.95386 489.59644
447.75781 602.13434
248.57785 720.83826
441.08420 485.84387
467.52002 584.65900
314.68500 831.67975
318.73743 869.00916
240.94614 640.57477
286.54095 799.57391
249.94092 474.18741
411.87277 911.04236
500.24222 653.62103
419.37582 601.13538
258.55505 514.14520
363.14240 497.76425
383.50146 497.97260
411.93713 770.12256
267.78049 678.79657
457.74792 948.52185
383.98273 920.72906
353.26868 900.00281
510.18170 338.72391
510.95081 952.47766
403.55542 494.89905
422.42639 490.32816
434.87857 487.98242
267.83078 474.74786
418.76343 469.90540
397.57202 464.60931
376.80106 465.04938
356.47467 470.37732
344.02838 477.07037
234.99890 468.79395
349.62811 495.02542
509.80356 687.46674
430.60373 701.04144
451.61880 639.92822
476.16165 689.40112
511.52258 465.87857
345.69839 864.47278
377.51727 888.63007
456.17371 925.82880
291.53735 834.78821
433.95062 479.11337
472.89709 539.13287
510.48282 928.70776
417.50134 937.27307
250.27112 700.21246
460.00629 759.00702
455.54718 766.23621
452.16739 775.69208
450.23621 787.64026
445.61987 817.91553
419.63898 759.52051
414.29886 757.72449
410.04309 755.55182
387.17902 740.88147
298.71234 686.39349
473.72882 515.29913
459.48938 467.68134
443.79492 470.40155
425.42566 761.01642
295.78546 755.17798
480.34888 466.82275
431.84448 849.78271
510.82281 542.27765
489.10068 523.18945
511.18152 516.77100
455.73053 581.52338
510.31781 897.59760
510.23624 860.85596
469.89563 860.44434
374.47519 805.59338
405.77737 657.19702
401.18066 832.11292
350.76846 656.00958
382.20847 685.66016
328.97348 702.45166
460.39117 895.97119
440.83044 598.45020
353.53824 829.71808
386.15448 857.44208
354.29547 772.80981
274.33655 725.86395
324.95016 780.32507
263.22034 753.76166
361.62622 722.60229
457.97379 559.16614
455.93799 629.13013
440.71533 638.48877
465.69739 609.73297
441.02347 449.18408
400.81873 437.73236
365.15280 437.87967
335.73026 445.59503
315.60687 458.89035
303.45428 499.83606
235.06076 583.23486
324.71484 530.47577
349.84320 535.89191
381.82214 533.12146
411.68240 524.82770
434.90619 515.02454
450.94855 506.02496
232.64270 595.08325
441.17780 646.61456
472.24918 561.34302
472.29059 628.43298
485.81549 642.79883
473.13287 634.14398
448.20547 655.17365
490.09366 644.66418
492.65137 652.01917
449.97382 486.20386
463.15756 491.76251
470.78619 495.59460
337.02896 481.96759
319.88611 475.28400
531.54309 546.94965
684.09528 499.34058
533.32782 648.62195
779.09729 414.34888
617.02838 515.03876
639.67535 517.62378
662.27600 518.52264
694.94458 510.70331
598.05994 509.61053
650.75897 448.16370
624.22083 449.87683
675.85577 454.09393
692.61224 465.81836
714.05780 528.17932
604.80023 882.77283
693.89441 494.94843
792.13586 528.72485
742.52032 516.42383
633.05109 623.53461
539.49738 732.84149
537.64777 754.86554
572.73981 742.45728
596.33875 752.35382
564.37555 757.31934
586.74274 760.77625
623.59070 791.85217
530.58759 631.36188
533.69171 604.75061
724.74640 453.75244
583.42316 555.31305
589.10797 630.52716
590.69031 617.03265
706.83289 625.25403
532.71704 573.24774
664.10541 420.32104
699.43817 432.51013
752.74146 363.21545
558.26276 436.42462
601.68988 459.91153
643.29517 768.53064
767.58386 789.04858
570.46344 645.55890
550.49298 653.21741
627.71008 767.68854
621.52618 767.32806
712.54895 420.37811
590.48962 643.93481
618.11230 419.52283
622.02576 400.96710
649.40674 294.40805
733.84491 386.08624
633.72345 341.65491
739.85303 446.73871
761.18896 427.35715
539.07684 745.09851
568.50262 750.61987
591.71954 756.70087
564.51404 650.78925
624.50739 767.54248
610.00952 771.03900
617.96350 767.08972
557.67212 633.94733
582.83844 763.23737
560.96936 761.26233
536.14886 760.46228
542.30243 828.08545
541.58972 796.24384
539.98871 782.17267
538.23444 769.71881
535.89954 760.34912
582.78735 763.39886
587.64453 768.02368
592.81683 774.57220
597.00391 782.38275
614.50873 719.50391
795.24292 658.54620
599.81738 765.30304
604.80280 767.88306
542.73584 663.70654
581.27203 661.05579
546.44739 658.56213
609.29004 572.54791
649.30341 591.58215
595.09686 630.58044
711.33698 321.92960
692.87195 356.48734
672.32690 403.53119
602.17096 806.36603
565.81873 404.51324
575.27478 337.75815
584.65857 281.80557
682.45874 517.02112
740.32007 547.36938
585.36169 503.88510
716.92706 482.17584
566.19800 536.30359
573.10126 618.09650
769.73254 570.29358
721.44873 561.18390
688.53931 566.61487
642.29828 560.04675
609.39435 548.42725
584.54559 535.80951
534.65228 497.99567
765.20569 625.21002
735.72412 482.77454
522.36884 646.36792
581.70221 579.60333
801.15552 534.92017
565.63452 521.24945
596.95636 634.07550
704.65234 498.08258
574.04822 602.13062
785.70825 723.51294
585.98169 496.18646
553.55737 584.60760
714.58527 835.19061
713.12610 872.56189
789.99677 642.80920
744.34717 802.78070
777.34399 473.97748
611.61658 913.56799
519.99664 653.73193
603.83252 601.32672
764.85907 524.64984
660.14801 502.74316
640.70605 502.66281
614.65479 775.00385
760.90918 680.63361
564.77362 950.03162
642.93048 923.60181
676.20874 903.40686
621.88354 501.04987
604.39185 498.72931
592.46655 497.96002
753.83960 481.58557
606.94562 477.52985
625.70715 469.15100
645.55646 467.18289
666.43237 472.23492
679.80072 480.81476
793.82770 468.21173
673.82629 501.38727
590.34656 701.78760
570.31421 640.22601
543.88635 689.81598
681.58484 868.06897
648.09747 891.87054
565.62323 927.31720
742.08875 837.99860
592.93909 488.76215
549.89362 538.87646
606.97040 939.54663
781.42175 702.74567
560.85339 761.27911
565.34570 768.73273
568.95892 778.52936
571.79364 790.89435
575.42090 818.79681
605.60907 764.03278
610.51660 762.38763
614.73059 760.30682
633.69659 742.38812
727.54492 687.78571
549.82452 515.12335
564.54968 475.61450
581.71759 479.47437
600.00366 765.26648
732.26263 757.37732
539.69751 472.48883
590.69244 851.06158
533.35791 523.05908
566.52307 581.47339
551.39337 861.10168
648.91492 807.88879
616.88782 657.84686
622.07581 833.93378
672.78375 656.68604
640.18738 686.51575
695.38379 703.78052
561.12262 897.08923
582.00726 598.42999
671.94250 832.52124
638.43353 859.90454
669.22614 775.19904
754.99329 728.09344
701.08990 782.82257
768.72839 756.65558
661.02124 724.15771
564.98669 558.97980
565.31720 629.28918
581.21643 638.80548
554.68396 609.90253
582.62000 454.12219
621.11407 439.23648
655.93323 437.50714
685.04895 445.08295
706.17737 460.12579
720.77094 507.35962
794.80994 585.08160
699.91290 536.26434
674.17682 540.13641
642.39471 537.68335
612.91260 530.83777
590.22021 522.58667
574.00513 513.90460
799.61841 596.89252
580.93823 647.09387
549.76312 561.12836
547.99799 628.76685
534.62427 643.31494
547.74146 634.62756
573.87909 655.77020
530.03979 645.01196
527.72577 652.30829
576.71240 496.02966
561.16895 499.74585
551.20093 501.49573
687.64844 488.21738
703.87915 480.71942
390.70935 479.94836
416.84674 478.43222
388.46808 459.15985
364.03412 481.45847
392.57050 500.65613
642.08075 482.70929
665.38855 483.54340
643.08575 461.32843
618.95288 481.80365
641.06934 504.35309
