515.38080 747.89642
496.67212 675.99463
501.39658 692.86084
479.73175 578.20190
496.56693 648.13580
498.16214 608.88354
504.19067 512.11230
346.27997 491.62738
507.26318 459.15649
508.06366 426.36926
512.91254 273.82730
514.88800 755.15485
514.53662 762.27478
514.60449 766.53162
511.68665 807.47217
510.50836 817.85425
509.21796 830.62585
508.18600 843.94226
504.92172 859.46313
497.95795 688.09766
471.78961 682.56720
253.40585 380.04013
411.41232 513.63531
387.48303 515.47565
364.43707 513.69238
336.38220 498.28629
431.55475 508.38962
372.77655 450.97003
400.30664 453.28558
348.73541 454.87662
333.95013 462.89713
314.62830 511.24585
409.13031 898.49231
337.81799 484.62067
241.00458 496.40845
287.26025 492.54413
377.21124 624.01471
474.78110 740.17383
475.80518 756.63251
438.29285 738.68988
413.87802 737.66980
444.99939 750.72852
422.26443 746.62268
380.15363 781.26819
475.05832 674.15765
472.50024 646.78638
299.61737 442.56073
434.71051 560.63434
416.86115 649.93445
417.29388 633.01569
305.02170 611.18329
475.88123 610.35498
352.77618 423.32684
321.23920 429.17560
277.43506 337.66046
457.25870 447.78119
424.66272 462.53815
357.84140 749.22333
267.19562 752.23718
434.17249 667.57190
454.14478 677.29285
381.37949 739.00488
388.19165 741.83081
308.32629 412.58640
414.45667 657.21869
397.46533 427.69208
392.76599 408.77692
374.95435 283.62073
293.97015 374.06683
389.25607 342.97363
285.58032 429.05963
268.14499 406.78943
474.53098 749.07166
441.39746 744.98181
417.79776 742.18774
439.08020 671.48462
384.79132 740.37952
398.42749 764.52960
391.27545 743.42578
448.22488 667.08789
426.44122 749.91083
448.95789 754.91687
478.32620 761.27637
466.34930 855.53174
466.92499 837.60797
469.18182 824.44580
472.80844 811.64331
476.91644 802.39032
426.52048 778.34503
421.12012 781.54480
414.37027 787.17822
409.68747 793.91199
385.16791 717.79974
244.93311 612.27521
499.35452 691.46338
411.17770 763.92871
404.65613 763.58130
463.53931 687.57111
421.69455 670.52911
458.92780 682.64221
409.02814 572.04999
366.78009 585.55731
412.11652 641.67725
316.42053 304.44745
332.93515 351.50406
344.29651 404.11722
402.41858 810.81085
449.32126 417.61493
445.95483 341.73685
437.72928 274.29648
346.30942 508.00867
288.63458 525.10400
444.38541 503.43622
311.47290 469.88019
451.81616 546.70428
433.37073 647.06683
256.94330 545.92444
303.91180 543.90851
333.04202 555.56519
378.34033 554.38220
412.04028 546.14459
436.37967 536.94897
481.55231 517.36041
255.10330 599.34528
291.71939 464.54248
483.95300 686.54626
431.61624 589.10065
238.68631 488.40082
454.70380 526.87952
410.56140 639.74963
327.41641 484.69763
434.31305 626.33124
252.33752 680.46545
443.98303 495.31497
455.04156 616.33484
308.12854 820.47540
315.84265 855.67401
238.80832 609.33844
278.68506 781.47156
253.55753 446.65771
405.02386 930.08533
487.57263 689.91974
408.39261 604.73303
267.68362 492.92468
367.98199 501.03583
387.76758 503.12750
393.55298 766.19562
255.27698 655.63275
450.88803 973.73450
380.09998 928.14545
350.63232 897.54309
510.52576 344.37296
503.94952 981.52478
407.64563 501.33490
426.69519 497.82281
438.72729 496.44519
274.84875 455.92499
421.09583 477.87616
399.69852 471.31073
378.84763 470.39557
359.55408 473.59332
348.43475 478.30365
241.32285 427.17181
355.16141 496.62750
503.05750 711.21930
411.94766 708.43506
434.78806 665.60071
462.62744 709.19806
506.44250 482.61639
341.58453 861.61865
372.77530 895.89612
448.42456 953.12939
289.51205 810.87695
436.62656 488.29800
464.34055 560.59338
502.83615 960.93274
411.55917 955.06738
244.98328 670.90320
448.91321 792.01648
442.95853 798.61096
437.55984 808.53461
434.03204 820.27087
429.62469 837.10211
403.03687 743.64600
398.65152 740.56018
395.11948 737.54791
365.01184 730.54834
281.30280 670.92419
467.45322 530.63721
459.48615 480.53253
445.78012 481.27441
407.53784 746.36530
280.59714 738.91461
477.76364 483.76147
419.75650 865.65094
500.16821 575.49597
480.44299 548.99298
502.08859 544.60797
444.58820 600.92993
502.90155 929.62915
504.00256 891.79639
459.77493 886.83398
363.30634 797.24866
389.93686 659.45233
389.81891 835.08398
333.81485 652.34540
365.61798 684.51520
311.11459 692.86053
451.42233 923.00391
428.93750 611.21564
346.16168 824.65869
378.42487 863.11786
339.97754 758.00452
261.00336 704.50531
311.56915 767.88580
257.06131 728.74078
343.62482 711.66827
448.94556 574.79163
440.46634 661.78790
423.85876 661.22382
451.64001 646.93481
440.10776 459.96869
399.81546 445.14380
365.29053 442.10339
337.65814 445.95398
319.77988 454.84027
310.05420 488.63443
237.08966 552.00165
327.59033 522.65155
350.65329 531.44019
382.41943 532.82959
412.52158 528.17133
435.45749 521.45801
450.96375 515.50195
241.90689 549.18475
423.48712 664.78760
461.65875 587.78442
457.25751 668.10107
470.48669 680.30371
457.60175 671.02386
429.22510 671.01379
475.62341 683.97974
478.45114 687.20203
451.89801 497.11792
462.84964 504.23813
468.48370 510.65741
342.34729 481.85495
325.55450 471.95309
521.72723 579.03625
675.13794 502.52463
529.22943 683.50104
800.37524 388.60712
609.31165 522.58093
632.63464 523.98480
656.37463 522.57727
688.61890 509.95871
590.00177 516.97455
640.79352 460.36429
614.46796 462.47101
665.76489 464.14752
682.78467 472.60626
712.69348 524.03571
604.91071 905.09595
684.69055 496.37201
811.14819 508.01935
744.92944 509.61536
640.64636 628.64789
558.00067 743.69385
555.24060 760.28815
597.13965 745.82581
623.57727 747.41217
588.76855 757.68036
614.23291 755.96857
647.33209 785.23785
519.47900 675.05786
521.80121 647.59375
717.37305 457.28790
582.55139 563.29913
591.53735 651.86804
592.88525 634.84637
719.58276 619.35883
521.55804 611.04968
650.53015 434.32977
687.83630 441.72559
769.44141 345.26291
547.88879 455.84653
592.42950 471.23236
671.96252 753.20398
792.97253 768.76599
573.88977 668.85468
551.75085 677.88660
659.38232 752.55994
652.20135 754.79639
702.96338 427.54706
596.22101 658.97156
604.34454 437.78589
607.67407 419.62448
659.07410 287.88327
743.21771 384.16016
637.15485 349.01636
736.69885 447.33899
775.22540 417.67456
557.21021 752.61023
593.05438 752.04718
619.21124 751.63312
568.88599 672.49768
655.72595 753.62634
637.50623 775.57507
648.74078 756.02197
554.65015 668.58807
609.87158 758.90460
584.55408 761.48535
552.76715 764.72064
545.56824 857.41248
551.38397 840.51227
551.10986 827.25934
550.21844 814.51233
548.52374 805.26392
606.26379 786.68231
610.86316 789.84814
616.48969 795.56830
620.12830 802.18701
635.13855 720.30328
821.28345 627.37628
625.34021 774.25928
631.50818 774.27368
542.21252 688.03638
590.29486 671.86066
546.82697 683.18024
609.61047 575.69171
653.43018 591.08832
600.19434 643.65765
723.87921 310.59659
698.14050 360.58981
659.36469 416.75592
620.12390 814.97473
553.56799 426.99265
577.56287 344.74045
591.75140 276.61279
676.67456 518.52679
741.63696 538.90204
577.13501 511.29980
711.07361 483.16821
563.78412 548.86298
570.20850 649.15344
781.87402 557.76434
721.06177 554.41125
686.57117 562.14166
638.95142 559.02313
605.36102 550.21124
580.19122 540.23181
528.54309 518.35504
781.37097 611.44159
734.11414 481.14017
512.66644 687.13745
583.08350 591.26001
826.10687 499.58942
560.63434 528.92859
604.48145 641.67236
696.94824 497.18140
571.76208 628.13470
812.35651 696.86322
578.28912 504.22656
545.99353 617.84796
728.23260 833.81732
726.44788 870.63104
811.49152 623.82794
764.10962 795.82330
794.63800 457.11835
608.85742 938.03296
511.48911 690.21912
608.11151 607.80017
771.52875 512.77258
650.93396 510.35620
630.89600 512.20758
642.34528 777.47681
782.59790 668.51434
558.47235 977.94147
643.04938 938.50049
681.69818 910.28833
612.29688 511.08069
594.92981 507.86554
583.72894 505.98706
757.36670 475.94568
598.80652 487.78406
618.49768 481.13504
638.30023 479.80951
658.14252 482.96423
670.61426 488.16766
817.96851 436.40134
664.94360 506.74487
603.53558 709.90906
571.84503 667.21179
546.22632 709.96362
687.30609 873.59180
649.73218 906.59302
558.95660 957.52740
762.20587 826.68530
584.72943 497.54822
544.22406 562.12817
603.34412 962.47070
805.44849 686.38123
580.07489 797.80603
584.19006 804.38049
587.70673 814.17523
589.46661 825.70862
587.18530 840.41785
636.03271 754.90594
640.72479 752.12659
644.83246 749.36816
660.76282 733.67139
748.73846 681.18182
545.39362 532.40924
557.46600 486.95215
573.73889 488.90210
631.33984 757.21686
755.21045 750.64435
533.58850 487.06512
596.31262 870.72894
525.14056 549.84619
564.17657 602.90497
550.47534 889.64148
662.89966 803.98010
627.22223 662.29980
632.01233 841.33392
687.21204 659.15686
654.74475 688.93951
714.46948 701.18890
556.15918 926.72687
583.64081 613.01068
680.48126 834.20789
643.25513 871.78497
688.41656 764.83667
778.58563 717.62604
719.30981 778.04254
791.52930 744.11273
682.00525 716.83508
562.85828 576.77856
562.15179 663.66406
583.52130 663.09235
546.81616 648.59796
572.79425 468.01031
609.53778 454.23444
643.23779 451.09839
673.17548 455.40213
696.23083 465.89334
718.01196 503.75711
813.77319 565.21759
696.99689 533.38245
670.64209 539.61584
637.49762 539.94690
607.29938 535.18799
584.48206 527.99103
568.33246 520.81000
824.67786 562.17383
585.55444 666.31433
542.78589 589.33575
540.62671 669.72760
529.07538 681.79749
542.86188 672.79401
580.72827 672.10675
522.26996 685.04126
521.61786 687.86816
568.92902 504.26483
555.47388 508.87848
545.73035 512.45972
678.11621 492.48956
695.16663 483.51526
385.60822 484.76471
411.26614 485.21902
386.25195 463.96887
359.66476 484.30298
384.84879 505.52570
638.56091 494.80624
664.33746 494.29526
638.24805 474.80640
613.33270 495.22827
639.16345 514.90839
