512.04712 707.88000
505.70395 618.67859
505.70975 647.34186
486.45477 539.59314
505.59915 591.74829
505.70041 559.95337
506.58441 487.45734
344.55597 498.28513
506.93378 428.99438
506.95157 395.53357
507.40018 279.03177
512.03137 718.41498
511.64661 729.52008
511.29086 736.40204
510.76147 765.24048
510.83875 776.94153
510.42700 791.41693
509.84164 806.36804
507.44214 831.13116
505.77237 633.71539
483.76535 634.59021
268.74561 413.12146
407.97778 515.49701
385.41547 518.66010
364.23929 517.82587
336.40027 506.43707
427.58447 508.71854
376.00589 438.29144
402.52249 441.16211
351.09253 444.65790
334.81372 457.57263
319.73413 520.54413
420.75443 863.27063
337.12164 491.35461
258.25781 519.97180
295.58475 504.78674
385.46036 607.59076
476.64114 701.64020
479.05554 727.50769
442.25452 708.75812
419.88696 716.63184
452.09085 726.99817
431.51886 728.40314
387.01431 764.78973
485.91168 618.44281
483.10187 592.66003
306.63022 435.18024
436.58429 547.33740
427.62128 614.66797
425.88324 602.20001
316.83484 607.42328
484.48465 563.34808
357.64517 400.71417
327.30832 412.89209
288.82001 364.05490
456.35605 416.85291
425.03970 453.36707
367.95636 732.78552
289.07288 757.21899
445.51318 629.12921
465.94885 636.88849
394.63501 733.05310
401.33780 734.08478
315.68933 399.69934
425.61597 626.11731
398.93134 399.64856
395.40210 381.25854
377.78030 295.81067
301.91699 381.85986
390.30231 338.36850
293.62268 427.05078
280.14160 421.80914
477.21912 715.51581
447.10358 718.36780
425.55911 722.65509
451.12027 633.89417
398.06137 733.56549
410.19901 748.54132
404.47870 734.67664
458.62112 620.03351
436.33728 732.12463
456.40277 732.40027
481.37982 734.17383
470.51193 828.86676
472.76501 801.88989
474.82510 787.29626
477.82123 772.92426
481.21445 762.52002
436.60001 751.66034
431.14142 755.78009
424.55737 762.29346
419.53329 769.88416
396.25415 690.13385
261.01297 637.18042
505.80774 640.80389
422.03052 745.16907
416.10605 746.37524
472.69540 646.39203
433.56656 640.65234
469.57379 641.76434
410.16397 561.77484
371.42249 577.58862
421.12213 614.03174
323.50375 323.95270
336.95657 352.95050
350.00732 384.01736
408.65909 790.24243
448.82584 384.98859
444.70084 334.45789
436.99496 282.34393
346.43671 514.36676
297.42886 537.47021
441.10406 502.10815
315.28671 471.55289
454.11374 530.57605
443.66861 604.12415
271.27057 557.89789
312.05640 551.10522
340.46658 556.51697
383.10239 551.24353
414.83151 541.39325
438.98895 529.36060
484.79333 494.69830
271.38654 606.66394
299.43234 468.25342
494.01788 632.91516
436.25977 568.83777
254.43707 525.05963
457.09827 515.43768
418.80280 616.64233
327.52765 492.24597
442.60733 589.08423
270.90021 696.29993
442.24963 494.22186
463.84586 573.61591
331.91211 803.66113
339.87244 837.29645
257.53937 623.61438
303.77878 773.07104
268.71277 468.08759
420.08975 889.00891
496.49600 639.94745
413.74573 587.40576
277.53564 511.51483
365.19873 505.90964
384.24844 506.82361
405.07928 751.40277
275.03064 657.94904
462.46741 924.05957
398.46548 890.92871
371.99936 868.51556
506.74747 334.56903
509.13156 928.60535
403.71652 504.26859
422.05475 499.98111
435.16986 497.28931
283.92957 465.73715
419.47406 475.62662
399.57224 467.38110
380.07843 465.83649
360.54492 470.75708
348.56415 478.73267
258.52618 463.98291
352.71295 502.45782
505.65561 667.27258
421.54214 675.82898
445.82504 624.69958
469.47388 668.10126
506.85364 459.73810
362.00119 836.49097
390.30362 862.50854
459.94067 907.11664
313.63812 804.01526
434.95682 486.88385
469.22739 532.70129
508.66968 911.39648
427.14218 910.46216
265.84195 678.89600
456.51947 757.59802
450.97644 765.19617
445.96643 776.05737
442.46304 789.01532
435.07431 813.03479
414.96735 730.71973
409.16611 727.68762
404.34998 724.39178
376.69537 708.58319
300.07684 665.50409
470.07690 510.87906
457.97202 469.18591
444.51849 475.42120
420.08936 733.00098
303.81073 730.68451
479.24625 462.84125
427.61786 836.70898
506.07925 535.10364
485.60294 518.27838
506.34985 512.29865
450.54816 570.51117
508.30560 886.70258
507.90546 856.96692
465.63702 854.24615
375.40524 778.31171
400.17618 637.84998
399.33228 811.23120
347.77051 638.08600
377.96350 663.50824
329.42712 679.82654
460.58286 883.09106
434.59341 585.44092
363.00128 803.12152
392.09518 834.37561
354.69226 741.75946
283.42572 702.39160
331.93176 753.46307
280.27365 729.52960
358.62250 693.76215
453.66016 550.74707
451.29788 615.35291
435.21475 622.69775
462.57162 597.27362
438.84460 443.18985
401.17731 426.20337
368.39856 424.55420
341.62296 432.67075
323.16931 448.06677
314.15125 498.09528
254.81799 571.46021
331.25043 529.14880
354.26416 534.15051
383.64774 533.42621
411.80618 527.46948
434.30478 518.58484
450.03485 509.62067
256.46936 581.22253
435.01785 629.64154
468.23489 552.57489
469.00024 615.85284
482.28592 629.76776
468.96429 621.11816
441.19934 637.22717
486.68552 631.60986
489.10901 638.40643
450.14410 493.30298
462.19406 495.28174
470.28052 496.01678
342.09637 485.12067
325.95349 473.03955
526.12360 539.12976
680.21069 494.79071
527.68622 634.48596
744.65881 408.12610
614.92975 512.01685
637.41656 514.91345
658.88263 514.45654
688.68433 502.72766
595.37775 505.83136
644.80957 436.89014
618.07275 440.98022
670.82196 441.22723
688.37750 452.80212
703.44177 516.66589
598.44800 861.34631
688.29675 488.22366
757.21619 514.68274
725.77417 499.77649
630.49298 605.65479
547.15649 702.48193
543.90601 728.56720
580.86926 710.26776
602.25330 718.70587
570.28363 728.82251
590.15356 730.73615
628.36798 762.79144
525.52802 618.21136
528.20581 592.30231
713.33502 427.04932
578.96338 546.00037
585.03503 614.02045
587.18256 601.34448
700.75616 603.90247
527.21326 562.85834
659.04883 394.26178
691.10645 405.12787
724.54688 359.53067
558.02533 416.15082
595.79810 453.32239
647.18445 730.86322
731.78400 751.95728
566.65381 628.84204
546.01141 636.81366
626.10065 736.58276
619.24768 737.47656
701.78796 390.09607
586.99579 625.52545
616.21515 395.75632
618.80469 375.54190
636.99585 293.65915
712.17712 376.58438
624.08844 335.77911
724.88745 418.39020
734.24365 416.27283
546.39386 716.49042
575.86847 720.12024
596.56793 724.77374
560.82666 633.65857
622.60779 737.06042
610.50427 752.05969
615.89417 737.94189
553.16290 619.75079
584.73779 734.29065
565.28485 734.16919
540.84174 735.21979
545.59015 828.12970
546.58185 803.37122
545.55725 788.56384
543.28546 774.21021
539.98578 763.78223
583.62769 754.65039
589.44519 758.95300
595.95630 765.66492
600.80902 773.38165
617.83649 688.91815
756.43652 631.64941
598.21338 748.28888
604.46246 749.76733
539.32697 646.29028
579.06610 640.33142
542.38873 641.72119
605.55267 560.06903
645.22211 575.17139
592.23389 613.24060
690.84485 320.38144
677.29700 348.69485
665.76581 375.56802
607.64716 788.24963
563.91986 382.20844
569.25568 333.26950
577.78503 281.35110
677.64209 510.88837
725.02124 533.31824
581.90918 499.59338
707.73712 465.62732
561.25378 529.43475
568.59924 603.55048
745.91040 552.95032
711.08826 547.43140
682.78699 553.50537
639.85504 549.49622
607.87286 540.15997
583.06232 528.85925
528.98444 494.24231
746.87616 601.88403
721.47064 462.10864
517.51007 632.82257
578.37384 567.72095
760.37769 519.78235
564.18939 515.17969
594.89587 615.83667
697.95270 488.13904
570.03717 588.35468
747.98389 690.69336
581.15729 491.61374
548.40631 572.89020
689.75946 799.92157
683.34540 833.55975
760.36523 617.92346
717.36084 768.30902
745.78729 462.88458
599.55225 887.10095
515.01025 639.93268
601.21112 585.99475
742.61902 506.32303
658.07513 501.71814
638.72028 502.17133
615.68103 755.00647
744.34589 653.13403
556.90900 923.26282
623.74744 888.14392
651.25562 865.29578
619.45251 499.74200
601.14972 496.12344
588.25793 494.21222
734.77344 458.97128
603.08435 476.84760
622.54071 470.17426
641.85065 468.32709
661.69690 471.35834
674.69562 477.45508
755.24756 458.99719
671.22638 498.75577
591.80273 675.20959
566.19775 624.44379
542.74744 668.07141
659.28632 833.34125
630.26263 859.94824
558.74109 906.19611
708.95740 799.45001
588.16290 485.76233
544.76819 531.86133
593.57538 908.56171
753.01129 673.20966
564.22888 759.89441
569.71246 767.67749
574.49286 778.63782
577.54083 791.74249
581.28973 811.21173
606.40326 733.43445
612.30554 730.45612
617.46851 727.00537
637.90967 706.97064
718.82245 661.47266
544.43536 510.12848
561.75983 467.84164
576.93671 474.03131
600.76965 735.54669
716.58539 726.36505
537.96161 462.77667
590.59167 834.88159
527.54016 517.73450
563.04645 569.71167
551.65625 853.28101
642.52942 776.02356
614.21973 636.54962
618.92535 809.07764
669.38574 635.25208
637.83594 661.60626
688.87640 676.67651
557.54431 882.17719
579.21118 584.52496
657.09344 800.25171
627.58698 831.97168
662.93689 739.44952
736.84167 697.52008
687.92603 750.15698
739.76770 724.07745
658.12750 691.59656
560.69763 549.86975
560.63879 614.92047
577.03949 622.26190
549.08801 596.76318
579.70178 442.37167
616.89545 424.65552
650.45215 420.99756
678.51648 427.31467
698.71619 441.62930
709.55969 493.43329
761.74304 565.90179
692.32452 525.82123
668.56104 531.21350
639.15155 530.72766
610.78998 525.16693
588.08191 516.97662
571.92206 508.24695
759.70789 575.77246
577.13770 629.17725
544.84528 551.76996
542.49512 615.40839
529.09821 629.58002
542.61267 620.87823
571.04498 636.82867
524.82629 631.36639
522.24896 638.27490
572.62646 491.03662
558.90344 493.93152
549.52209 495.70041
682.36084 482.76794
698.51630 467.90378
383.05634 487.49243
407.03156 486.42719
382.49829 465.67133
358.86334 488.70972
383.55695 509.28268
644.58838 483.74329
668.99103 485.03506
645.53333 462.09778
620.31866 482.36359
643.73572 505.36450
