514.40466 760.79803
501.86945 679.03961
504.14374 696.62891
482.61655 582.92072
501.54718 652.86664
502.37515 613.85876
505.46973 514.67108
346.64014 492.39163
506.07462 453.03546
505.96600 418.77673
508.36420 270.47110
514.93469 766.94409
514.96021 772.33051
514.72668 775.82874
514.85034 775.33398
515.40662 784.46387
515.74683 795.64703
515.88617 807.78864
506.39569 840.10486
502.72116 689.91785
477.88535 685.17114
249.59573 373.43903
409.29108 514.38434
385.95215 515.76868
363.26538 515.04712
335.61105 502.22852
429.12079 510.26880
375.25940 452.06042
402.27356 453.83636
351.38455 456.70090
336.33252 465.41217
312.20935 517.38995
419.16803 876.70544
338.52942 486.92133
237.93564 489.72684
284.55710 500.09280
388.15732 632.27759
486.19720 755.05676
489.86707 769.90582
461.35425 758.88080
444.13980 763.29584
468.43613 768.97595
451.57986 769.27563
402.26239 794.49463
480.96768 677.44116
477.17941 652.05151
300.63232 449.96643
437.28549 564.11884
425.80307 657.74451
425.95993 641.18799
318.16653 623.68958
479.74155 615.66376
357.58331 429.33749
324.21167 435.79764
269.47430 332.35345
461.53534 453.27972
425.62976 462.94244
383.28790 773.59570
268.11127 731.57806
443.65802 673.50385
462.93427 682.37958
421.43155 771.07800
426.51874 771.32361
311.18842 419.07129
425.65100 666.56268
403.22803 433.49857
399.07248 412.72726
363.06348 281.29102
284.93478 369.38556
377.32864 341.29608
286.29932 436.40741
263.22681 400.89142
487.87973 763.58783
465.03391 764.42529
447.80096 766.39734
449.23218 677.62506
424.02197 771.20496
435.00778 776.35193
429.35315 771.49799
454.89938 670.17615
454.66400 771.62140
471.40656 772.12561
491.74478 773.92432
476.94394 837.91150
488.76273 805.73535
489.63144 793.41083
490.66541 782.31250
492.06793 773.65253
454.74493 771.92065
451.34283 776.00323
447.69327 781.72803
444.70355 788.53705
408.11017 733.99835
243.22147 596.59991
503.38837 693.28204
442.24396 771.90533
438.79163 773.80609
471.76413 693.13965
434.91849 680.90851
467.43250 687.92719
413.37933 578.10638
374.17651 595.63751
422.72668 650.68872
304.76886 300.62531
320.83514 348.08923
349.65991 408.46307
422.15231 810.47443
454.88293 421.10617
437.49359 341.14136
428.65472 272.14249
345.27997 510.71503
284.65079 533.86877
442.14667 505.74472
311.57941 474.74997
453.28452 548.84515
439.67041 652.93774
256.97842 547.83521
300.03445 553.18927
329.58411 564.23669
375.14496 561.62402
408.97296 551.99481
433.84979 541.59308
482.68857 519.80347
262.26398 605.30103
291.07599 471.12872
489.38882 688.62897
437.60071 593.97803
236.20914 477.97641
452.96616 530.13446
422.55905 649.20105
327.37939 488.84387
440.24731 632.75183
251.36252 662.09070
442.29224 496.90219
459.18857 621.76923
313.59601 809.19525
316.37210 833.54797
241.12427 602.96484
285.82166 769.78973
249.88766 440.06128
411.76544 903.55072
492.47928 691.94458
416.90570 611.78308
263.43118 502.43445
367.92145 499.17987
387.09485 500.75317
431.57413 779.49689
268.25742 658.40692
455.67078 941.81287
382.90076 900.52588
351.57318 872.81555
506.89651 342.33981
508.30768 948.03424
406.37836 499.76929
424.80316 497.80688
436.70215 497.65399
273.58627 463.66626
421.60162 475.89136
401.42670 467.73529
381.03107 466.73920
361.50275 471.39032
349.91656 477.96805
239.13599 418.97150
355.35880 496.00085
504.66327 716.28345
428.81375 720.86298
443.43689 670.64612
471.22116 716.33203
506.34146 480.63849
345.61914 846.03058
377.26538 875.28815
454.76550 923.44958
290.56891 789.21655
435.58807 488.40131
466.50787 563.71643
507.23425 929.49072
416.19363 924.96716
249.89005 661.82751
471.66153 772.19012
468.54065 779.07251
466.11578 787.98651
464.42694 798.97058
446.37640 826.09399
438.18875 770.13690
434.35657 768.68921
431.19986 767.08118
391.89578 752.60510
299.70032 677.91724
468.36359 532.55048
460.11249 482.20355
445.35822 482.40356
442.34000 771.61035
296.52557 737.73145
478.82013 485.41370
432.41049 850.15472
503.49237 579.90149
482.15323 552.65192
504.45169 548.07947
449.53693 605.84521
506.53644 901.67126
506.47137 868.46692
469.11209 865.15613
376.12558 803.28345
403.28683 669.06171
402.14185 829.59302
350.42725 662.02771
382.59729 695.31323
330.49246 702.34045
459.72858 896.57111
436.26617 617.51617
354.17746 819.89447
386.11588 850.04712
356.26758 772.93109
274.87799 702.84656
325.35040 771.17059
262.65231 716.99432
364.90161 729.04108
452.52716 578.13129
447.11581 665.89832
432.78546 667.74536
456.91748 651.92773
442.60858 462.57574
403.36823 448.07199
368.92020 445.31952
340.55786 449.57642
321.34601 459.38440
308.44788 494.55527
236.08936 545.65918
325.23367 528.65790
348.21771 536.41052
379.90247 536.73901
409.95996 531.61646
432.99417 525.05811
449.01929 518.69183
239.71506 536.26666
433.82422 672.62659
464.90485 592.19232
463.44397 671.33435
476.32922 682.43451
463.97986 673.51605
440.99112 679.37189
481.29086 686.12897
484.00870 689.54291
450.29343 499.22458
461.84442 506.61725
467.82584 512.50781
343.46997 482.88611
326.64734 475.40308
525.02338 583.00989
685.88745 491.51648
530.32703 685.35620
797.81567 372.72601
615.32910 512.14362
639.56091 513.73663
664.46692 514.24988
698.17169 501.45822
595.14191 508.69977
657.44110 452.77905
628.11572 454.88852
683.35162 456.89227
699.38269 465.37836
722.10535 518.31158
598.67194 879.80853
696.72253 486.20612
809.69080 490.93170
753.51550 501.79034
631.36823 633.24744
542.14423 755.32678
539.71143 770.38629
567.71564 759.08441
585.03290 763.86237
560.77985 769.59570
577.47430 769.96674
616.54504 796.08069
523.42474 677.76770
526.25092 652.23798
734.82104 452.36920
582.14032 564.29468
586.54993 658.65918
587.89990 641.87970
707.37439 625.39752
525.67358 615.70660
673.77094 432.11386
709.65637 438.21759
770.41656 331.18347
560.15454 456.16074
602.31030 464.25977
635.81110 774.76666
786.29938 734.91400
568.19696 674.30096
547.72772 682.82263
607.65747 772.92468
602.55298 772.74646
723.73071 422.22894
588.01422 667.55768
624.85187 436.21777
629.82391 416.19196
661.40002 279.89224
747.76501 368.73431
642.37592 340.32892
750.63110 439.32605
776.32330 401.14124
541.53333 764.01019
564.47754 765.00165
581.52234 767.05920
562.37946 678.37561
605.07568 772.86047
594.52155 777.93103
599.67664 772.69360
554.20538 670.81616
573.61823 772.06915
557.15741 772.69080
537.36694 774.30933
536.98590 838.78198
542.16718 806.60248
540.97168 794.10767
539.27649 782.91437
537.05328 774.18109
573.38525 772.67426
577.54462 777.23224
581.81268 783.36847
585.33136 790.47943
607.36194 734.77600
817.19672 599.10291
585.80255 772.62927
590.17688 775.06085
538.28705 693.55969
579.32574 681.82117
542.91937 688.41754
607.36273 578.59601
647.67389 596.64233
592.40302 651.60608
727.56427 299.10126
705.31989 347.21509
682.84546 412.18024
594.91528 812.34949
568.87366 424.17480
578.42377 340.62061
590.86389 271.27417
685.47632 510.01617
751.93134 535.28986
582.14917 504.88254
724.60297 475.85736
564.50397 548.87201
569.73743 653.67078
780.93054 549.79822
732.74432 554.48059
698.42065 566.07599
647.59052 563.03046
611.32397 553.00623
585.42737 543.47906
529.68250 519.75385
773.85187 607.68848
746.48492 473.30264
516.30676 688.81134
579.86652 594.15765
821.73145 478.55844
565.72516 532.58502
594.51923 650.04547
708.79932 488.27362
571.01398 633.21167
807.58118 665.36273
582.88470 495.86389
548.54651 622.07483
718.61157 813.16211
722.09497 837.99548
806.41687 605.56445
751.90588 773.00153
793.98523 440.59738
607.49866 907.33954
514.60120 691.98395
602.01562 612.34967
776.56372 504.89001
660.14886 497.40561
639.41235 498.00848
598.30713 781.42230
768.12122 660.92078
562.48193 943.93158
644.05365 905.00305
680.66833 877.75983
619.61725 496.64154
600.71820 495.38739
588.47485 496.10779
765.86755 465.93030
606.77722 477.57266
628.65344 469.77597
650.64844 468.49231
671.43158 472.24451
684.00574 478.08478
813.75110 418.62268
674.80499 494.85782
585.14197 721.47473
567.74664 671.51288
539.34186 716.70520
682.50031 850.70508
646.52502 879.92401
561.11072 925.59473
755.95557 792.72144
590.65387 488.84518
546.00037 563.79700
605.44458 928.45721
796.67432 664.70612
556.88513 773.01465
560.64270 780.14893
563.73267 789.33240
566.23517 800.52179
568.83344 827.56824
591.04022 770.93243
595.00604 769.67261
598.26996 768.10718
625.40094 753.42627
729.14496 679.98950
546.71985 532.58362
563.04761 483.68005
579.89484 482.97247
586.17719 772.11859
735.30029 740.09637
539.38574 488.50439
584.29468 852.43152
527.75562 552.65564
563.71667 606.23615
545.07886 866.43762
644.74817 806.10449
614.54382 669.97156
617.07385 832.39203
670.70166 663.48059
635.74493 696.53491
693.37366 704.39093
554.71106 898.37335
579.65338 617.82373
670.32153 823.69861
634.98828 853.79156
665.09607 775.33911
761.52740 705.22351
700.94629 774.06750
781.24548 719.89166
654.83508 730.62537
562.64008 578.32568
561.82812 666.62299
578.78253 668.73779
549.31451 652.44659
583.28479 464.41284
625.71576 449.71863
663.21216 446.32034
693.77863 450.35101
714.15204 460.26514
727.90759 495.48532
811.66602 547.58112
706.62231 529.27600
679.66980 537.20239
644.49695 536.52606
612.55750 531.11053
589.00665 525.20593
572.49335 519.43323
820.73511 537.69141
578.54803 673.53101
545.06512 592.35199
542.66333 671.85907
530.99286 682.97144
543.78931 674.25757
571.79242 680.14996
524.97833 686.49335
523.61005 689.64795
573.98859 498.68445
559.45416 507.67447
550.55676 515.31091
691.37836 482.66443
709.37415 475.26965
387.18979 478.30640
409.68246 478.41849
387.41516 457.12469
364.35608 478.11542
386.73480 499.76450
645.92578 479.78775
669.88953 479.55252
646.10034 459.52649
622.22339 479.80304
646.01721 500.22751
