515.22070 697.21368
509.86713 621.19141
510.12903 648.64655
489.42654 541.63928
509.64517 594.62238
509.71484 562.83032
510.27155 489.22137
341.95087 491.09961
510.16006 433.48788
509.90384 401.26117
509.29071 290.76575
514.78961 709.73938
514.27478 723.38678
514.10718 731.91949
513.31702 761.44263
513.22296 772.55225
512.85571 786.45178
512.50989 801.84088
514.13391 836.27399
510.10065 635.77002
486.94949 635.97229
245.52359 415.27386
409.52911 506.52795
385.39944 509.34076
362.11078 509.62415
330.67877 500.91534
430.50320 501.07755
370.08728 444.05539
398.02896 445.58722
344.47284 449.38947
328.16809 459.74408
309.47021 516.12207
420.46066 865.88202
332.83871 487.32727
235.91864 519.11243
279.99249 502.15955
385.20123 607.29761
479.86789 691.08331
481.94974 722.28223
443.88916 701.17725
420.59412 713.71936
454.43756 723.83557
433.27557 728.01654
394.07434 769.76837
489.04276 620.79761
485.99805 595.29077
288.50665 438.90369
437.31976 547.21124
429.93384 615.68591
428.26492 603.15039
312.32217 606.67499
487.54718 565.90613
346.41544 409.15924
311.55515 419.52243
268.87372 367.98666
458.73444 428.21097
422.83051 454.58075
375.88733 738.42657
271.46768 758.63208
448.95755 630.27026
469.59680 637.76758
396.08084 739.32861
402.66312 739.62195
296.28302 404.25769
428.54300 626.84857
394.91681 410.43396
389.17438 390.57471
368.24762 303.99997
286.08557 386.05835
383.05643 344.75772
273.01266 429.04309
261.83731 424.72845
480.06216 707.53571
448.99863 713.15063
426.63864 720.97760
454.81076 634.73541
399.39532 739.46228
411.73346 752.78394
405.90820 739.90393
461.86130 622.04614
438.65808 732.47131
459.29181 730.42957
484.69287 730.48425
476.04401 833.19684
476.80695 798.10022
478.51624 782.89612
481.26147 769.33374
484.29596 759.48474
438.87149 752.97339
433.77756 757.25952
427.30933 764.07007
422.47772 772.44690
401.71823 692.13867
239.14493 636.72345
510.17734 642.41388
423.46350 748.26440
417.61679 749.98938
476.84665 647.30511
437.29391 641.35925
473.44617 642.68835
410.12094 561.42981
369.40469 577.05927
423.68167 614.78229
307.88904 329.57083
324.59796 358.20703
336.38141 390.20944
413.91473 794.42615
448.66553 395.86682
442.35144 342.14081
433.14117 292.68555
342.45282 507.14001
283.79028 533.66937
444.26932 495.43188
303.15210 471.16653
455.43198 530.70288
446.14038 605.97705
255.35120 556.68665
301.67773 547.96246
333.98782 554.45801
381.04883 549.54333
415.63943 539.23566
441.47363 527.54395
487.32330 495.84879
259.11990 605.71387
282.82434 468.79242
497.54144 634.83081
437.74054 569.17694
228.96759 524.83948
460.49124 513.99774
421.51489 617.26605
320.15912 488.62283
445.28558 590.72046
250.68567 696.36353
443.71136 487.71857
466.40259 575.75085
321.45554 805.71069
325.70831 840.68011
239.52072 622.52429
292.10684 773.99426
248.17990 468.76788
416.95538 893.65942
500.28412 641.45355
414.60132 587.44684
259.45026 508.01505
364.57486 494.74512
384.36319 494.98120
406.72278 756.47284
264.86932 656.91998
463.31909 932.68091
389.42847 896.39087
359.70007 872.80945
509.23483 343.55206
517.51990 938.68109
404.52136 493.02789
423.96655 490.22644
437.09442 489.12091
264.72552 465.15576
419.11438 475.22809
397.40768 470.71118
377.27344 470.32385
357.70303 474.18951
345.47794 479.58740
233.24301 464.60583
351.25281 493.12689
510.66956 667.14453
426.23657 676.77911
449.06567 626.08215
474.09192 667.84625
510.29080 462.60699
352.55554 839.43250
383.69928 866.22412
461.43640 913.10962
298.11752 806.70856
435.81445 482.41913
471.38239 533.81879
516.76801 918.80090
422.41260 917.30560
249.79565 678.04858
459.56717 756.48627
454.53235 763.89984
449.82455 774.61169
446.60883 788.05634
440.00912 817.03583
416.11255 733.18579
409.82108 729.84741
404.74005 726.04004
383.87381 712.39038
295.68747 664.46796
472.06470 511.51910
460.54211 468.02817
445.71893 472.36932
421.91174 735.51416
297.13446 730.58643
482.39151 465.55542
430.16693 839.35559
509.97937 537.48743
488.22104 519.70935
510.12744 514.06976
452.98102 571.70923
515.94885 891.40863
515.01831 861.09802
470.36761 857.27399
375.56378 781.54858
402.15482 638.41351
400.00528 814.00732
347.01288 637.47968
379.98914 664.24756
328.62958 679.60681
463.67664 886.50916
436.94775 586.26111
357.60193 805.60315
388.90784 836.96332
356.00574 745.12842
273.79211 701.64685
327.68839 755.06079
265.99408 729.31873
361.80890 695.90314
455.48691 551.47156
454.08496 617.34589
437.89233 623.88275
465.00018 599.66675
439.31998 447.15704
397.09174 432.48627
360.80307 430.76672
331.17386 437.64130
311.31140 450.76984
302.49622 494.93146
234.15079 570.24023
323.81494 524.72906
349.51770 529.46497
382.29633 528.09698
413.06436 521.96558
437.36044 513.90668
453.80103 505.70245
232.64566 580.98462
438.18820 630.54944
470.76724 554.22479
471.70782 618.08539
485.37943 631.50220
472.08197 623.23431
444.93213 637.95087
489.88742 633.42615
492.53320 639.74896
452.77115 487.80920
465.87717 492.04126
473.85028 495.02466
338.37720 483.80087
318.09888 472.27582
530.81177 541.67731
685.65594 494.43860
533.42847 636.21582
771.64624 418.28009
616.69232 511.45383
641.30817 514.35559
664.56750 513.97876
695.30219 503.31390
595.09003 504.93011
655.61993 445.40549
627.04309 447.57175
682.32513 449.91962
698.85730 460.03342
714.56934 518.34070
612.94458 867.30438
694.45599 489.18317
784.66266 522.14166
741.95752 502.18030
637.71661 608.65826
550.72504 693.88702
546.81317 724.78015
585.68048 706.66388
607.19043 720.39838
573.66443 728.45312
593.68475 733.85522
636.50360 771.70300
530.76764 620.93823
533.39435 595.39221
735.41333 434.89758
584.70850 547.75964
590.73865 616.72443
592.49280 604.03320
711.43396 608.54028
532.12811 565.94788
680.46014 404.83517
714.11548 415.04468
747.60669 370.79828
567.14276 425.44635
601.70007 457.30350
654.34021 740.60699
761.63489 761.54675
571.85651 631.25464
551.35730 638.65338
628.66418 747.02783
622.02100 746.83203
728.09546 399.29889
592.68213 628.10913
632.59137 406.70493
637.61377 386.62149
648.68378 306.00394
730.72791 388.54010
634.24390 346.78961
749.23376 425.52692
755.86145 427.19489
549.60059 710.20355
579.87634 718.27832
600.75140 727.21136
566.06378 635.71979
625.32031 746.93372
613.30640 758.93542
618.69391 746.82733
558.36084 622.63519
587.75793 737.59363
568.21802 734.39929
543.73541 732.70435
553.01715 833.84137
548.79999 800.32709
547.42334 784.94354
545.42413 771.27222
542.62592 761.34564
586.75378 757.52570
592.09393 762.04706
598.25360 769.09296
602.85052 777.56543
624.08087 693.84674
786.76758 640.11847
601.52930 753.82587
607.51947 755.84698
544.43939 648.15381
584.89966 642.86707
547.64160 643.57611
611.88538 562.30908
653.25745 578.44617
597.73987 615.98871
708.92041 332.12656
692.15063 360.81244
689.84839 385.59116
616.65936 795.92712
576.31104 393.20367
575.47034 343.14471
584.56268 293.77655
683.88965 510.85147
739.65039 535.37036
580.67712 498.60394
721.55798 470.41028
566.57001 531.04254
574.04700 606.64478
766.45837 559.20703
723.06006 550.33557
692.23694 556.99683
645.78174 551.88940
611.26849 541.25647
584.80536 529.19458
533.58044 496.07397
765.08014 608.25067
739.86487 466.99707
522.66595 635.01337
583.67944 569.77679
791.46167 528.33789
565.21143 515.45807
600.44330 618.54364
705.73010 489.77332
575.08832 591.30560
778.69470 699.38879
580.28461 490.78790
553.66400 575.98773
713.83569 808.68201
711.57776 844.14539
785.77234 625.20166
741.79468 776.80402
770.65076 471.43863
617.93085 895.42273
520.03955 641.60199
607.23315 588.47473
761.78577 507.70685
663.14026 500.34491
642.74445 501.25668
618.16833 762.81293
762.39746 659.47607
572.27734 933.89044
647.96729 898.88562
678.38617 875.91583
621.75110 499.05011
601.39252 495.06476
587.45966 493.01675
755.80914 463.19675
605.87476 479.34943
628.02246 475.43414
648.77606 474.93713
669.03992 477.95221
681.63141 482.51086
784.91541 467.87173
676.56372 497.53979
598.03638 678.33698
571.46558 627.01343
548.35559 668.70502
683.07050 842.09888
652.09680 868.72406
572.53711 914.01324
737.54785 809.72913
588.63562 485.80719
549.70935 533.97913
613.95703 919.20715
778.60815 680.71271
566.95978 759.82147
571.87073 767.35828
576.27094 778.16583
579.34070 791.76172
589.81348 818.02594
609.67603 739.66644
616.06604 736.79993
621.46161 733.31311
644.12915 714.37109
731.13666 666.71210
549.38116 511.85452
564.01184 469.48715
578.48541 475.05573
603.61255 741.52557
734.00867 732.99536
542.05981 465.98630
601.76898 840.64429
532.31970 519.74231
567.87433 572.21283
560.48877 857.97327
656.12262 783.41406
620.96954 639.73706
632.30817 815.67719
677.52954 639.14661
645.14337 665.72900
698.46320 681.59491
568.69366 887.33173
584.13165 586.93054
675.97467 807.73859
645.17346 838.99835
674.74829 747.24225
756.28839 704.26843
704.18500 757.37708
765.49396 732.00458
666.19324 697.70496
565.78784 551.86652
566.07281 617.90118
582.72260 624.89575
554.70874 600.00165
585.93103 447.45520
628.60077 432.15665
665.37054 430.04221
694.89264 436.40936
714.39081 449.21033
721.45319 495.61877
788.30188 573.06775
701.27594 527.67896
676.41919 532.89801
644.23474 531.70172
613.20557 525.27625
588.36774 516.50592
571.39526 507.72144
790.48035 584.41284
582.69202 631.67566
549.84900 554.38983
548.20740 618.36932
534.90497 631.79730
548.16486 623.69189
576.53625 639.11774
530.33118 633.65826
527.77283 639.95972
571.73389 490.51001
558.72156 493.87296
550.93878 496.33420
688.89203 486.06909
708.22571 472.49976
379.63492 482.19623
403.07745 480.79736
377.72229 462.62640
355.77777 483.60977
381.38760 501.75873
644.24084 486.44165
668.58533 487.41840
644.62372 467.22922
619.89563 485.35168
643.84912 505.49600
