522.73340 715.97302
523.68878 665.28186
520.64966 678.74280
499.78448 575.84180
523.76794 639.83594
522.49188 603.69440
518.19305 514.50775
344.81970 493.29553
516.82812 459.03821
516.90735 427.61816
514.71802 295.56750
522.44562 723.77448
521.60223 731.53589
520.59070 736.55524
521.16522 744.99957
521.61292 755.81744
521.58136 768.36493
520.90607 781.69550
519.01642 811.46289
522.79120 675.88025
493.76193 670.45557
234.12158 395.65289
410.28796 512.74652
386.89148 514.08960
363.50934 513.09900
332.37585 500.57678
430.20154 509.10355
372.47345 455.09000
399.63708 457.66589
347.69275 458.46243
331.74384 466.07550
307.81918 512.58240
422.37848 851.25366
335.02606 488.26337
225.10696 502.29797
276.20172 494.47433
382.81708 616.94324
483.93533 710.68188
485.09592 729.16968
445.97980 713.14417
419.76941 714.91260
453.74130 726.23114
429.32672 723.61450
383.79642 747.35175
501.50348 664.07983
499.17715 638.83197
291.75177 443.76172
440.19135 560.01984
432.03784 641.41058
430.86783 625.69067
303.40182 605.89362
499.49805 605.35889
353.02679 425.41818
317.16193 430.60022
259.73465 355.23477
465.37344 452.35025
423.45270 466.89917
359.52704 719.79211
242.73856 728.70160
449.76154 656.75043
472.19067 664.78363
384.23102 715.68176
391.27777 717.62177
301.86676 413.19336
427.50946 647.20941
402.24203 431.26282
398.35675 412.01727
366.97833 304.17184
282.34552 385.83505
385.72974 356.01898
275.26959 430.04678
255.40866 417.76147
484.00000 720.64148
449.83878 719.92334
424.44846 719.22479
454.80359 659.75684
387.88287 716.65973
405.39972 728.40747
394.86121 718.62561
468.21866 657.26764
433.30704 726.94037
457.41754 730.65222
486.83051 734.34869
479.83691 809.62695
481.45520 778.28210
483.32285 765.06555
485.74683 752.56049
488.15442 742.75214
434.95844 731.44727
430.30475 735.26471
424.68109 740.95520
420.15662 747.83154
393.45245 695.61847
216.82175 606.17322
521.70929 678.19592
416.68915 725.66431
411.17871 726.65027
482.06339 673.82080
434.13913 658.00708
477.31168 669.50397
412.25629 570.81891
368.64090 583.10510
423.78967 632.93567
302.06219 323.61545
323.91092 363.87375
344.07233 405.75537
409.49774 772.57074
458.62381 422.04132
447.25015 355.64014
435.50082 295.88278
343.87061 508.50504
278.89429 526.04041
443.08893 505.24274
305.13556 472.06073
459.27029 546.97028
452.46085 639.26355
247.58678 547.71521
298.08093 544.02911
331.32739 555.30530
379.14172 554.39490
413.70673 546.70239
438.99911 538.20862
494.31165 519.70007
246.67874 595.74542
282.74075 466.30774
508.89719 674.67883
440.47079 585.42914
213.39026 495.16611
458.61829 528.49750
419.57266 630.70074
322.06860 488.09244
451.15897 619.97949
224.72733 666.53223
441.88620 497.51450
475.97433 610.90173
304.43927 786.35791
308.23166 816.03986
223.47784 604.41382
268.28680 753.85449
239.76221 455.79190
419.59570 878.10193
510.38245 677.08783
415.00742 599.53015
252.70700 495.20255
367.93945 499.44348
387.44980 500.85815
400.34586 730.78351
245.83148 645.51538
467.06198 911.84839
388.43814 876.45709
352.26099 851.02246
515.84644 357.72006
518.17676 915.45422
406.57446 499.69434
424.85657 497.85767
436.65668 497.82892
262.80234 457.60577
418.84354 482.20825
397.82202 476.27008
377.91742 475.61246
359.04901 478.63043
347.28894 482.82684
220.30609 439.30856
354.59018 496.56308
520.25323 692.42883
423.90155 688.66138
451.53571 655.58325
479.26266 690.54901
516.77045 484.63745
344.74033 820.97766
381.57379 849.72003
466.16156 895.71539
272.62802 778.35938
434.50366 491.38434
478.28156 559.29486
519.56287 898.94543
425.55438 898.16736
229.25208 658.79590
459.30957 737.62634
454.85861 744.77490
450.68137 754.25330
447.77127 766.01141
440.60187 794.78601
409.25012 720.65796
404.29834 718.01477
400.05573 715.46210
369.05859 704.97504
276.92706 658.63330
477.50714 531.92438
461.22827 483.90076
444.74890 484.73755
414.64517 723.28784
273.56320 716.89447
485.07703 487.05957
431.16803 821.45569
520.95709 573.04028
496.98639 549.03369
519.62140 544.76672
458.54028 596.16632
520.09888 873.28259
519.59058 840.26721
474.57898 838.39099
367.42816 762.81604
397.88983 647.48962
397.55920 795.64001
336.93427 641.75305
371.33942 668.29224
311.13525 676.41931
468.41296 870.72137
439.83051 605.45886
350.02484 788.19885
386.99829 821.04456
341.89166 729.47430
250.45506 687.71851
310.71414 740.27600
242.12999 708.97839
345.93585 690.05457
460.18542 572.26562
460.49951 652.77661
439.89841 651.62903
475.07352 639.31494
442.03751 464.47565
401.39838 449.02896
365.83325 445.17352
336.34973 448.56696
315.80545 457.09503
301.75104 491.49121
221.50525 552.95416
322.94745 523.50354
348.76794 531.41919
382.00882 532.45605
412.34854 528.30554
435.64127 522.75867
451.86069 517.31525
213.82916 549.84674
437.97711 654.14996
479.17752 584.42841
481.45770 658.73871
493.58572 669.05426
479.74103 661.01965
443.24963 658.98523
499.92703 672.47040
500.86740 674.68335
450.68399 499.45248
464.47516 506.51004
473.47382 512.77185
340.35452 485.97101
321.31079 474.92365
541.34924 575.70233
680.10681 490.23889
547.74268 669.86304
764.64410 399.62854
615.70428 510.96103
638.65454 511.00809
661.50623 509.99069
691.13727 498.25766
596.25690 508.78595
653.28510 458.82788
626.17096 461.92709
677.82605 460.65863
692.77362 466.79565
712.27545 511.35782
609.39319 848.10333
689.24377 486.27106
776.99048 503.34470
738.66858 495.89600
644.60852 615.56079
559.49561 709.86334
555.26318 728.42950
591.46777 711.29211
611.72534 712.50928
582.00891 724.80383
601.74347 721.61316
643.17297 743.46216
544.96625 663.68536
547.58643 638.52161
729.11176 446.78003
587.85223 559.79352
604.46436 640.32019
604.06964 624.66205
716.95642 604.10510
544.66833 605.09955
673.80695 432.24704
707.18030 435.45044
745.54382 360.15814
565.80273 458.75165
602.61749 470.71429
665.76447 715.52460
748.36108 725.07092
586.41370 655.69794
565.59509 664.06281
639.31616 712.64362
632.59857 714.78314
719.83893 419.10956
606.62665 645.75610
627.12195 438.55463
631.52081 419.73993
655.37952 308.07626
731.99939 390.17200
641.97705 359.62234
741.52948 434.40146
752.70789 421.31177
558.17609 719.89337
587.11218 718.33496
607.22528 716.93335
581.12823 658.66882
635.87329 713.69928
621.89258 725.73523
629.02588 715.92181
572.39709 656.62054
596.72479 725.13702
576.88672 729.37769
551.66962 733.65295
556.01080 808.76831
557.72382 777.19537
556.86243 763.98694
554.59473 751.63147
551.57343 741.94299
596.05402 729.56689
601.20721 733.19275
606.80573 738.58142
610.86322 745.15991
636.71667 692.89746
771.49097 604.89380
610.51959 723.51697
616.36603 724.29602
556.76099 673.30444
599.04633 656.53149
560.98669 668.94305
613.93756 570.22949
656.21692 582.13483
609.13062 631.65277
711.74976 328.49869
697.00519 368.42883
681.86383 413.01981
620.03314 769.55310
573.56189 429.30139
583.74066 357.52713
592.04572 297.95627
680.24207 505.56238
737.15076 525.05048
583.94617 505.73166
716.41833 472.70679
570.75366 546.82910
587.82031 638.57849
762.38354 547.53125
722.42023 541.45752
693.77197 552.05719
648.54926 551.75806
614.48254 545.02814
589.48169 537.49835
540.70935 519.78436
763.67285 594.47565
735.10834 468.80420
536.17047 674.34003
589.79926 584.90369
778.26624 496.28510
570.98242 528.20996
610.54889 629.30499
700.66724 486.74420
586.96368 619.31317
763.93359 664.03967
584.55853 498.17010
565.67480 610.42169
707.05634 781.20990
696.48071 810.36902
776.82953 603.01715
736.97729 749.36737
764.94873 458.17557
610.92316 874.59076
532.69604 676.85883
613.22681 598.57068
757.22906 497.77310
657.60901 495.45874
638.38214 497.29175
626.44983 727.94611
762.87225 643.11365
566.25281 909.71045
632.52405 871.33472
661.43237 845.17841
619.46283 497.43631
601.34436 497.26001
589.79169 498.16144
750.06079 461.74097
605.90363 484.57990
626.33618 479.13815
646.64313 477.81635
665.87701 479.55865
677.64612 482.57434
774.65100 442.03839
670.64111 492.87537
609.67383 686.78741
585.81158 654.64856
559.70105 689.89642
672.60114 815.92554
642.01477 845.23352
569.72217 893.80652
724.46906 773.76257
591.43988 492.66791
557.57996 559.18066
602.65302 894.27734
769.89856 656.28088
576.31818 736.23761
581.41473 743.17609
585.55835 752.37964
588.19855 763.95062
592.19696 792.61371
617.79333 718.20685
622.73804 715.35559
626.89008 712.70343
658.23743 701.42627
739.40771 655.80389
554.90741 532.05212
566.92377 486.34842
581.77771 487.03757
612.08789 721.12054
738.10529 712.97510
546.27197 489.60681
600.65558 818.78619
541.28259 548.93744
576.64777 595.89246
561.86584 837.00873
656.58673 759.02673
630.50037 645.52167
629.96594 792.14172
687.98615 639.55811
655.62030 665.94012
710.29932 673.40869
568.58313 869.05890
592.20538 604.80371
671.04083 783.79730
639.30432 817.11896
680.73126 725.77820
756.86066 684.49445
706.99896 736.06067
758.12012 705.57373
678.67273 686.99353
572.59790 572.09387
580.31104 652.06458
597.14777 650.59778
568.71790 638.75616
586.03564 468.42004
626.04346 453.78864
661.41431 449.23370
689.95941 451.10660
708.60803 458.48944
717.52350 491.52570
779.54749 552.71155
699.59424 521.29364
675.91248 528.83429
644.07019 530.06006
614.15497 526.94287
591.29156 522.61432
575.72345 517.64740
775.31146 549.66681
597.29645 652.83948
559.43091 584.18140
562.67719 658.01624
549.31256 668.41595
562.59033 660.34076
591.46063 657.57190
544.35950 671.90051
541.25659 674.11603
576.29529 500.49689
563.63934 507.49451
556.74158 513.32330
684.43011 484.88312
702.16980 474.68372
382.61810 486.86707
406.59955 487.07867
382.60855 466.76819
358.17770 486.52692
382.43060 506.97101
637.75146 486.34488
662.37244 485.47302
637.18451 467.63516
613.27069 486.94461
638.53125 504.92905
