526.35199 718.95441
525.86163 640.89008
522.17175 663.96619
504.90332 559.91052
526.80499 616.19586
526.33087 583.44745
523.46857 504.03815
341.92807 493.37125
523.06250 448.41742
523.71722 416.56720
524.12628 287.06107
526.02997 728.59277
524.82574 738.53058
523.38361 744.97040
522.68933 744.98517
523.05157 756.14856
522.79663 769.81189
521.80402 784.40607
515.90308 816.93298
524.54364 653.12854
501.96796 651.84845
238.58551 395.15594
414.03894 517.40649
388.36990 519.72925
363.68658 518.28796
331.24286 502.39981
436.37177 511.59180
376.49438 443.96973
406.44952 447.41260
349.58783 448.43173
332.24097 458.47015
309.37732 519.29602
422.88022 861.94135
332.67291 485.33008
227.14908 505.52521
279.42953 502.26648
398.96820 620.25977
497.70419 712.92493
498.94269 737.24597
467.32574 722.12030
446.51831 731.74896
475.33005 738.21814
456.05420 740.83051
410.72717 776.29034
506.37646 640.17480
504.14688 616.61670
295.90381 442.51349
448.18716 557.23792
451.26251 633.83386
448.99582 620.75964
320.99182 618.52405
504.73727 586.16144
358.77875 417.82666
322.00787 425.28583
267.86215 351.31711
471.29761 444.78040
432.32260 459.28964
393.41409 753.46600
246.91138 744.32275
468.79312 646.96130
486.97794 653.77686
420.64075 747.10406
426.17606 746.67725
307.70953 410.21652
449.78741 644.55695
408.14880 423.02618
403.90771 403.91370
378.35883 296.56201
289.75510 378.90567
395.17780 347.16339
279.79565 432.10071
259.95517 413.44116
498.01669 726.27942
471.48904 730.86737
451.31808 736.48975
474.15732 651.31616
423.52722 746.90735
435.85345 751.09753
429.23077 746.45148
480.25168 638.81427
459.22406 743.72449
478.16757 742.79626
499.85663 743.59082
485.42123 815.62079
493.02835 782.64282
495.13278 767.90002
497.29596 754.23431
499.53122 743.77234
459.27667 743.78076
455.01361 748.93634
450.11514 756.03040
445.84503 764.41559
422.83069 709.66760
218.85794 616.22321
523.27679 658.18884
444.97873 745.07886
440.68668 747.75848
493.84024 663.24652
457.34344 658.86163
490.57736 658.63031
421.66873 571.92786
380.32312 588.98383
444.36737 631.63074
312.69699 317.45322
332.95541 355.35297
350.18854 399.27106
429.62036 792.36816
463.47360 413.37683
456.44232 346.88589
446.44971 287.77216
342.80151 512.77026
281.89722 537.14697
451.24265 505.89639
306.72943 471.19260
466.09375 541.03882
465.80530 624.62347
253.03278 554.57257
300.40558 555.14423
334.53940 564.99554
383.39679 561.08588
418.96130 550.82812
445.56311 539.66589
500.10223 509.77078
258.23053 608.74445
285.78387 469.33850
512.78052 652.22754
452.25787 581.93970
213.63617 502.24249
465.93234 527.28534
441.02960 633.07513
321.79553 487.03912
464.25568 608.90411
228.52612 678.92932
451.45529 497.38812
483.86765 594.78198
308.78326 807.15125
304.08444 836.31689
228.62073 614.06854
276.91968 771.90247
242.39291 455.34457
414.20377 890.13635
514.32245 657.15845
429.69608 600.36371
257.26904 506.53094
366.47186 503.70135
388.29910 505.86652
431.33496 755.25378
263.00604 660.01331
458.03729 925.67883
378.76868 893.19281
343.88541 870.46753
524.08057 348.63773
510.88898 929.26880
409.95944 504.10880
430.88550 500.58258
444.75937 499.08051
266.50058 464.57379
426.96246 476.34863
404.21484 467.12061
381.72858 465.09735
359.64886 468.96741
346.26712 475.48987
221.82101 442.80695
351.91693 498.90906
521.54266 683.53534
446.91904 694.66882
468.88583 642.84210
491.09619 685.10193
522.59009 475.24899
343.22699 840.36267
376.92966 866.12390
459.72433 906.06305
273.36499 796.95441
443.77570 489.20422
484.81885 548.22546
512.94000 909.80261
415.97321 912.51556
237.04739 670.73077
478.08673 742.98224
473.96265 751.35614
470.34500 762.09082
467.26395 775.26404
454.47821 806.22589
440.10095 743.66272
435.31586 741.92834
431.13687 739.73889
403.82962 729.95319
300.10944 673.36096
483.48111 523.33466
469.67371 479.83307
454.16751 481.09283
444.67908 745.04041
293.72018 734.81293
491.60202 480.73187
437.56421 833.73090
525.34985 556.19379
502.28879 535.89392
524.38281 530.75592
468.80380 587.34875
514.30750 881.66632
515.12695 847.46460
475.82840 845.57727
382.54733 788.84320
419.20813 653.12311
407.23462 815.26062
358.37292 650.34937
394.80750 678.49255
336.09308 691.64722
465.85620 878.31891
454.27020 601.45813
356.48785 810.25586
389.09283 838.46448
364.16696 757.84845
268.85968 703.49805
327.98410 762.98962
250.54282 723.21039
374.67300 711.93750
468.87335 564.51508
473.28540 635.01575
458.74985 641.51093
483.71817 619.42145
450.00784 457.41129
407.53629 439.48505
369.96692 435.22055
339.13715 440.16174
317.51624 451.82715
303.53833 494.67474
223.97357 559.13074
323.84229 530.21472
350.59424 538.30530
384.78217 538.44800
416.86987 532.67181
442.06232 524.79974
459.49640 517.41638
214.53394 558.71619
458.87445 648.04871
485.95898 571.03253
489.78351 636.41986
500.76633 647.98254
489.34732 640.09210
465.07187 655.15875
505.43820 650.43317
507.05847 655.52979
460.36020 498.41736
472.94205 504.51648
481.04294 509.05356
338.71310 480.66516
321.42026 470.86948
544.43091 559.87262
684.44415 490.03305
543.23810 651.83698
772.44232 399.57385
618.19904 513.26587
642.57764 515.40887
665.37048 514.50562
693.75525 499.10968
596.87091 507.56488
653.40564 443.36078
624.95886 446.16882
678.37927 447.75311
693.82513 457.38632
714.30872 516.18823
600.08899 858.39056
692.41949 482.30063
781.21283 507.40765
739.69489 499.02216
633.27026 619.93842
552.90710 713.00323
547.81976 737.55798
577.47339 721.48505
592.13495 731.52155
566.75043 738.45514
580.98340 741.15485
616.38013 774.01868
544.40808 640.16644
548.24255 616.54321
725.53241 441.81787
587.22839 557.23865
590.08118 633.57489
591.27032 620.33521
703.74384 618.09338
546.74371 586.05908
671.46619 418.70795
703.65570 425.64227
751.99158 356.39206
567.48682 444.59467
600.16986 457.19638
634.17957 751.27118
743.58105 740.33740
571.86902 646.95715
554.73596 653.87000
607.67346 748.65155
602.26013 747.94135
715.08862 410.33612
589.09216 644.09930
626.86511 423.50061
630.83832 404.55289
661.38928 300.64786
737.53363 382.54422
647.29089 350.42184
737.83179 430.83090
759.57129 416.72235
551.24829 726.55731
572.32001 730.91162
586.96106 736.59644
566.02136 651.18726
604.94885 748.34717
595.27075 751.74097
599.29138 747.54993
564.60223 639.03668
575.97064 743.90833
561.90448 743.03571
544.34161 743.81256
544.82135 814.98926
548.39386 782.21301
547.94415 767.54279
546.31952 754.05908
543.59473 743.74066
575.28607 743.83112
579.90479 749.03107
584.53113 755.97723
588.09814 764.11926
610.85693 708.53052
772.63348 616.57904
586.01825 745.39514
590.70984 748.35010
548.37036 663.39642
579.97021 658.41504
551.35168 658.82770
611.11188 571.90466
650.17847 589.01221
593.79840 631.12939
717.36560 322.53882
702.12549 359.27695
678.76508 399.91550
598.09644 790.09576
575.03723 413.70276
589.95435 348.67535
599.15588 290.05331
683.70850 509.36981
740.40942 534.06409
582.69904 502.07315
715.81830 468.95068
572.03644 541.05310
579.16223 624.61877
762.50269 555.22418
725.87036 552.89355
696.52246 563.40662
651.19922 559.52026
617.23944 548.86188
592.02283 537.90857
544.87054 509.87799
756.40234 608.35901
734.00385 467.14398
535.67303 652.19379
584.40210 581.82611
784.47650 504.74051
573.01276 525.82202
594.56268 632.51477
701.92065 483.95361
579.34912 608.72827
761.77747 677.26672
581.45227 493.07196
564.07269 594.66815
699.23035 801.02393
695.28381 828.95496
775.03870 613.41907
726.64111 766.67798
771.25781 458.09711
605.32031 885.64215
532.01776 657.21722
604.26312 600.13843
758.43127 502.94138
662.32068 499.57013
642.20056 501.38446
599.32373 755.92688
748.76404 658.48236
561.14618 922.97961
631.47083 886.38641
661.66040 862.83533
621.55475 499.55200
601.21344 496.14713
587.91284 494.85834
748.77209 461.82660
604.84583 473.46405
626.57379 465.04898
648.42542 463.40720
668.86670 467.25775
680.82819 473.38608
782.48785 446.36365
675.54242 495.21243
589.87878 693.98566
572.91028 643.00031
550.68976 685.10406
668.40222 834.15552
638.08655 860.19031
563.89355 903.74939
720.62268 790.89056
588.82837 485.32983
559.02472 548.22028
599.24255 907.39844
764.10645 668.54358
561.19788 742.93036
565.43329 751.19141
568.79675 761.65845
570.96375 774.58191
574.33862 804.46252
591.99487 744.25311
597.38831 742.59045
601.99060 740.26074
626.77399 728.35162
718.64008 671.81653
558.03241 523.54468
566.14343 477.20227
579.34241 477.84128
586.32617 745.44904
718.40399 731.27734
548.33850 479.66803
587.92023 830.88232
544.95306 535.87762
572.70630 587.34857
552.46283 844.20056
640.35504 785.47534
613.96765 652.30438
616.32404 811.73102
670.06226 649.51141
636.30249 677.46802
687.72437 689.91138
560.65686 876.63367
583.77411 601.19580
661.13574 805.49530
630.76892 833.78973
659.46606 755.04633
740.30298 700.79456
689.08746 758.96667
749.97638 719.52856
653.44391 710.35968
571.08344 564.53601
571.97040 635.10742
582.87012 641.43530
565.19751 619.35345
584.77734 455.56885
625.09399 438.94931
660.57050 435.44775
688.72144 440.29050
707.10632 451.06287
718.36108 491.78015
781.62915 559.83209
702.18909 527.46674
678.93622 535.63672
647.40454 535.43237
616.77179 529.43896
592.80530 521.79541
576.42804 514.57709
779.23486 560.32196
580.94800 647.75964
560.02466 570.94073
558.69629 636.36438
545.81561 648.01154
557.18597 640.27393
573.88251 654.74017
542.32159 650.41949
538.52612 655.47388
573.82483 494.70959
563.52374 501.94720
558.31305 507.81506
687.48328 478.18356
702.84631 468.76685
383.28174 482.26495
409.11517 482.17056
383.37283 459.61642
357.14249 482.34686
382.95599 505.05090
641.80316 481.38251
667.54974 481.38623
642.00507 459.33618
616.06592 481.14465
641.71912 503.71283
