500.42886 722.44910
490.11386 639.79688
495.16245 664.16864
475.02972 557.58508
490.10645 613.23535
492.41913 580.09607
499.92606 503.00500
343.07800 499.38202
502.53671 446.89520
502.69742 414.55609
505.94965 287.50772
500.43335 731.03168
500.65894 739.07373
501.29471 744.07092
499.54648 772.24341
499.07263 781.43890
498.52774 792.83844
498.45975 806.06555
496.96753 834.60663
491.57330 653.40179
470.55502 652.45007
269.44144 412.42004
409.28458 516.89569
386.92102 519.13104
364.88177 519.10687
334.88882 507.41492
427.59833 512.60010
368.47604 454.92694
395.48877 456.91855
344.65747 459.81503
330.28497 469.48077
317.02277 521.97504
403.91077 872.39130
334.11450 493.33093
251.24042 520.15253
290.67023 506.20862
375.08966 617.73810
466.24194 716.77576
468.25378 736.67712
434.40952 722.23914
411.84015 727.91260
441.93906 736.06329
420.89081 736.83807
380.30261 773.04871
469.98108 639.19617
467.37946 613.70380
297.12988 452.20764
430.35577 557.30536
417.58423 630.17902
416.84546 616.98267
303.06946 614.76385
470.71466 583.06891
346.44855 428.91602
316.36688 436.42459
289.33203 366.73465
448.05640 446.26852
419.11078 466.29944
360.85840 742.96667
271.88220 761.58362
435.97946 644.85083
455.54401 652.64532
383.70837 738.24121
389.39471 739.53564
303.96286 422.13675
416.42297 640.14264
388.75635 430.18085
383.04001 412.05829
373.78787 304.44269
299.62903 389.59888
385.00998 351.94131
283.65536 441.00708
277.50433 425.81879
466.56210 727.77826
437.90967 729.61475
416.16354 732.44543
441.56726 649.05829
386.58752 738.84485
399.11780 754.99719
392.27881 740.36157
446.55185 638.66168
425.04504 739.93445
445.80493 740.35315
470.82513 741.85986
460.30688 832.11682
463.17862 802.82123
464.04099 789.47260
466.28073 778.42377
469.61639 770.13165
424.14456 760.16003
419.33606 763.14197
413.86591 768.65881
410.21533 776.07672
387.59161 702.40045
253.88760 635.31403
493.21027 659.04242
409.62030 752.82220
404.14697 753.25873
462.62659 662.07465
424.67590 654.04407
459.21356 657.54633
403.76697 570.42004
361.98047 585.64270
412.52393 627.59979
321.92249 329.99387
333.74982 363.95892
337.48969 411.24606
399.93481 797.22888
437.98566 416.92548
439.75235 348.12848
433.00772 291.61026
345.98370 515.52332
294.09460 538.08997
439.26874 508.06805
309.80536 479.76361
447.81805 541.90729
431.71384 622.34845
259.00482 561.01904
309.48965 554.28894
338.85175 562.54138
382.97513 557.96143
414.86267 548.32587
437.69440 538.15979
477.67810 509.65967
255.85693 610.90613
292.10461 476.53241
479.27802 652.36810
429.08517 580.89893
253.19095 521.52466
454.39908 526.98328
411.06393 628.95258
324.80182 494.50131
432.03882 606.20642
259.08926 697.27216
438.57117 500.34637
451.12439 592.18152
308.44629 814.34930
316.80353 848.24408
243.28979 625.25330
279.67194 781.70166
264.11337 469.54050
401.11499 899.68750
483.28308 658.08954
406.06955 598.08423
273.13116 509.66977
365.86694 505.90338
385.11816 506.41403
395.16223 757.93359
256.65277 663.25018
446.14410 934.80334
378.92899 902.28699
350.60516 880.39349
503.98825 347.44617
496.82269 940.38953
403.94376 504.66156
421.48941 502.23688
432.98254 501.47134
276.11700 470.99680
416.71680 482.07001
396.42609 474.16010
375.84540 472.66437
356.09409 476.91077
344.76703 483.57733
258.18903 461.45166
352.56714 503.17102
496.39233 682.72339
412.70337 689.05658
435.70972 641.33325
460.16254 682.74927
502.25592 474.90656
341.01733 847.42206
370.10870 873.75592
443.00446 917.64563
292.08020 812.06458
431.36597 493.28302
460.43997 547.87018
495.45868 923.00562
408.97485 921.28717
247.75037 682.11938
444.65515 765.99115
439.44476 771.91974
435.56757 780.92432
433.32968 792.83838
425.50992 817.99603
403.09872 737.93848
398.60919 735.47278
395.09546 732.95056
368.67358 719.79388
282.29956 673.01227
463.42999 524.17841
453.38586 482.59991
439.84692 485.28149
407.74454 739.98499
282.76831 738.98279
472.38007 482.00519
414.18018 844.27344
495.13791 553.54224
476.24249 534.69354
497.51532 529.15820
441.38181 585.76276
495.07831 896.39832
496.00018 863.60583
452.56403 860.44293
362.90747 787.98920
390.96832 649.36072
386.26349 820.18811
333.53882 647.70862
366.87323 674.73346
313.08524 689.24023
444.93390 891.84949
426.88330 599.15759
345.41846 813.35883
374.58380 844.64587
341.78418 752.16376
263.00211 708.96698
313.03857 763.40302
258.83179 735.13190
346.69742 704.63458
445.66870 564.33563
438.89624 634.05347
424.96735 638.79828
448.26123 617.32861
432.77585 461.69815
393.45828 447.84497
359.68542 446.08112
332.93982 451.44000
316.07983 462.66400
310.38565 499.93622
244.28259 572.13580
330.00552 531.54535
353.82919 537.81049
384.48416 536.84882
412.75024 531.25775
434.02161 524.49774
448.47601 518.01483
253.32001 578.01123
425.52414 644.52942
457.38324 569.40912
454.18896 635.82935
468.03235 648.44708
455.41736 640.29706
431.98886 651.43518
472.01315 650.70520
475.82663 656.24860
446.49139 501.48056
459.02240 506.14032
466.14001 510.03955
338.55646 488.86957
322.31506 480.50351
516.75195 557.22992
690.64099 494.26364
518.40985 652.48218
785.36310 404.53204
619.09283 513.68866
642.50244 514.95117
666.56055 514.83551
702.08948 503.40308
599.72058 510.47687
657.83154 447.92511
629.61731 451.93976
684.78296 451.41614
702.21362 461.10852
721.76709 519.09894
598.66937 874.86011
701.67810 488.39777
803.16565 516.57385
751.24817 502.79898
635.71362 617.45300
536.74512 718.20544
535.95795 737.88940
572.91113 725.22339
598.50061 731.40948
565.95612 738.27020
589.98230 739.50598
633.74982 775.65967
511.60672 639.22491
514.57324 613.50262
735.98303 442.09247
579.78430 556.12732
580.49243 629.98297
583.70148 616.49023
717.52405 614.37756
515.56262 582.68585
674.31415 419.51849
710.83087 425.32187
755.71649 358.01050
561.94482 448.31345
605.59052 463.59875
656.69861 745.75421
791.32898 764.79211
561.22516 645.07837
539.35028 652.84375
631.99109 741.24237
625.83856 742.31555
724.19830 409.59393
584.31024 640.36139
625.84875 426.09924
629.40894 406.46478
648.62628 298.30698
735.08435 381.45541
630.65936 346.37000
751.23285 431.29803
765.84424 418.75751
536.77124 729.13147
569.42896 732.26276
594.35980 735.54517
555.67065 649.40338
628.85840 741.73718
612.29553 757.06689
622.79407 742.98920
544.17999 638.55902
586.22095 742.06366
562.69623 741.96002
534.66742 742.78790
537.05542 833.18274
535.85559 803.68933
535.12134 790.30072
534.15747 779.14990
532.24945 770.75134
584.13934 761.65680
588.50769 764.62390
593.30859 770.11658
596.59613 777.48590
621.40564 703.94635
817.19922 635.42700
602.04816 754.84259
607.26758 755.27783
531.35114 662.48114
577.39429 654.74133
535.05933 657.86786
608.18738 569.33917
652.44171 584.80511
590.48474 627.51782
712.21747 321.65762
691.86926 356.31784
682.45758 400.18787
608.71173 799.32581
569.39581 417.18176
570.53070 345.25272
582.20673 288.27390
688.59827 511.43579
748.16107 535.57581
587.18665 506.70563
726.53223 472.71384
560.66107 540.77332
560.68994 621.98444
780.24628 559.04108
729.23376 552.45282
695.34131 561.14001
646.41699 557.24396
611.56024 547.90619
585.77081 538.18134
524.47937 509.00702
780.37408 610.60138
745.88318 470.08661
504.72678 652.50854
577.55902 580.03198
815.40564 517.49060
566.23029 526.89539
595.01385 629.03009
713.15710 489.77481
563.73206 605.58466
810.00977 699.14960
588.51874 499.03491
539.44043 591.69080
723.09546 818.06995
723.35559 853.05823
809.85809 625.25842
761.10065 785.02722
785.17975 463.95886
601.73132 902.51105
503.53650 658.05774
602.83832 597.48669
774.26971 506.93073
664.21008 499.89645
643.34351 500.66052
616.35938 760.05225
780.54547 664.35901
550.98877 936.65741
636.62646 905.52368
676.34741 884.51465
624.03839 499.90753
606.21216 498.98074
594.34808 499.51666
764.50732 464.91321
611.13898 479.66266
631.55365 470.37604
653.00427 467.68915
674.82495 471.15860
688.31818 477.86423
803.71356 455.02197
679.30103 497.52606
591.12799 690.10913
559.73596 641.46222
535.67023 683.41351
681.26221 851.10199
643.07056 877.26440
552.14777 919.48181
760.40234 816.09821
595.93829 491.71185
539.75592 547.09180
595.89667 923.78687
804.55267 683.79669
560.28894 766.98560
564.37970 772.93298
567.25238 781.88965
569.03656 793.71112
577.01996 819.47424
610.41681 740.62531
614.57678 738.51721
618.20203 736.29370
645.25720 722.01721
744.22998 674.05267
541.91479 523.33655
566.93146 482.46295
584.78308 484.11389
605.89178 742.43689
749.37860 741.17908
540.01086 483.03131
589.41315 846.35199
520.55225 534.18610
558.40704 585.19476
543.64264 861.77301
653.17102 790.51794
617.82733 649.61938
624.04230 822.57837
681.16107 647.99927
645.17780 675.49030
706.65063 690.38483
549.77826 893.48779
576.81519 598.40808
673.23096 816.19196
636.45044 847.47455
677.42352 754.64990
775.45416 710.88983
711.24640 765.98480
790.52716 737.71851
670.05115 706.10870
557.87695 563.50378
551.78906 633.84302
571.61609 638.81976
538.26239 617.05707
586.81268 461.25964
627.25513 443.16266
663.91571 437.73785
694.72882 441.57593
716.40204 453.17761
729.21375 496.24933
809.56775 570.33630
706.89996 528.99866
679.15649 535.37286
645.40289 534.64893
614.73230 529.70770
591.68323 523.82880
575.33398 517.54187
817.91595 575.95044
573.06885 644.77759
537.74188 568.79810
531.09735 635.88715
518.93414 648.80579
532.51105 640.50934
567.52588 651.87665
513.26685 650.91339
512.07379 656.30939
579.09686 500.34558
562.64038 505.75189
551.41437 509.90991
695.92645 483.59341
713.16724 473.60379
389.23480 491.99240
412.88678 491.57007
387.44214 472.31345
365.12497 492.31625
390.72122 511.63232
647.09900 484.95667
673.01477 484.57935
646.02563 463.82147
621.06689 485.22006
648.27374 505.90274
