518.43915 735.50793
528.58771 671.25299
524.52203 686.76190
504.50281 576.41595
528.74359 644.25946
527.46411 605.86798
522.94135 511.09027
338.31094 493.12469
521.33179 453.07361
521.06836 419.81284
518.22552 275.03207
518.20007 742.56769
517.91571 749.13025
517.77283 753.25037
517.91547 752.96912
518.08197 763.08337
518.03131 774.78107
517.85486 786.97314
521.72272 825.62897
527.49524 682.63019
497.33560 677.66602
240.75571 383.63574
411.91486 510.98196
387.36142 514.15344
362.78558 514.39722
327.92032 501.05670
432.81171 505.69629
371.78290 448.03522
401.39966 449.47583
344.91147 453.43243
327.39246 463.13177
308.42572 516.11096
426.12921 877.78827
327.68042 486.40546
229.96909 499.25214
277.65088 499.62527
389.72372 623.28821
481.09756 729.11188
483.56802 746.07507
445.90695 730.97455
421.14490 732.81500
454.14896 743.04510
430.56137 740.65790
391.44357 771.22717
506.32352 670.14679
503.87860 643.55359
295.61414 449.82666
445.70749 560.06812
438.36465 647.71368
437.21207 631.29810
311.18634 614.31757
504.23840 607.89624
358.64081 424.25104
321.84064 433.62778
267.15735 341.13342
471.64511 439.26709
426.54214 458.64117
367.70697 746.17676
243.11383 746.75262
455.76822 663.67657
477.40497 672.09570
386.93735 734.68457
393.76025 736.21545
308.14081 419.94180
434.64185 654.60516
407.96680 423.76578
404.14203 406.09277
372.97815 286.29593
289.92023 377.25647
392.00104 344.63818
279.70215 438.62122
262.05139 410.04907
481.69528 738.57123
450.02942 737.38428
425.72223 736.72845
460.99585 667.00934
390.44968 735.46460
406.65125 744.19373
397.30255 737.03925
472.67261 663.41772
434.52002 743.75812
458.04370 747.11786
485.99539 750.73853
485.81689 824.04486
481.43515 783.96851
482.34128 771.61487
484.18402 760.07166
486.64563 750.72241
435.06323 744.04749
430.44656 747.99780
425.34921 753.52313
421.50186 760.21826
401.62567 713.99420
220.71960 610.79529
526.17139 685.63757
417.30228 740.95947
412.00488 742.32458
487.26526 681.99475
441.57892 667.06500
482.50589 677.25745
418.52792 572.45526
375.53900 587.47107
430.94357 639.57062
309.31418 307.68594
331.52435 354.43668
350.26331 407.27496
417.05096 793.00293
464.48584 408.86298
452.43405 342.51077
440.12686 276.37436
340.81882 510.07117
281.92114 531.91937
446.47202 500.58585
303.91229 474.19711
464.41235 545.73047
457.66327 644.85834
252.58482 549.85638
301.37012 549.43176
335.61060 559.16705
383.64520 555.27771
418.04968 545.13702
443.34024 534.77679
499.08945 516.57855
252.58908 603.22937
284.18851 471.44116
513.05841 681.49829
446.33588 587.85345
219.01892 490.71484
463.38467 523.28412
427.30621 637.77155
317.10266 487.63812
456.47101 624.59515
227.47736 677.34241
445.42899 492.54297
480.61777 614.21619
301.46930 814.39343
303.00781 847.07501
226.95541 610.47205
266.70630 777.08630
245.22491 449.57220
421.01385 909.69336
514.33521 684.47607
421.73380 603.82300
255.74081 501.84814
365.09747 500.72900
387.00064 500.97052
402.11029 746.70807
251.62856 657.52966
469.94403 947.12219
386.30624 911.69763
347.82269 885.50305
519.72040 343.72168
523.71124 950.32373
407.68970 498.24615
427.18451 494.83820
439.90698 493.68723
265.12723 464.84155
421.11392 475.73450
398.33997 468.79459
376.41376 468.10974
354.76831 472.16772
341.27454 478.13037
226.06177 430.42078
349.60034 497.47919
523.60760 703.45630
431.19348 703.34290
457.03162 662.00800
484.58109 702.26208
521.58075 479.24869
342.19122 851.40295
380.10141 881.72028
469.71115 926.51312
269.59747 803.55298
437.75793 486.11307
483.21442 559.06903
524.40625 929.88116
425.94434 933.55066
231.57205 670.08606
458.87735 747.35645
454.43176 754.47430
451.05420 763.48749
449.01501 774.65106
447.98135 811.81000
411.25180 738.25220
406.21930 735.94952
402.11197 733.68164
377.75409 727.89465
283.80865 672.05475
482.39746 529.57343
466.12607 475.35791
448.51575 477.42249
416.96283 740.68481
276.73584 736.67517
490.82983 476.20221
436.30930 843.96863
525.84918 573.24890
501.69492 547.84113
524.39233 543.09039
463.75812 599.08258
524.06024 898.94904
522.91687 860.34100
479.83392 858.65991
371.10916 788.60052
404.86243 656.76447
401.62341 820.30322
344.08105 652.03400
378.29172 681.58319
317.36075 692.03613
473.13672 896.03760
445.87769 609.63141
350.74487 815.66711
388.23758 849.31793
346.14246 754.63586
254.65878 704.06024
312.74176 764.28723
242.51050 725.84613
352.87918 709.94537
465.38190 573.21112
465.29919 658.81641
445.90982 658.23590
479.71515 644.49829
446.59738 454.91827
404.75366 441.82776
367.39691 440.60156
336.55914 446.57758
314.79541 457.60287
300.69736 494.34583
225.62781 554.11914
323.40979 526.39197
350.91718 533.56458
384.67618 532.63928
415.38019 526.38208
439.10229 519.09021
455.95544 512.36053
219.17072 549.58716
444.58527 661.54547
484.00519 585.94470
485.79257 664.81421
497.05408 675.82275
483.78729 667.25800
450.31958 667.03632
503.63916 679.26929
504.53113 682.01685
454.63971 493.61453
469.22293 499.81299
478.78943 505.38678
333.56525 482.64117
316.76154 473.89966
546.42163 575.96234
685.54474 494.25797
553.60626 676.77948
765.30713 381.95868
620.08887 513.68768
643.66254 515.52008
666.22626 514.39417
695.58167 502.16565
599.62189 508.53760
654.57538 449.82083
626.65424 451.25073
679.29236 455.09464
695.09155 464.64172
715.78046 515.03516
615.73804 873.84210
694.14551 488.38385
780.17664 495.31763
741.75403 498.95969
647.86096 621.07703
555.38232 730.28284
551.69354 747.30365
589.03088 733.51288
611.39606 736.69342
579.76172 745.56549
601.72052 744.31085
640.83508 767.43158
549.97980 669.54865
552.69568 642.95282
726.36047 449.62238
592.78961 558.77637
607.99994 645.90924
607.58411 629.65900
720.28198 610.64850
549.83081 607.31903
669.08533 425.79205
702.77881 434.43228
745.21240 340.44409
564.92395 442.29321
602.80951 460.58545
663.27734 741.94287
765.24841 739.78186
590.58093 662.08850
570.04352 671.28076
642.86768 741.00195
636.05359 742.22241
715.00977 419.34445
609.56476 652.90002
623.86505 425.98166
627.35724 407.12097
656.25409 286.58078
731.10907 375.16571
642.24628 344.03958
739.61664 437.61502
753.36328 407.42352
554.15222 739.78815
584.56885 739.98718
606.93182 740.50098
585.00995 665.63440
639.38812 741.62781
625.10638 749.11951
632.23071 742.82312
577.85889 662.03394
597.35931 747.17999
575.20032 749.39972
548.82300 751.80609
555.86292 823.00507
554.22858 784.95734
553.08936 772.44055
551.18622 760.90131
548.48206 751.63989
597.24182 747.32648
602.68060 751.32812
608.21429 757.00293
612.48206 763.64526
635.19958 711.18005
780.62634 606.02905
613.56146 745.44354
619.48853 747.05353
560.65668 681.52222
601.53326 665.66565
565.28949 676.66089
618.25354 570.79950
659.88037 585.18146
612.04797 637.97748
711.36517 307.65927
695.63293 353.21863
676.50647 407.39093
618.23169 789.87976
571.49042 410.57495
585.65564 342.29987
594.14490 276.63287
684.80609 510.35422
741.95154 529.76385
586.19336 503.48157
717.45465 474.74194
575.83661 544.62524
592.40216 643.45728
767.86597 545.67719
726.93829 546.40454
697.49963 555.85870
652.32166 554.24109
618.46246 545.78741
593.30969 535.97345
545.54724 516.15131
770.17395 598.76587
735.67328 471.34036
541.38855 681.03247
594.23315 586.56085
781.14783 487.37015
574.19580 524.37555
613.32599 636.22900
704.15002 489.55798
591.53467 623.24713
776.72815 671.40411
585.58319 495.22913
570.77612 613.24121
724.98456 806.79761
718.83087 838.73352
786.10986 605.27509
754.46356 769.56012
767.00031 446.42209
621.64630 905.12970
537.77844 684.12506
616.89001 602.27600
761.47498 501.43539
663.06488 501.30682
643.38110 502.56769
629.85944 751.74158
771.13196 652.22345
575.44263 944.35339
649.28625 905.05627
681.76898 877.65448
623.57043 500.86081
604.19550 497.96051
591.63629 496.87592
751.41193 464.29919
607.59839 477.04562
628.22437 469.68903
649.09729 468.75262
669.34473 473.04498
681.72559 479.43558
776.40063 427.84186
676.28595 498.06348
609.90454 701.48962
590.40857 660.40515
561.59375 701.52167
689.21393 844.47656
656.81097 875.69690
577.00073 924.05518
745.13696 795.65674
592.52319 488.02399
562.50830 558.30548
615.51056 928.55078
782.62750 664.12860
575.05780 749.43427
580.04889 756.47784
583.81946 765.51318
586.56165 776.67505
590.67450 809.48523
619.60114 743.05621
624.61377 740.95813
628.85455 738.81421
655.46118 724.29382
744.66968 667.08252
559.98126 528.97668
567.97375 477.41077
582.65839 479.78146
613.81512 745.23883
748.38733 730.25482
547.53870 478.04364
603.70032 840.77405
546.25989 547.34082
581.37305 598.13519
563.97778 857.03589
661.07300 783.98291
633.37671 654.60645
634.13678 816.12421
690.97614 648.49390
657.66626 678.62811
714.43414 687.39307
572.75977 893.98248
596.47021 608.31482
681.44800 809.68243
648.79791 844.16895
684.76709 749.94995
767.37927 697.89941
716.28918 758.12140
773.89087 719.09003
679.89258 706.12476
577.53461 572.23083
585.45380 657.24927
601.08362 656.49170
573.95007 643.30310
585.71954 456.99646
625.12964 443.35425
660.30969 441.99548
688.70441 447.77271
708.00354 458.60257
720.29175 494.62708
785.65839 549.53058
703.24304 525.32477
679.59027 532.21985
648.31091 533.03131
618.40533 528.27161
595.06091 521.37805
578.90253 514.34583
780.60059 545.58966
600.73792 659.83417
564.55896 585.12579
568.12469 663.53723
555.33838 674.86713
568.25598 666.07489
594.45490 665.53882
549.98718 678.49072
546.86823 681.27509
577.55042 496.29926
565.92279 501.73163
559.19336 506.61450
688.80750 484.31436
704.62317 475.63062
377.02344 481.77771
401.48352 481.11002
376.36371 460.13495
352.14227 482.53662
377.52551 503.51801
642.98596 483.35214
667.61304 482.98157
642.07477 462.10968
618.31885 483.50134
643.95789 504.72968
