509.16617 682.94830
514.10651 610.99524
513.49780 639.46649
492.62708 539.55524
514.11328 586.33472
513.91907 557.68396
512.53076 492.23651
344.47449 503.18085
512.12952 438.50717
511.92899 407.52527
509.57910 305.27158
508.73151 691.04614
508.36407 698.83740
508.29642 703.55676
508.68146 729.77960
508.53622 739.08160
508.20612 750.87378
507.98004 763.81616
512.47534 791.87744
514.05804 625.43884
491.06033 627.00543
242.46933 431.02246
409.12018 513.49182
387.07361 516.98865
364.78143 518.04663
332.10971 511.89032
427.59164 507.54211
373.28870 457.26324
398.29041 458.18347
349.06720 462.44809
332.72638 472.52606
311.28180 525.74304
415.80704 835.57898
334.78732 500.49805
232.28528 529.02161
280.86063 514.30267
383.07004 603.89331
473.77267 678.74805
475.97842 698.07166
438.54984 686.70679
415.13016 695.28796
448.21799 699.87805
426.87036 703.23291
389.26230 742.84009
493.43588 611.01819
490.40417 587.42993
294.78949 452.64062
437.08591 549.07965
433.49652 609.66754
431.28793 598.62012
306.52072 604.05176
491.56195 560.98444
354.89133 421.73621
319.89792 432.84558
269.14874 385.33099
461.20502 437.45203
420.27997 465.74466
368.50610 716.99768
260.13983 754.56244
452.22842 622.97095
472.80731 629.92914
388.56873 710.51758
395.90366 710.67035
304.18875 419.29727
431.47394 620.35272
401.09784 421.69412
396.28912 403.07184
370.39633 320.88748
288.67633 401.15805
386.67261 358.18478
277.60767 444.55347
261.82928 438.96890
474.01978 689.42981
443.11423 693.93213
420.70911 699.50116
457.85187 627.32367
392.24567 710.58984
405.34961 720.78406
399.58295 710.86829
465.84940 614.02771
432.34637 705.42047
453.10101 703.23688
478.71219 702.68378
475.56348 790.49896
471.90930 760.87335
473.58160 748.08173
476.28030 736.40479
479.30499 728.12799
433.28436 721.36810
427.98978 724.73206
421.40991 730.42090
416.29910 737.33960
397.97473 678.55347
231.20563 641.07404
513.80231 632.59686
417.80402 717.28223
411.65164 718.53296
480.26221 638.82538
439.17697 634.16547
476.82547 634.50470
409.31116 562.46344
366.84631 576.50586
426.20715 609.61792
310.01492 347.49792
328.65973 373.26862
345.02353 404.36951
411.02094 762.46582
452.63293 407.36127
445.08301 354.19437
434.39417 308.34192
344.61304 516.82971
286.56686 542.25079
439.34131 501.76044
306.80554 483.99127
455.55933 533.32910
450.02905 599.68005
252.03302 561.82239
305.38812 553.45526
337.70270 557.31653
383.47076 551.57678
416.70520 541.60260
441.37289 530.26880
489.01221 499.06100
252.94145 606.54828
286.00574 482.18396
501.65247 624.72473
438.31290 568.66675
222.60956 535.13403
459.79044 517.38861
422.88596 612.51910
321.75812 500.97256
448.50906 586.33331
242.26971 697.54773
437.21478 495.55338
469.93729 571.17804
309.49677 791.29614
314.64688 826.18799
233.02939 625.89526
277.92700 764.61182
245.93652 481.21527
412.38495 862.86700
504.15582 631.82123
414.67752 585.86578
258.80011 521.25690
367.94287 504.83368
386.86978 503.95953
399.93112 723.91956
255.40799 654.69086
459.96295 896.26440
384.91083 870.38794
352.70520 852.47400
510.75882 354.55133
512.70020 899.77057
404.66263 501.43939
421.05728 498.15833
431.75870 496.64545
265.65353 480.08295
416.03180 487.35553
396.97226 485.30795
379.92654 485.98303
362.10223 489.61517
349.57172 494.11249
227.79059 478.11804
354.59143 504.25720
513.13556 656.92609
425.68646 665.56409
452.61652 618.83575
476.48404 657.71985
512.10394 467.26208
344.56897 819.61401
377.36169 841.43408
457.64041 876.99512
285.35056 797.13794
430.36771 491.84570
472.99759 534.32471
512.32690 880.08759
419.11981 885.50867
240.45828 677.97742
454.17328 725.10760
449.12256 731.17261
444.24088 740.22748
440.93463 751.43219
439.12604 779.16907
409.64886 706.90833
403.54172 705.06873
398.47168 702.79816
377.02332 695.08264
285.28201 659.10529
472.94025 514.64270
457.29498 476.38208
440.95062 481.26086
415.51093 708.04590
284.09668 721.43970
482.51611 472.49026
426.57141 807.13000
513.51263 535.30127
490.67499 520.30103
513.04059 514.59119
454.89050 569.55170
512.31403 853.31470
512.27234 820.92712
467.67902 819.53308
369.88187 759.18811
401.17365 632.05884
395.83176 787.16516
340.27875 631.37500
374.84528 654.96619
318.25317 670.69818
460.03366 850.89075
438.58664 583.80603
350.73590 785.26404
383.26620 812.04968
347.92902 727.18213
261.84094 696.73340
317.18262 740.43835
253.46991 725.35510
352.96024 682.63580
456.47290 551.60535
458.16428 609.76135
441.54074 616.94806
469.25781 592.56134
438.27878 457.19135
399.96469 443.95587
366.59778 442.57956
337.80685 449.70938
317.07361 463.34738
304.06653 506.90045
229.42593 576.90790
326.16608 532.57458
352.00803 535.39996
383.92197 533.18268
412.95963 526.83185
435.29770 518.63763
450.67465 510.67816
225.69226 588.02466
441.37372 623.46997
473.27109 552.18475
476.13486 609.28510
489.66867 622.30530
476.25528 614.61902
447.52393 630.58838
494.12244 623.68604
496.49081 630.41571
446.84174 494.72363
462.13321 497.95920
472.73621 499.77271
341.50546 497.60635
321.42365 485.07776
533.87494 539.20776
683.97095 496.68787
536.08636 626.84851
767.31622 429.93918
618.79095 509.84674
641.45276 513.50458
663.53760 514.40143
693.76508 505.39722
599.24945 503.26544
655.03619 452.13916
628.64343 452.98544
679.26263 457.05731
694.72571 466.63574
712.34851 519.82446
607.57227 834.05664
693.08527 491.96063
779.18066 527.36359
738.76343 506.47083
638.24585 603.16351
544.93048 679.72540
541.03687 698.81403
579.09406 688.78467
600.71442 697.98230
568.05151 701.58026
588.44171 705.69324
635.48462 742.30212
534.48438 610.78467
537.21478 587.10535
726.33826 450.58731
584.79547 548.17023
591.60095 608.72626
593.04919 597.58960
712.13422 602.88287
535.86230 560.60193
670.26514 424.63489
703.84241 433.33585
743.44360 384.14227
565.12061 441.47849
605.17047 460.69229
656.14404 716.46033
753.18744 750.40936
573.32849 622.47028
553.40820 629.94171
624.95044 714.38806
617.95807 714.35590
716.36151 419.67233
593.40582 619.66992
624.82410 426.42572
628.57837 408.22864
647.08057 320.46274
727.16089 398.62836
633.53424 357.45114
740.02002 441.51093
751.93518 436.18008
543.55463 690.25665
573.73663 695.81238
594.87567 702.02014
567.66895 626.99219
621.43079 714.37115
608.53937 723.56573
614.48059 714.41724
560.58759 613.57123
582.66132 707.78760
563.01111 704.76752
538.32654 703.33838
549.04913 790.43646
544.55688 761.35492
543.00830 748.56384
540.98755 736.92291
538.22980 728.63843
582.25604 723.21100
587.60077 726.52747
593.75879 732.08820
598.50714 738.87085
626.64819 678.37506
778.68860 639.51459
596.51453 719.94031
602.66650 721.23907
546.37201 638.99286
585.95538 633.92938
549.65869 634.62170
611.67279 561.59155
653.39807 575.67578
597.95752 608.84888
705.62073 346.59610
689.64545 371.60782
677.95880 407.05646
613.25336 761.98444
572.48138 412.82309
576.03491 353.94357
583.98932 308.21368
682.45221 512.27905
736.84119 536.13989
586.35498 497.25757
716.48584 478.03284
567.11456 532.46802
575.69714 598.90137
762.56061 559.91406
720.38245 550.53442
690.25317 556.84058
645.57990 551.23914
612.79846 540.29810
588.25256 528.81830
535.41620 498.77151
762.29871 604.68243
734.14050 476.44611
526.05957 624.64685
584.01654 567.89020
785.72473 534.53308
569.69751 516.18115
600.64221 611.94873
703.18842 493.43341
576.50507 585.43323
769.30768 694.64288
586.91632 489.70380
556.26776 570.48761
708.52307 787.01105
702.52417 821.31250
779.38733 623.17139
737.84906 760.10596
766.30383 479.16608
610.32043 860.77930
523.38397 631.77026
607.16241 585.14325
758.59216 511.64484
661.44409 501.19299
642.28650 500.70093
613.59631 726.67194
760.36841 652.23651
564.39557 894.95416
636.72961 866.66003
667.14850 848.01672
623.40680 497.56116
605.21277 493.34195
593.02094 491.47559
750.56873 472.65244
610.33380 477.43039
630.60156 473.20761
649.91052 473.30463
668.95056 477.56458
680.82343 483.44385
780.41626 477.41953
674.53101 499.35065
599.59058 665.36810
573.13287 618.23492
549.63751 657.84113
675.53943 815.90063
643.89398 838.36401
566.38550 876.00061
729.70471 792.22449
594.49622 484.51474
551.38953 533.68085
603.90283 882.84845
772.57642 674.50140
562.53900 726.14911
567.51062 732.17102
571.98798 741.09540
575.37067 752.13727
584.99805 778.68152
604.96674 709.94617
610.83350 708.25543
615.86896 706.18829
647.37512 694.88702
732.45294 657.23688
550.61566 514.10962
568.30408 473.28241
583.87793 476.17365
599.02612 711.06726
733.22412 718.28491
545.24780 472.26132
596.98480 805.98975
534.75366 519.90228
569.13916 568.87817
556.56366 819.08478
653.28333 757.57281
621.83752 631.37598
627.56494 785.65198
680.01080 630.37122
647.64752 654.35938
701.88721 669.29584
564.31604 850.27307
584.66199 582.95398
670.91223 782.45294
639.05048 809.65375
674.90588 725.68756
754.16553 693.57623
702.72858 737.60132
760.38513 721.01849
669.89801 682.06415
566.82819 550.91077
568.13098 609.08545
583.91516 616.18219
557.48230 591.99878
587.11487 456.03326
626.12787 443.70709
660.35449 441.89780
688.56659 447.69937
707.88501 459.62274
718.30573 499.73419
782.15643 574.82190
699.28235 528.44482
675.22473 532.92468
644.32306 530.84564
615.21960 523.90833
592.57556 515.39191
576.68689 507.43799
783.26257 587.05585
583.81097 622.82361
552.17114 551.48682
551.05536 608.87903
537.54938 622.12915
550.69470 614.31183
577.79474 630.21344
533.38239 623.56244
530.77191 630.27441
578.14960 490.01544
564.39532 494.90173
555.69995 498.59161
687.78339 488.03870
704.16364 478.43872
381.60617 493.09796
404.22968 491.48285
379.16254 475.22015
358.62244 494.76117
383.99347 510.80225
643.67749 485.93164
667.53882 486.90503
644.25500 467.33743
619.81812 484.87033
643.19391 504.34906
