522.10162 727.07739
517.43109 674.63971
516.62573 686.75800
497.21109 588.18878
517.82062 652.89325
517.78009 617.61047
516.62506 521.67462
343.83020 492.61450
516.10107 449.42084
516.45807 415.60712
517.30786 283.74463
521.96790 736.46637
521.73376 747.29736
521.61310 755.16199
521.79327 761.40979
521.71185 777.11475
521.29340 795.69202
520.68079 812.18640
516.68323 813.01208
517.06787 682.50726
493.73926 677.56232
247.78110 371.44550
415.72449 516.36389
392.36383 519.29834
368.89175 518.60364
336.84100 498.94424
434.45474 511.46902
370.26730 444.41510
398.69104 449.30548
345.50296 447.19940
330.85101 456.01303
320.53357 513.79260
436.75168 827.22089
334.80048 482.02631
249.98923 477.18347
293.19241 490.02362
402.04431 625.44965
493.04398 722.05414
496.35867 746.63367
465.14944 729.84998
448.08795 737.61603
475.04288 747.13635
459.48734 748.79382
421.98639 763.85596
498.32867 673.35645
495.20020 652.36359
296.27832 430.36353
445.80493 564.33130
444.25009 652.89844
443.13779 637.41644
334.34229 614.62292
496.10828 619.15558
345.78705 413.82858
314.90579 416.71661
266.61346 335.91949
455.53015 448.71240
423.66492 462.03552
406.91165 743.91852
299.97516 672.43042
461.03220 666.26276
479.06668 674.46191
429.28027 751.85266
435.41675 752.47430
301.46405 397.49573
443.93549 659.50671
391.12854 423.39764
385.79288 402.92621
366.47125 292.75555
284.12332 369.15588
381.20288 347.80499
282.31836 415.31970
263.89502 396.90717
494.01276 734.83087
469.80746 738.84985
453.33118 743.32788
466.15723 669.83154
432.33347 752.23798
440.22144 761.34802
438.59055 752.70300
472.25739 664.67493
464.69052 752.75903
479.85886 753.04089
499.19061 754.19873
487.50162 810.75354
489.17673 809.70905
491.88675 793.35828
495.42770 774.28662
498.99106 760.00549
464.13937 755.79730
457.86996 762.94250
450.48486 771.98322
444.77155 780.42834
428.80331 714.27972
263.34500 559.36804
516.79895 684.57739
452.82819 753.98828
446.47763 757.59375
487.11874 683.71198
451.86075 670.94836
483.24261 679.23108
422.81625 576.21887
385.70966 591.92065
439.96967 644.83087
303.85248 308.71005
320.88770 350.88977
336.27484 392.46606
438.86337 781.34558
445.56793 417.32263
444.90628 350.59415
435.57913 285.42203
348.45581 511.77084
298.52325 529.40979
445.92609 507.14877
310.86597 462.94781
461.57922 551.40588
457.51263 649.77228
273.26636 537.70410
315.24304 552.22314
345.81934 566.29712
390.88239 563.14673
422.79907 552.61993
445.17795 543.07715
493.56995 526.30640
283.39355 588.96881
292.86649 456.66635
505.30243 681.74774
449.14905 592.03900
243.64035 458.76373
462.33743 533.35651
438.40326 641.62360
325.79401 481.38513
456.72189 630.88641
278.17252 613.92792
443.72577 498.47516
475.63217 623.12720
350.40253 753.55621
353.07251 764.39520
265.48041 575.23035
323.82819 716.31409
255.45499 433.20605
432.32828 842.85791
507.21094 683.51068
429.23090 607.04498
275.69711 490.02271
368.67871 505.26291
390.00897 506.36728
434.79236 764.55640
294.72333 631.95630
469.33984 872.05786
409.04825 829.19250
383.93707 801.77948
517.25702 351.38861
513.76782 876.95166
409.80768 503.42508
427.91412 499.71695
439.18542 499.00021
276.76263 447.15442
419.35925 477.65125
397.49835 467.79434
376.00385 465.34888
356.13806 468.23111
344.99182 473.79340
241.08844 410.07599
354.02600 499.93228
517.17682 703.35181
447.68857 705.29608
461.01810 664.22858
486.56583 703.81409
516.01343 482.72095
377.48804 787.85846
404.38193 814.58887
468.30408 863.83752
325.89670 723.25861
435.81039 490.66260
478.36478 567.92072
514.15363 868.86682
436.49072 854.58337
280.29694 623.62054
479.63367 757.90942
473.78564 769.32574
467.62344 783.68213
463.00641 798.30359
459.97900 798.23346
447.16138 750.50500
441.02252 747.79590
436.08151 744.72998
415.09534 727.87097
324.47925 655.72516
477.62479 537.45886
460.47040 484.06677
445.49112 484.17279
453.09717 752.83337
328.66901 699.47791
482.67221 488.01910
447.73108 810.90076
517.45898 585.56891
495.12247 559.11377
517.11731 555.17322
462.79468 605.43091
514.89789 852.66943
515.67212 831.14398
480.34198 827.54175
399.70291 766.72974
420.05267 658.31781
421.35294 790.25940
368.89398 650.46515
401.86029 680.39581
354.25232 681.67676
472.19980 848.11566
450.00565 614.17609
381.53079 774.81189
409.41617 801.07611
382.59698 740.29382
306.12463 666.73883
355.60751 733.07849
297.79498 669.34473
388.76227 706.76129
463.76813 579.40619
464.99472 661.27423
451.23438 661.78412
475.04785 650.49597
438.15601 460.84299
396.45847 440.98648
360.89087 434.72931
333.52142 437.08270
316.49902 446.10547
311.94922 485.81345
254.42963 526.41315
334.01019 527.72717
359.18634 538.45428
391.09091 538.55872
419.85687 532.33917
440.98871 525.76935
455.51917 520.41229
252.61984 507.75336
452.00018 665.29761
478.78198 595.20349
481.62836 667.28125
492.91107 675.85492
481.39554 668.12378
458.22757 670.73627
497.92361 679.53369
499.59100 681.48175
452.45526 501.01764
466.34821 509.19647
474.86575 516.85480
339.00436 478.30527
323.31723 466.04501
537.22430 587.36896
681.19562 489.00592
539.55402 676.52087
774.48376 363.55603
613.67065 517.11633
638.24866 517.57697
661.43500 514.55389
690.02948 495.58377
592.74750 513.24756
651.74805 444.57413
622.97101 449.87372
676.96069 446.67941
691.89532 454.67273
710.02240 508.58688
590.73035 822.63165
689.08899 479.66565
771.10223 468.41013
736.08466 485.55255
626.87494 620.61261
551.16522 719.58234
547.26215 744.61053
579.34113 724.77576
596.26263 731.80756
568.81702 743.47742
584.61041 744.19647
613.27368 758.83740
536.23950 672.42346
540.21216 651.23193
726.53455 428.40250
583.28796 561.34741
587.60486 649.82721
588.23163 634.31799
691.23792 607.01349
538.97308 618.05621
675.43732 413.77289
706.38647 415.79904
758.30273 328.88657
569.57660 451.09680
598.15997 463.06946
628.87854 738.18347
713.87274 663.91119
570.89496 663.97217
553.58521 672.96027
615.17603 746.45789
609.11029 747.29944
718.58923 396.56107
587.37366 656.40662
631.21246 423.97223
635.42487 403.68628
665.85529 288.56522
742.70825 362.97482
651.49194 344.49814
739.26227 413.33917
760.72913 389.82422
550.05170 732.50555
574.44794 734.59100
590.85669 738.07123
565.78619 667.73523
612.11682 746.97510
603.81415 756.44830
605.95813 747.70599
560.70551 662.64899
579.26935 748.62885
563.72778 749.84796
544.24207 752.43738
545.20435 809.43750
552.04596 807.98999
550.55200 791.60992
547.63885 772.64996
544.57495 758.58990
579.92816 752.17438
585.98358 758.94940
593.09338 767.66650
598.35474 775.95892
606.09497 710.26709
752.28528 550.90082
591.60968 749.83624
597.77570 753.07355
545.95941 682.78735
579.85944 668.19666
549.60614 678.12140
605.24298 572.30780
642.06335 586.46326
590.89886 641.61145
724.69360 302.81796
708.71143 346.25220
683.56738 392.38663
595.35406 777.15649
577.42175 419.68555
589.50146 348.62878
598.85797 283.03625
680.03815 507.41919
735.76123 522.48724
579.44678 509.36285
713.74878 460.71301
568.63855 549.02545
575.41284 647.10382
748.70892 528.74194
721.09320 543.91132
691.91919 557.73822
646.49817 558.07922
612.57703 550.71912
587.94495 542.46436
539.00653 525.33447
737.71960 580.00293
732.43713 453.82825
528.74677 681.12195
580.48419 589.31427
775.53113 450.02924
569.61481 533.23926
591.43213 638.40680
698.69586 479.25861
575.56946 628.27631
736.34088 605.59094
578.93506 500.80048
558.27588 621.24200
670.31445 745.68372
664.33533 756.62018
752.23376 566.30981
694.24982 708.26276
767.50854 425.13577
592.72021 837.91150
526.29041 683.17828
599.42859 603.45984
755.03900 485.56345
658.78137 501.59384
638.07581 504.92926
609.12286 759.46265
725.18420 623.48853
556.31787 869.13153
612.88312 822.48962
636.21509 794.35223
617.27271 504.16815
597.20166 501.82883
584.55719 501.61707
747.60986 444.13037
602.45990 478.95288
624.41785 468.88586
646.57892 465.82965
666.96118 468.01578
678.42590 472.89139
779.77332 401.56226
672.34351 495.65359
586.52667 702.26599
571.04749 661.99158
548.48651 702.64941
644.77344 780.34656
619.42169 808.18744
558.22699 861.04028
688.96729 715.05066
586.41119 492.44302
554.07990 566.30212
587.35663 849.36609
736.23199 614.97937
564.23163 755.19446
569.63226 766.34271
575.31091 780.46460
579.02966 794.93671
573.32898 795.24677
597.30774 745.52228
603.23254 742.43591
608.35217 738.91174
620.56714 722.93005
698.97180 647.90558
553.72217 535.87640
564.95416 485.85056
577.51410 485.94003
591.53003 748.26550
692.96606 691.40674
546.98035 489.85986
582.40668 807.06024
538.52429 558.14581
568.77582 603.37030
550.06366 825.65515
630.98346 760.31543
610.10828 653.97552
608.80695 784.76959
659.32404 644.17383
629.41602 675.22473
672.92242 674.58459
556.21649 845.66162
580.17255 611.49573
644.72919 767.26385
617.63336 794.82172
648.49835 733.55896
713.37280 658.38269
669.94672 725.26941
718.53320 660.85864
643.60986 700.81165
567.11505 577.28320
568.03503 658.91248
580.84583 659.03284
559.07324 648.50598
584.87891 461.87866
625.69836 441.28540
661.31750 434.62988
689.00677 436.30966
706.46783 444.56937
714.73193 482.71719
764.64130 517.40851
697.72888 522.06860
674.38623 532.75287
642.52649 535.52411
612.10956 532.04871
588.79578 526.67902
573.08588 521.46527
764.69824 499.16455
579.63959 662.51062
554.32147 593.57867
552.30951 665.47644
540.68304 674.80157
552.04498 666.56799
573.70636 668.24280
536.00397 678.64514
533.70386 680.71448
571.44141 503.28683
561.12964 510.69385
555.61096 517.44177
684.58667 476.68326
700.24146 464.34723
383.42905 483.37833
404.89606 482.72574
382.43695 462.31439
361.25244 484.02432
384.08008 504.53998
638.78925 482.82861
661.59906 481.60898
637.44641 462.31262
616.07764 483.86523
640.20172 503.58636
