514.83136 718.00446
514.16150 643.61737
514.02966 667.24475
493.58865 558.56354
514.41754 617.14417
514.78064 582.89752
515.63861 501.10660
343.18384 498.50159
515.69635 437.58762
515.76862 403.56525
517.25476 290.73575
514.79987 723.51636
514.61383 727.94965
514.63751 730.40704
515.36066 766.53619
515.30133 775.34570
514.94781 786.43872
514.59088 798.93018
513.85547 824.71051
514.12103 656.96423
489.80893 655.04382
240.83322 408.98947
410.84509 518.62939
385.80597 520.43756
361.96744 518.91406
330.97098 507.37170
432.70880 512.98828
374.38312 448.49927
402.93295 450.24084
348.12344 454.28082
331.07587 465.10736
307.04504 521.55267
416.07211 864.03943
334.15585 493.27374
227.23849 515.10309
276.80801 505.10095
383.12268 617.60114
480.15067 713.81512
481.81531 726.09137
448.26556 718.72992
425.83643 723.02454
454.83817 726.30963
433.99042 727.69757
388.91522 765.63269
492.53015 642.73010
489.73892 617.24426
293.10168 443.65601
439.76733 557.03772
431.29272 632.22070
430.01996 618.38422
304.49579 612.81763
491.61325 585.52484
354.51260 413.37299
318.66040 424.27777
265.54123 363.07327
465.04568 432.77167
427.73074 460.45758
367.81430 738.19336
253.50323 753.26489
450.34375 646.92645
471.48627 654.97058
396.48010 730.28174
403.19461 731.41144
303.87170 408.01434
429.07687 641.93823
402.35541 413.83759
397.98642 392.89374
369.18335 302.70718
282.55847 383.77133
382.86511 345.63638
276.54999 431.75470
257.38055 421.28360
480.39359 721.00220
451.38004 722.91577
429.68329 725.50604
455.97913 651.19171
399.85489 730.82281
413.88748 745.41125
406.48532 732.04675
464.43286 640.86224
438.18994 729.10010
458.49493 728.22845
483.95569 728.83020
476.14264 822.27148
478.55829 795.27527
480.09497 782.91217
482.36090 772.00061
485.12769 764.00946
439.85553 751.38538
435.27985 753.93201
429.67844 759.01892
425.58374 765.52386
398.14691 702.06366
227.48227 628.80884
514.08563 662.33838
425.23578 743.80792
419.50021 743.95288
479.53604 664.80231
437.24756 655.76825
475.74750 660.03326
411.34598 570.71442
367.38770 585.55298
424.76181 628.82373
305.93970 326.29349
321.98270 357.08853
345.33606 393.31219
410.83942 788.33185
457.39569 397.99756
445.46747 344.76077
437.30798 292.49313
342.27133 515.02954
278.17047 538.28595
447.25174 507.19519
305.06030 476.07129
458.57184 541.07227
448.41052 624.47473
247.33966 557.32605
295.98499 554.43048
328.91937 562.74200
377.81665 560.11890
413.93738 551.08301
441.03613 539.86353
491.86319 507.46307
248.41248 607.55438
283.37991 471.89545
501.04694 655.79089
440.11447 580.93451
220.98822 515.93695
461.42807 526.64972
422.19354 629.74017
321.30942 493.92123
447.80853 607.65863
236.10550 690.14661
447.34167 498.92633
469.69077 594.10651
305.70947 805.05481
310.31311 837.80481
227.30807 620.34387
273.00238 773.24353
241.84470 464.81442
411.73380 891.97595
503.77936 661.25964
415.52756 598.39392
254.51028 509.48743
366.12372 504.83905
386.36954 506.48807
409.30228 747.85852
250.61557 658.96234
459.19040 928.60254
382.60809 893.69263
349.39182 870.27539
516.31726 346.45517
513.66644 933.62476
407.13904 505.15851
427.24377 502.12274
440.57056 500.64795
263.78397 466.06561
423.75275 481.37897
401.65387 474.85834
380.62665 474.22583
360.12848 478.58603
347.39954 484.67322
226.99924 457.04745
352.65924 501.80707
514.21753 685.52545
425.53757 690.30121
450.95822 643.46118
476.43964 685.33130
515.76025 470.20059
341.81860 838.22650
375.85519 865.14355
457.83179 910.18286
279.83459 802.33960
439.95251 491.80048
474.88660 547.34460
513.84039 914.83167
417.55075 914.21838
234.49612 676.48767
460.22525 758.58911
455.49191 764.04846
451.43179 772.50513
448.63892 783.34473
439.11072 808.33435
416.87473 729.46552
412.37167 728.05182
408.85110 726.49750
376.91733 717.56415
281.80389 669.08228
475.90637 522.55981
464.81290 476.98776
449.88870 481.27136
421.61328 730.54315
279.98361 732.26428
486.89575 474.95184
427.23129 835.07532
515.10223 554.75623
492.43341 534.14838
515.36029 528.80670
455.95856 586.25830
513.78247 887.32825
513.81165 853.87207
468.95145 851.02936
368.30325 780.26410
400.54193 649.47046
395.38150 811.36047
339.06140 645.81158
374.62762 673.22369
315.98578 685.40247
460.89734 883.40216
439.38513 599.67218
348.39691 804.83746
382.40833 835.92059
345.84027 746.35760
256.94400 703.13446
313.92490 756.30737
247.78119 728.16260
352.09583 701.38574
458.45612 564.02625
456.45355 636.40778
439.35242 641.00677
467.96036 620.06793
444.67990 453.24475
403.11722 437.41864
366.75027 435.69177
336.38098 442.79700
315.43268 456.03229
301.90439 499.57611
224.01767 567.11133
321.60156 531.52362
347.36615 537.80212
381.11038 538.49805
412.95959 533.55701
438.18201 525.73975
455.47263 517.67511
223.07190 571.92126
439.04724 646.60913
474.21237 570.06042
474.62943 638.73950
488.37939 651.27618
474.88907 642.76660
445.46082 653.50592
493.09921 653.92657
495.65482 659.13702
456.31262 499.24396
468.73788 503.59576
476.49707 506.99518
340.02405 489.28931
320.37683 477.66040
536.68433 558.59540
692.20056 498.22742
538.46637 655.21991
792.41760 411.37006
626.12250 514.53772
650.81665 517.02161
674.49756 516.83600
704.51422 507.36188
604.20789 508.69217
661.87634 450.38928
633.60748 451.15546
687.87512 456.00024
704.37360 466.43231
728.74597 521.51270
612.58740 864.67505
701.32739 494.13708
805.63208 517.77844
756.79053 504.60468
647.49542 618.75769
550.52496 713.20569
548.40955 725.65314
584.12299 717.43103
607.31860 721.44421
576.72595 725.37585
598.84302 726.43475
641.96802 766.32898
535.85492 642.87610
539.04388 617.29852
739.54431 444.49768
591.76111 557.52252
598.19000 632.83606
599.81683 618.94189
726.40283 614.63818
538.03473 585.52509
680.35480 415.14984
715.14221 425.70593
767.74353 365.29196
568.92944 431.05261
608.54163 459.87137
663.71790 739.15533
779.25885 754.57642
578.78943 647.53625
557.36194 655.44464
639.08771 728.91602
632.24738 730.03656
727.86963 409.66306
600.39447 642.66150
633.08667 414.31842
636.65668 394.05508
665.32629 304.14346
750.51758 385.64236
650.18073 346.90704
754.01117 432.65167
775.83618 423.60284
549.99139 720.53638
580.49170 721.89764
603.41687 724.04236
572.93054 651.78448
635.63782 729.46008
620.49323 744.50299
629.04736 730.62158
564.30817 641.25092
594.58917 727.85699
572.87616 727.28717
546.44733 728.37128
552.06592 822.77783
551.10999 795.41425
550.28186 782.93274
548.66455 771.98132
546.22449 763.99738
593.44690 750.88562
598.06506 753.45416
603.44672 758.51355
607.21057 765.09302
632.00757 703.07086
806.18811 631.06470
609.10291 743.00702
615.00586 743.09766
549.22382 665.31628
592.23352 656.69165
552.98108 660.59094
619.81702 571.50629
663.67261 586.82410
605.20343 629.52191
728.20557 328.14148
711.06946 358.79559
688.25793 395.47034
619.07373 789.00653
575.74426 397.51239
587.33093 345.48264
597.32855 293.23965
693.50354 514.11145
757.95392 537.73486
589.65033 502.72372
729.21375 476.53006
573.27203 541.32269
580.71460 624.93427
784.94910 559.79431
742.32776 554.28979
711.10925 562.63300
661.87903 558.98224
624.75562 548.98749
596.83765 537.71686
539.59045 507.53918
783.56696 610.00342
749.84344 472.16409
527.11194 655.92419
590.62585 581.43140
812.50745 518.40161
575.90179 524.44055
608.04877 630.54297
713.68170 494.69116
581.80164 608.07599
797.43213 692.11279
588.71069 494.19366
559.96149 594.30652
725.23535 806.12451
720.68585 838.54187
805.31903 622.74268
758.15674 774.47015
791.19891 467.38840
616.68872 892.57886
524.36481 661.32159
615.13104 599.24225
778.51355 508.65399
669.81158 502.26779
650.05835 502.71082
624.99780 746.97156
781.20190 661.27765
568.13611 928.91528
646.54077 893.90881
680.93274 870.72095
629.59680 500.71143
609.21124 497.37646
595.62427 495.88742
767.71289 465.90594
612.49078 480.85272
634.58057 476.85358
655.56989 477.38226
675.74652 481.64209
688.30304 487.09338
806.28003 459.50647
682.79242 500.42401
604.37622 691.20941
578.11566 644.07068
552.58484 685.84875
688.39270 839.10242
653.49310 865.78839
569.94336 910.58447
751.89752 803.13214
596.24817 488.51181
556.16638 547.48773
610.45032 914.52185
797.67389 678.58618
571.94275 758.29718
576.46515 763.80597
580.18524 772.29614
582.50903 783.24072
589.76514 808.84576
617.75305 727.95319
622.12177 726.46576
625.80554 724.92865
653.94415 718.65314
749.17737 671.11566
555.73962 522.79523
570.51831 474.05847
585.93768 478.31021
613.10803 729.09021
751.18677 733.87830
547.95660 472.66357
601.63788 835.64471
538.37531 534.15485
574.25592 586.74542
559.05627 851.42499
662.18475 781.13086
629.72021 650.39795
634.33887 811.99335
691.42572 647.32953
655.92383 674.46173
714.73102 687.15033
566.91583 883.90918
590.80988 600.16052
681.98535 805.77661
647.20306 836.59912
685.21387 747.58044
774.76672 705.14868
716.94659 757.63422
783.98737 729.78888
679.12744 702.81342
572.42828 564.40729
572.37915 636.76080
589.86389 641.64905
560.90857 620.32355
590.81989 451.67084
632.71667 437.93970
669.17090 437.15131
698.94653 444.01724
719.19586 456.94183
732.41217 499.43756
808.63251 569.71545
715.49805 531.33459
690.82635 536.88934
657.06506 536.32770
624.60754 530.45563
598.93341 522.44830
581.25586 514.28552
810.53339 574.21057
590.06354 647.26959
556.11151 570.22266
553.83710 638.98999
539.90808 651.59167
553.66241 643.18188
583.65912 654.15997
535.09430 654.13947
532.46106 659.24878
580.26367 494.75519
567.34637 500.21878
559.76282 504.70563
695.78406 491.07419
714.67847 478.59595
391.28119 487.56317
417.06232 487.25754
390.84680 464.87622
365.10522 487.86871
391.60095 510.40717
646.49591 485.04388
672.84937 485.65399
647.01868 463.26852
620.47906 484.28329
646.11047 506.85138
