507.08234 708.78015
505.24359 622.01990
509.18323 647.98389
485.92822 543.60760
504.61597 595.97852
505.33411 564.59515
508.44955 491.81036
347.93149 494.49457
508.96533 438.34955
508.77933 407.54156
509.46716 294.78592
507.40610 713.60620
508.40317 717.50647
509.98331 719.82605
509.64206 766.38654
509.43329 773.09674
509.52325 781.80786
510.45303 792.08600
516.16998 829.46600
506.60004 636.65619
482.74484 636.64197
269.91339 416.38474
409.73270 510.58154
387.08661 512.25293
365.50513 511.76599
337.30200 503.11298
429.56583 506.17194
378.95575 448.75735
404.63614 451.20923
354.62897 453.48102
338.48798 463.61865
317.07788 517.32129
416.87808 867.73291
340.18048 490.16641
253.75909 518.55188
292.33356 505.49182
380.23358 602.22107
468.05090 703.75427
472.28784 714.87750
434.80316 707.36218
412.14462 712.11877
443.52237 714.57068
421.78949 716.61926
383.79434 756.20557
483.86429 621.87170
480.51221 596.73480
307.46188 446.20636
437.28131 544.89294
423.04257 613.00366
421.78979 600.20764
307.36322 599.08722
482.80673 567.61975
361.80450 418.10541
330.02600 427.47784
291.32126 372.01270
459.96808 434.79730
426.82471 460.86871
362.19977 722.91180
276.61865 756.02966
442.13055 627.92310
463.98257 636.32739
385.55704 725.09491
392.02289 725.82507
318.14175 415.36334
421.03772 622.72900
403.90924 418.88721
400.31360 401.73041
379.01019 311.03397
303.87323 391.38284
391.58575 352.24329
293.75690 438.63794
280.97614 427.37329
469.32312 710.32672
438.78680 711.31580
416.69821 714.45117
447.98346 632.25427
388.79898 725.41650
401.76221 743.17773
394.78995 726.27710
456.02432 622.20642
426.84506 718.10333
448.60059 716.70288
476.02557 717.59070
474.60211 825.68756
471.45746 788.69263
471.57114 778.47522
473.45361 770.05524
476.79135 763.64325
428.65158 750.99805
423.48856 753.15997
417.80670 757.24316
414.20288 762.73047
390.30722 683.04950
255.51553 632.89960
507.83563 643.18445
412.96039 742.15857
406.97675 742.09668
472.17029 645.77356
429.43207 636.44800
468.25458 641.27795
409.98291 557.14423
367.91144 571.14691
416.93835 610.67279
325.89319 336.04294
339.20471 365.45532
354.27161 402.18146
406.46420 784.29523
452.97305 406.28836
446.07446 348.28812
437.96063 298.79959
347.44550 509.18146
292.24347 533.53577
443.01486 501.26929
316.19165 475.76379
455.42212 530.26758
439.91113 605.65704
263.67355 553.40997
306.55981 544.93781
335.41620 549.35156
379.81775 544.70123
412.88284 536.10773
437.93060 525.93665
486.07761 498.35815
259.95471 599.46930
298.38651 474.34253
493.38361 635.82147
434.89719 566.75653
252.56247 522.34070
456.61160 513.93652
414.85257 612.18573
328.98743 491.58026
439.39429 589.89575
262.25262 693.08289
443.85025 494.69110
461.40009 576.60767
316.80493 803.34113
326.20850 840.37280
247.18713 618.83069
286.31177 771.34650
267.29660 469.83243
414.81009 899.08734
497.12845 642.33789
411.13794 583.26929
273.37524 511.74673
368.66504 499.19208
387.29276 500.27386
397.69183 745.11090
259.95990 650.71344
462.88681 941.00928
391.15210 900.53882
361.64716 874.76843
509.07770 348.01672
517.08472 948.13599
406.23407 499.44299
424.47620 497.45825
437.06677 496.37744
281.94547 472.44727
422.46609 479.17676
402.78677 472.51703
383.70599 471.09534
364.56259 474.79004
352.52240 480.80493
257.88724 463.89203
356.32391 497.04608
510.95667 664.80432
417.30725 670.30408
442.45486 624.51208
470.13080 664.69440
509.18295 465.73828
350.98578 838.85986
381.95517 868.68060
459.82739 919.78784
299.18274 804.99292
437.04138 488.55066
469.35699 535.15137
516.01599 926.99329
422.87051 923.78925
252.14050 674.35803
450.00104 758.19574
444.74091 762.70514
440.86511 769.73328
439.05930 778.87067
435.24881 808.99524
404.37170 720.45441
399.69928 719.08923
395.90244 717.57159
369.95300 699.53235
285.35388 657.52075
471.66415 512.98743
460.04596 474.60840
446.42807 479.12756
408.90338 721.19342
287.05884 724.99731
480.19147 470.22339
425.54755 836.22638
506.51297 539.64301
485.86975 522.08911
507.53198 516.65741
449.09970 570.94257
515.40704 896.35333
515.62000 860.39050
467.97092 855.69183
369.58746 772.01489
395.25244 632.40234
395.17462 808.12128
337.85434 631.21698
371.18094 657.14429
317.12180 671.95538
461.24869 889.97607
432.31830 583.68005
354.27020 800.81464
385.54327 835.92102
346.41690 733.43805
266.59695 696.49103
318.82013 747.78442
264.13058 726.47119
350.19940 685.06628
453.19336 551.11084
447.96866 617.44379
430.99615 621.63055
459.16858 600.79266
441.84930 453.74323
404.87793 439.27112
372.09399 436.90494
344.53687 442.96909
325.31210 455.86505
313.30728 498.23102
247.50366 568.03772
329.08170 524.28247
352.34680 528.26740
382.78918 527.36688
411.89563 522.63232
435.01788 515.85791
450.97482 508.58881
253.40811 577.25671
430.96960 627.25433
467.24026 555.27557
466.09439 619.19922
480.84363 632.46643
466.79852 624.04529
437.49286 634.22516
485.46738 634.50812
488.83246 640.47614
451.92010 494.23795
463.35852 496.42719
470.44226 497.24039
345.60168 485.64871
328.59210 476.09625
528.27307 543.06622
687.84949 496.38129
534.59839 635.99683
778.56775 411.68372
618.51373 511.47406
643.40820 513.13513
667.33344 512.47229
699.23572 503.96045
596.51697 507.24057
654.04285 449.19321
625.26904 451.39307
681.12103 453.84430
698.90118 464.01221
720.63300 515.80994
620.63593 869.84534
697.01422 492.25476
796.04315 514.55273
747.52203 501.58356
648.90924 600.62994
548.68750 704.56726
548.47839 715.38318
588.26166 709.75476
615.69574 714.63745
581.75854 715.75043
607.58899 718.05933
661.64691 756.13129
527.47266 621.41058
529.56525 596.07629
732.72113 441.66763
588.90125 543.47003
598.39911 611.69977
600.42084 598.83337
727.39209 596.62561
528.90045 566.97229
672.51434 414.67065
708.00623 423.49731
750.65552 366.54346
561.55896 432.08826
600.50311 461.12152
683.89337 722.34448
786.14716 757.13312
580.21075 626.96478
557.17737 635.68170
650.02637 726.65332
643.29449 727.22668
721.46216 408.79160
602.93433 621.65808
625.15350 415.66791
628.98425 396.68585
647.89771 306.07718
731.77161 386.70825
631.92255 348.88425
747.51428 431.80743
760.74536 422.77985
548.75507 710.86853
585.03387 713.02808
611.64252 716.42523
574.46863 631.47974
646.63806 726.91437
631.16425 743.88190
640.53186 727.55420
561.70343 621.07642
603.95776 718.97095
578.58179 717.36578
547.70398 717.88239
559.93127 826.33051
552.73096 789.29858
550.67200 778.91589
548.63849 770.33185
545.92517 763.80920
601.21930 751.38165
606.57916 753.53613
612.39734 757.52222
616.57941 762.90851
645.24786 682.52228
807.74469 632.28619
619.77289 742.93738
625.70459 742.85266
549.07721 645.45178
596.72064 635.88275
552.84351 640.75635
617.84607 555.49640
662.22998 568.99335
607.61029 609.48608
709.17261 330.17661
690.49988 361.33994
681.14557 396.49179
635.38367 784.94073
569.17773 401.51892
573.86243 346.13855
583.67139 295.70425
687.41071 509.97845
747.47327 529.91150
581.78101 502.68292
722.71008 474.33960
568.99084 528.96204
577.30402 604.33655
779.19153 549.87170
732.10736 542.30475
700.92407 547.57367
651.88165 544.73199
614.95978 537.29553
587.20709 527.92896
532.49042 497.75427
782.73340 596.84106
741.68835 470.56796
520.33661 635.63184
589.86743 565.61176
806.10547 519.68878
566.48218 516.40027
612.19537 611.12939
708.78143 492.61841
579.10931 588.69037
801.50171 693.25549
581.06915 495.96854
553.26147 575.62024
733.99286 805.67395
729.14526 844.86340
804.80347 616.60126
766.28430 772.32727
778.77960 465.15576
623.44275 902.02234
518.81561 642.06079
615.89948 581.92902
768.19305 505.55838
664.25421 500.69785
643.70740 501.37714
635.70605 745.75977
785.28540 649.19965
572.86371 943.25317
654.47778 905.04639
689.18115 879.72211
622.86206 500.13431
602.24536 498.16644
588.18896 497.50507
759.00940 465.69440
606.85382 480.97275
628.91248 474.71783
649.81946 473.73676
670.54071 477.40350
683.65735 483.34204
795.60553 459.98132
678.15204 498.79144
613.26672 669.83984
578.66479 623.41907
554.33643 664.69568
696.90308 841.81409
661.79083 872.09552
574.03455 921.43433
759.99976 807.62238
589.34229 490.06598
549.97107 534.18542
617.11768 927.49219
801.38501 673.15521
576.15027 758.39862
581.44769 763.02551
585.46014 770.00543
588.67700 779.07019
602.60095 809.65125
628.70752 721.74573
632.62860 720.81549
636.10474 719.71600
671.45215 699.05280
754.70660 656.20734
549.91547 512.06219
563.26794 474.54974
578.63055 479.87299
625.10345 722.25659
760.14478 724.95062
539.58246 470.69232
612.19073 837.74573
530.45715 521.43518
571.48132 570.03339
565.43994 856.65356
674.92737 772.49133
634.97253 631.23224
646.78723 809.32654
695.00763 629.61908
662.91602 656.07037
721.41278 671.01855
571.53925 891.31677
591.45618 582.52612
691.54651 802.29602
656.76807 838.11670
698.12061 733.17059
781.77222 695.78394
726.95227 748.28931
789.90833 726.09399
690.03290 684.20007
568.99347 550.07220
569.23065 616.08502
590.21991 620.44403
553.98944 599.76691
583.26489 453.08276
624.46973 438.56250
661.03333 436.44055
691.48810 442.22314
712.82507 454.64560
725.26886 496.77985
803.26764 564.84790
707.32690 523.65082
681.45258 527.81439
647.97192 527.79297
615.90857 523.59674
590.42242 517.25323
573.00946 510.04800
808.45111 575.47229
591.89746 626.22906
549.70782 554.34644
547.60620 618.38794
534.94745 632.08246
549.35162 623.31079
586.53961 633.48340
529.10126 634.11060
527.91718 640.02441
572.41302 495.53732
559.50488 497.64658
550.91357 499.37143
691.27710 488.08459
709.52893 476.64709
394.15277 486.97583
418.41663 486.65222
393.75067 467.23767
369.49399 487.23260
394.40161 506.54764
642.53461 487.72803
668.61615 488.24005
642.58362 468.16742
616.83801 487.26208
642.57758 507.27466
