507.31119 694.83606
504.60510 602.87665
507.80167 633.90985
486.24011 531.78149
504.05542 578.43701
505.07510 550.12146
508.87170 485.13385
345.12759 497.01947
509.46106 440.31586
509.31577 411.75562
512.68042 312.76047
507.24707 704.67554
507.38489 714.82629
507.92236 721.61829
507.74670 721.51263
507.24982 731.35455
506.81635 743.75574
506.65829 757.75592
514.48517 795.64618
505.79398 617.69653
484.77377 619.81244
253.88986 429.64862
411.31143 513.81891
387.85831 515.82983
364.98273 515.28760
334.28168 505.48376
431.12036 508.97406
373.05200 453.89401
400.14362 454.79828
348.34915 459.58710
332.67447 469.30200
313.18500 519.70776
415.99857 840.71332
336.28412 492.56177
238.75726 525.89307
284.06213 507.42325
388.60303 601.23877
477.52780 690.40936
481.07181 714.77216
448.19873 700.64197
429.02939 711.96844
458.74963 717.15997
440.79181 721.14575
397.91437 754.45081
484.03854 602.77948
480.47931 579.68933
296.13501 454.12134
439.63739 542.58203
429.42249 603.97894
428.62793 593.18329
315.67371 603.97083
483.09256 553.36987
353.47333 426.69464
319.70020 436.66806
277.37091 384.44263
459.58823 439.94537
424.01978 463.08423
378.68817 731.46204
261.52597 761.17114
448.75159 617.00726
469.09042 624.40875
408.25659 731.13623
414.43112 730.26068
305.08188 423.27863
429.23761 616.21008
399.51648 425.91736
394.20245 407.62338
375.15289 324.81415
292.95804 400.12592
387.85040 360.71780
280.17163 444.50665
268.79965 437.18298
478.50668 703.76019
453.30893 709.52448
434.60071 716.66235
455.00909 621.94312
411.41852 730.72528
421.81537 733.34210
417.70618 729.79572
459.73972 606.15735
445.38501 724.07990
462.93073 721.94110
483.85962 721.29718
479.72391 794.15973
476.25211 756.80115
477.54971 742.63788
480.16290 730.47681
483.64301 721.30115
445.05219 724.47400
439.88446 729.44183
434.24460 736.08563
429.58963 744.36041
404.82217 684.73926
237.89734 643.57581
506.94064 625.41107
431.93683 726.90680
426.98209 729.85333
476.43411 634.33002
439.00299 631.84485
472.96094 629.50201
413.52023 557.57440
373.30237 573.90656
425.15433 605.39734
315.91449 348.22507
330.86285 373.52228
343.99075 409.30978
418.36044 770.03351
450.41321 409.90845
445.45248 357.94028
438.48486 314.62070
345.55710 512.20178
286.82471 535.92719
444.06781 503.95483
308.62601 480.57544
457.00702 525.87042
443.97833 592.51642
256.25266 558.93152
304.63934 548.85083
336.19470 554.75647
382.51855 550.79407
416.42337 541.91565
441.35034 531.36121
486.66772 491.60425
259.22964 606.56061
288.47360 478.64877
493.59589 616.92664
439.60492 562.67773
234.10712 535.42700
459.66113 519.25598
424.30811 609.36438
324.37305 494.12408
444.13010 579.59039
244.97641 701.46973
443.65576 496.87820
463.30673 563.85645
308.14618 796.99304
310.87430 835.28925
237.37125 625.63849
279.68796 768.72974
253.80942 478.27054
408.90350 871.10089
497.38559 624.60590
417.91614 581.75891
263.16211 512.41791
367.68588 502.31213
387.31439 503.37091
417.05109 737.79083
263.19794 655.74438
459.06998 911.47211
378.66602 882.52234
346.09946 862.98352
510.19720 359.25800
517.82391 916.52618
406.83908 502.04639
425.26364 499.54565
437.47278 498.34204
269.94214 474.44305
420.93585 480.65158
400.24588 474.52832
380.21503 473.87250
360.56500 478.09210
348.46555 484.03345
240.65970 476.92969
354.49176 499.86273
508.54782 654.18701
428.30560 667.94293
448.17609 611.99475
474.29413 656.15015
509.71060 464.12036
339.76233 826.57373
372.54095 849.32288
456.20447 886.24841
284.69107 805.24133
436.29697 490.36026
470.56277 526.53772
515.47406 890.89044
414.82343 898.90186
244.26733 679.14893
462.62744 722.14728
457.30493 729.66095
453.05026 739.48499
450.08368 752.09155
444.98257 783.89832
426.59296 725.56317
420.75928 723.93695
415.95599 721.86798
387.07635 706.21295
295.78537 660.20685
472.63184 506.92627
459.87360 476.74066
445.35080 481.01611
432.45929 726.68781
291.20242 724.48193
480.90039 473.95947
430.11414 811.65704
506.45758 527.51208
485.99347 512.21887
507.69049 506.50574
453.00586 562.86829
514.51251 859.39282
514.39630 824.90820
470.66586 822.99231
372.23352 768.18707
404.60855 630.82483
398.37387 793.81311
349.39307 630.71716
381.54773 656.44086
327.96661 672.91400
460.51550 855.96606
438.38824 578.20312
349.30798 792.05713
382.05536 818.36548
352.88467 737.31653
268.79568 698.77716
321.26508 746.24841
256.19580 727.75134
361.70932 690.08118
455.99542 544.41913
451.65479 601.89081
437.12964 610.79266
460.99927 584.74634
440.29208 457.20679
400.40393 444.72614
365.54675 444.03119
336.93469 450.83569
317.49677 462.92279
307.06940 500.67596
234.24155 574.89771
327.51791 527.65588
352.60187 532.49744
384.63306 531.99902
414.45795 526.86115
437.47418 519.61926
453.08472 512.16675
235.37436 589.93524
438.30600 618.50769
468.85474 544.72089
467.77579 600.90161
482.56479 614.49060
469.30103 606.53052
445.85638 626.74176
486.44086 615.85760
489.92230 623.21259
451.98492 496.88232
464.64209 499.55215
472.53766 501.76123
341.67426 488.56039
322.96472 480.51050
527.73022 531.94507
688.60199 494.42303
530.18915 619.81665
796.24902 433.53970
617.97815 511.87439
643.12976 513.90015
667.66168 513.66760
699.90906 503.23492
596.57513 506.58392
657.20831 449.80164
628.17914 451.02350
683.95374 455.16150
700.62360 465.13086
722.25336 519.34436
616.70886 843.97632
697.97131 489.52484
809.55872 530.16827
752.72650 506.31161
638.09338 602.80640
538.71448 689.65179
535.86188 714.18164
571.18768 699.50275
592.84808 710.34656
561.13098 716.09979
581.48853 719.70703
634.45880 756.18439
525.97046 602.97638
528.41559 579.88812
737.84302 447.74908
586.21436 543.26941
588.43390 605.13959
590.59418 594.24500
716.81024 606.40375
527.90625 553.55499
677.71313 419.28796
713.23413 429.46118
765.49713 388.00134
564.09497 434.96158
602.58167 459.92816
653.19714 733.09558
797.66193 765.31500
569.65472 617.92334
548.96924 625.15704
617.67804 728.56891
611.61377 727.84772
728.17120 415.95419
590.52765 617.63074
629.18988 419.42599
634.37573 401.43008
654.83405 326.68588
741.09308 403.98544
636.06635 363.08594
754.22876 439.32678
771.97717 441.16251
537.82318 703.03784
566.07300 708.42651
587.20764 715.09979
563.80792 622.87469
614.48700 728.23779
601.81372 731.24182
608.20190 727.48785
555.15588 606.54810
577.43219 722.57574
557.34155 720.83362
534.06921 720.74280
549.72992 794.84113
538.69092 756.32562
537.48279 742.08582
535.96448 729.90228
533.87408 720.77966
577.21436 723.18359
581.85333 727.98193
586.66998 734.45972
590.84131 742.65491
620.32928 685.87366
822.19934 648.13416
592.66309 725.36768
596.95087 727.98297
541.38251 634.94940
582.50745 633.36084
544.96350 630.19653
613.58728 558.72485
655.41217 575.62970
595.77960 606.80914
720.34491 351.11038
697.61890 377.22354
687.58899 402.25702
613.01044 771.73132
573.03619 405.53906
576.08618 358.92337
588.36505 315.43912
688.15344 510.48044
749.24939 536.40985
582.35828 501.13464
725.81238 476.67590
567.46826 526.32477
570.76508 593.27045
784.29016 562.57788
731.26941 550.03320
698.07867 555.66321
648.90137 550.09412
612.73682 540.09705
585.61017 529.18030
532.63007 491.85693
781.68005 610.06195
747.21344 475.32208
518.35907 617.03149
583.94189 563.45398
823.97650 539.97449
565.53351 516.83337
599.03461 610.85126
709.59009 491.12442
572.42621 580.36664
814.98517 705.84827
582.67786 493.76392
550.17249 564.28949
736.97363 802.60333
740.63623 840.36737
812.39880 629.65424
768.71222 773.84009
791.51691 482.13309
625.67889 875.26453
516.79456 624.60413
607.29425 582.99158
775.23053 511.89999
664.56512 500.35315
643.53241 501.53680
606.56427 735.52106
779.85193 659.45410
577.60132 913.39008
664.42102 886.72107
701.02545 867.90674
622.63342 500.25516
602.66870 497.35199
589.32153 495.73749
766.81177 472.28336
607.15198 478.52979
629.41498 472.84143
651.10388 472.45609
671.98743 476.35681
684.70862 481.77100
814.14301 481.22998
678.75867 497.58267
594.18311 669.02368
569.29724 612.78656
544.36420 656.67114
701.97937 832.23004
665.82983 854.64844
575.28845 888.44727
771.06012 809.70312
590.55548 487.70544
548.61072 526.76062
624.26294 902.23816
806.45520 683.34698
557.15784 721.13965
561.51135 728.51019
564.87164 738.24915
567.45325 750.91833
585.18604 785.19922
598.02094 723.54010
603.35272 721.82996
608.28552 719.67456
641.42065 707.46002
741.54529 663.33051
549.36761 507.31824
564.65765 473.72449
580.20007 478.02802
592.73792 724.89532
751.09766 728.51160
541.42224 471.27258
601.43329 813.97876
530.49976 512.33234
566.20319 563.49390
558.77966 824.27954
661.84680 771.23077
620.59747 632.36694
635.00177 796.64893
680.04486 632.78979
645.61078 658.21515
705.29346 675.73352
568.97321 857.81757
583.30060 579.00989
688.52332 796.44415
653.52307 822.47821
680.80237 740.25580
776.14819 702.83899
717.36926 750.29602
794.74725 732.30872
668.52728 692.22198
565.54883 544.90717
562.83112 602.42810
580.33069 611.81335
550.63770 585.16797
585.23712 453.09369
627.52795 439.74805
664.71228 438.78021
695.17053 445.38165
715.97260 457.65259
728.22528 498.56155
814.55591 578.93311
707.81824 527.34937
681.29016 532.11621
647.07086 530.74329
614.82849 524.90845
589.90082 517.29089
572.78516 509.49677
824.46777 594.33777
580.41364 619.68695
547.43604 544.94922
543.98914 601.19171
530.91248 614.66223
544.31146 606.79584
574.01984 627.94092
526.11792 615.97565
524.67877 623.27844
573.51038 493.63928
559.90015 496.67099
550.97754 499.21161
692.13477 485.96207
710.83380 476.64966
388.54749 489.19257
413.37555 488.53204
387.26276 468.75720
363.21893 489.71750
389.69507 509.46146
645.58337 484.19507
671.26465 485.57599
646.47589 464.41351
620.11505 482.75125
644.68195 503.96802
