521.82312 722.35553
528.28229 642.02332
525.05579 666.21252
503.32434 553.15063
528.44604 614.18140
526.97302 578.30774
521.73615 493.56558
338.27170 488.04007
519.50446 430.45544
519.11749 395.38782
515.90051 269.56088
521.53119 731.24176
521.05054 740.07758
520.63110 745.74957
520.54907 750.08081
520.77209 761.07593
520.60968 773.63672
520.12769 786.84033
523.48370 818.18140
527.26288 655.85077
500.15076 654.28479
229.48303 397.04129
405.06439 510.03271
380.29468 512.02356
356.27570 510.63495
325.27484 497.96167
426.58203 504.43277
372.11548 440.47119
400.00449 443.28125
345.61890 444.95917
328.00800 454.89618
300.16949 514.17822
424.95416 866.95270
329.38391 482.55017
213.96933 509.87955
269.13153 498.63843
386.42184 615.00629
487.25433 717.23511
489.45132 738.39307
454.01349 722.41071
431.51715 726.93958
462.47699 736.97607
441.44455 735.97058
395.84467 765.07672
506.07504 641.19708
503.24887 614.28162
289.85388 434.94434
442.39694 551.86377
439.66373 630.33777
437.36707 615.90747
303.04175 611.06287
503.43463 581.13971
356.62012 407.23895
318.17944 416.00140
258.00739 347.97144
469.36923 433.18323
423.88562 453.80688
372.38690 738.92352
234.50323 762.05627
458.72058 645.85791
480.51276 653.76746
401.48743 732.28937
408.22141 733.53503
302.94586 399.15149
436.47668 640.20990
407.00018 411.65051
403.27509 389.57812
366.81421 282.63773
278.85504 371.26126
384.30127 330.32303
272.46716 423.28204
249.63397 411.00507
487.72446 728.80389
458.03925 730.04749
436.25134 731.45996
464.14017 650.02966
404.93680 732.91382
418.49680 741.63971
411.77307 734.23804
474.31012 639.68469
445.65262 739.42133
466.47318 741.72729
491.64935 744.12213
486.75256 817.02112
484.35834 783.82428
486.18750 770.66870
488.67877 758.34979
491.48590 748.35443
445.38498 741.35980
440.10327 745.36530
434.21707 751.14673
429.45898 758.02759
404.51843 703.01764
205.04956 630.84125
526.07068 661.35675
430.03040 738.00293
424.31866 739.52136
489.44604 663.63110
444.00052 654.44055
485.21860 658.81781
413.47162 566.16840
369.03235 581.88184
431.36981 626.58136
301.52905 308.54660
321.49811 342.87747
347.87616 385.98325
419.68152 786.41052
462.97678 397.98911
447.35101 328.84482
435.88925 271.25436
336.41351 506.34799
270.20038 532.68933
441.07007 498.77435
300.37671 466.78387
461.76855 535.12140
458.03070 622.33405
238.60995 553.95593
288.71918 549.04193
322.72003 557.41431
372.59937 554.08533
409.09836 544.20532
436.82843 532.46350
497.26566 500.11829
239.22482 606.99231
277.89325 464.11414
513.60583 654.69879
444.26746 576.92334
202.81906 511.27209
458.21158 518.85815
427.58441 627.66296
316.11621 483.86349
456.17029 604.76141
214.12686 695.78485
440.84949 490.41827
479.90591 590.30005
300.49017 813.41162
303.25500 848.73560
210.66458 621.47961
261.86472 781.46246
231.17270 456.81177
420.27798 896.14624
515.30322 660.29224
419.21948 595.10596
244.83917 504.53433
360.92706 495.11218
381.11560 496.93787
413.44415 744.48047
240.43362 661.38190
469.29218 931.33813
387.24124 901.87390
349.45605 880.35120
517.63434 330.52457
522.71411 934.53259
401.41165 495.53912
420.94287 492.66992
434.04617 491.75391
256.90527 459.18961
417.49112 473.12231
396.15463 466.27777
376.20392 465.09250
356.19745 468.76001
343.43552 474.33087
212.27563 448.39020
347.60443 491.71268
524.87079 686.02673
433.38293 690.68359
459.82065 642.37170
486.80655 685.79266
519.99579 462.38159
342.61487 845.94202
380.45264 871.75867
468.63080 911.57141
265.98547 812.83911
433.46851 483.31982
481.32111 541.62262
523.79828 914.03821
425.88159 919.75793
217.26834 680.86841
466.29993 745.04712
461.26022 752.38226
456.97437 761.79523
453.68164 773.38220
449.38257 804.60657
424.30652 734.74884
419.05682 732.31567
414.76007 729.85968
381.80542 718.64282
276.21844 670.87372
480.15665 515.78149
462.35724 470.96786
445.10852 474.03278
429.69550 737.18652
272.92078 737.52917
487.52249 469.96460
436.24631 835.62451
525.18488 549.13599
500.16580 527.85040
523.49243 522.33618
462.65067 582.36023
524.12585 885.64612
523.81842 850.20068
479.44516 849.29364
373.28204 783.11633
405.07819 648.03638
402.84857 813.49634
340.12329 644.76385
378.17975 673.03625
314.38312 686.87982
471.89377 883.82068
444.93500 596.53857
351.49924 810.00647
388.49435 840.49170
348.28723 749.27429
246.67709 708.05011
312.36908 761.01178
232.08264 735.09399
354.03961 702.87531
463.58368 559.11340
466.54620 634.99860
448.12015 639.63641
479.56982 617.65356
444.08737 449.43066
403.59125 432.24805
366.92566 428.09842
335.28198 433.44308
312.50879 446.16260
295.62769 491.13550
208.85992 564.96973
315.12433 524.28253
341.32220 531.04059
375.46069 531.42621
407.53171 526.04431
432.91238 518.02673
450.75049 509.86505
202.48312 570.49835
447.07950 645.26801
482.66785 565.25354
486.47821 637.33337
499.25482 650.37750
485.49982 641.67157
453.01630 652.14929
504.90961 652.90491
506.50903 658.28644
450.45181 490.98703
464.84607 496.02017
474.38245 499.47754
335.82028 478.67725
316.33636 467.40082
546.00085 553.10083
685.60126 492.32843
550.30359 654.58368
770.43945 398.16724
623.44293 514.23462
647.29333 515.30774
669.67126 513.23071
696.71088 501.59930
602.32440 508.94354
655.12634 442.23419
627.62866 444.95898
680.61798 446.92627
696.63928 457.33563
719.91785 515.27679
617.67725 864.74347
693.17413 487.34668
789.43353 510.77713
745.32654 497.30798
650.46130 615.28656
556.02466 716.66003
551.65936 738.02979
587.01715 721.18146
606.32617 725.82983
576.80640 736.20905
595.33582 735.17004
644.79950 764.89050
549.49683 641.40076
552.27179 614.31396
731.72644 431.55127
594.02130 552.04858
606.41498 630.32703
606.91663 615.71460
726.49445 611.50397
549.48572 581.01404
675.15015 404.34402
708.80872 412.75903
748.49121 349.90109
569.50000 430.23529
603.94745 456.05148
667.21265 739.14819
773.49493 760.24969
587.48370 646.15558
566.91528 654.01044
630.06555 732.36011
623.55298 733.35486
721.13110 394.48727
607.93549 640.19128
629.52704 408.29916
632.93237 385.91089
655.71466 285.07562
735.44775 372.32260
643.43750 332.09332
745.00317 418.85815
759.06439 411.64001
554.55121 728.40680
582.02576 729.22632
601.09167 730.51788
581.63800 650.22778
626.72705 732.85773
614.80884 741.22870
620.01147 733.97583
575.42725 640.28967
590.54132 738.55780
572.01526 740.91650
548.72284 743.72015
559.07666 816.74908
554.78510 783.58087
553.53314 770.31970
551.38422 757.95721
548.49481 747.92609
590.24176 740.59766
595.75018 744.71814
601.30023 750.52380
605.60413 757.46729
638.08954 703.10516
791.31738 631.17114
603.73535 737.49768
609.34430 739.05402
559.19257 663.81134
599.40271 654.40961
562.85870 659.07697
621.24463 566.54395
664.38959 582.39227
611.67377 626.48029
712.89154 311.00665
698.96796 344.67001
682.64722 382.18808
622.71716 785.71088
576.07965 394.61072
585.00128 329.89389
592.37775 272.75803
687.10101 509.31390
747.48657 531.96387
588.08496 503.22321
720.48969 467.33966
576.19678 535.23065
590.76294 622.65875
776.45972 554.71631
733.62976 548.67273
704.79773 557.52631
658.23517 555.58142
622.85065 546.78864
596.09473 535.66400
544.75244 500.26474
779.39343 607.42554
739.61725 462.39563
540.28174 654.85242
594.65308 576.94653
790.23987 512.19324
576.27795 522.25488
613.34863 627.60303
705.03540 487.76532
590.50513 604.76270
787.08838 694.97632
586.38855 494.43750
570.09570 590.27081
727.57733 810.83228
721.10645 844.99207
797.39026 621.52637
759.70233 779.60229
774.22119 457.58582
621.25372 893.29578
536.49725 660.36499
618.31317 595.31213
765.52203 501.82312
665.66016 498.75684
646.65845 500.98022
619.63354 744.15051
779.82440 661.45667
574.28394 929.37836
648.34778 897.26019
681.93823 875.78162
626.73407 500.26672
606.98401 497.69577
593.57288 496.49139
755.33569 455.72287
608.25818 476.98535
628.68750 470.58765
648.91522 469.73312
668.60974 473.59927
680.66016 479.29645
783.18219 449.24335
677.60486 495.49445
611.47607 690.74323
587.25055 642.85126
562.12048 686.12231
690.25238 842.79614
656.53583 868.28589
576.97162 909.96558
750.22137 809.96820
593.36169 487.13104
562.18628 541.64575
614.16046 916.05481
793.28394 680.40417
571.69287 744.25775
576.81592 751.65649
580.93530 761.11182
583.90002 772.74994
594.69415 803.83234
609.88892 734.15350
615.23828 731.73065
619.92072 729.29547
659.10736 718.89587
751.42401 670.94617
559.70929 516.03827
570.22113 472.86426
583.69836 477.05099
604.31909 736.56403
753.56519 736.64374
550.44617 471.16168
606.92340 833.99829
545.63599 527.81958
581.00586 582.44128
566.61218 848.38867
665.09277 782.01465
634.43658 647.85114
637.70068 811.82489
694.99426 645.01746
660.77197 673.00055
719.08276 686.79242
574.49365 882.66138
596.40283 596.42145
684.21466 807.84326
650.72327 837.96259
688.87207 748.89526
774.83020 707.58014
720.12762 759.80084
782.57471 733.97559
684.10760 702.88654
577.39026 559.21143
583.31891 635.43176
598.66870 639.86957
572.79437 617.83295
588.39667 449.13782
627.91364 431.59351
663.27997 428.14856
692.24255 433.71591
711.65564 446.43097
722.65997 492.17023
796.30066 565.60687
707.76300 525.99402
684.97180 532.59558
653.28235 533.84412
622.22388 529.36932
597.60406 521.79584
580.77881 513.44885
790.97034 571.28748
598.36340 645.35516
564.25226 565.20587
566.57788 637.72742
552.56445 650.80817
565.97308 642.31366
591.79413 652.10779
548.10217 653.15265
544.52112 658.41626
578.70068 494.99463
567.56476 499.33020
561.25024 502.62143
687.69873 483.62906
706.39404 470.18127
382.58380 477.44559
405.92865 477.60739
382.97403 455.76001
358.63287 477.27496
382.04938 499.22968
638.57904 482.66864
663.39136 481.72485
637.05786 460.65833
614.10895 483.42249
640.37488 504.61688
