500.48953 726.04218
499.06628 644.54205
501.34042 669.44037
481.10077 558.95520
498.85846 617.51965
499.88870 582.98242
503.52246 501.68158
345.01920 488.51193
504.85889 443.34521
504.75150 411.03397
506.12604 291.17480
500.67871 736.75897
501.30374 747.43671
502.38995 754.24048
502.67966 754.80414
502.62296 764.80432
502.74493 776.89844
503.32532 790.59680
504.46912 825.19556
500.10321 658.37518
475.92578 657.98297
271.97717 413.76584
410.66675 505.34216
388.11835 507.71411
365.50391 509.38403
335.35120 499.58997
429.38800 501.24115
371.69958 446.77231
398.83203 448.13089
347.39783 451.90369
332.35815 461.94711
316.11087 518.88123
416.16968 871.59998
335.75140 484.66644
257.06235 520.90778
290.59827 506.10190
384.09888 620.98151
469.52133 720.35986
474.23715 746.46521
440.10577 728.74457
421.21494 738.46967
451.45123 747.23798
433.64569 749.34851
392.53082 779.57013
478.44806 644.34607
475.27856 618.24084
301.35196 447.89853
434.73212 557.48346
422.53302 635.47351
421.78787 621.44788
316.92957 619.18475
477.92215 586.18457
352.67346 421.31479
321.55792 430.25861
291.93451 369.24365
455.26392 437.24121
422.16589 456.57257
373.26556 754.54987
283.09802 759.64496
440.46893 650.39514
460.01825 658.03723
401.02228 754.97131
407.18378 754.85675
310.49493 417.08606
421.68369 645.76697
396.06476 421.79724
390.46613 403.56564
376.78320 308.62448
302.93069 391.72824
387.47449 354.01859
289.16223 438.39417
281.54071 427.43774
471.06262 734.73010
445.64938 738.71350
427.09271 744.00555
446.07034 654.63031
404.14749 754.91962
415.77002 759.69110
410.45386 754.89801
452.09039 644.03040
438.76300 752.99707
456.29568 752.65186
477.68802 753.22394
472.09845 824.07562
472.73563 788.39398
473.25824 774.69104
475.10037 762.98145
478.05365 753.85242
438.87296 754.21106
434.22745 758.40472
429.20233 764.23041
425.32538 771.78058
398.11755 710.40155
260.33035 633.85767
500.77924 664.29535
425.38617 754.85315
420.63464 756.97394
467.99289 667.60767
430.18610 659.86133
464.12982 663.05988
409.95941 571.87860
371.30090 588.79767
418.11093 632.31342
325.00616 333.39755
336.77902 366.42792
344.30728 404.08109
413.40686 797.85657
445.46387 406.98816
441.70557 350.04520
435.14581 295.90338
346.51230 506.56445
292.03259 538.72919
441.19275 496.37628
311.62433 474.58276
451.33493 541.40601
437.17307 627.36346
268.28925 563.51349
307.05435 554.08960
336.43326 561.46283
381.76447 554.54474
414.84274 542.79724
438.39874 531.38208
481.26794 508.38416
269.47717 614.36444
294.37512 474.26282
487.02649 657.56775
433.92084 582.41486
256.64047 520.80554
455.69855 518.69019
417.11646 633.47174
325.69171 487.58401
437.21075 610.12592
268.37589 695.47943
439.98700 488.18683
457.33206 595.50372
320.69635 816.12036
326.77216 848.80444
255.09998 626.13727
294.80084 781.96545
268.75580 470.49036
411.44611 900.90454
490.12607 663.43915
412.54456 600.88770
273.59616 511.93967
367.74457 492.04895
387.10931 492.16461
411.46323 763.50800
273.63348 666.12018
456.26562 936.82208
387.14520 905.25140
358.89838 882.56372
504.76236 348.81772
507.67767 941.13855
405.78528 490.95822
423.31805 489.32745
434.72900 488.99261
280.00580 470.51801
419.31598 473.24042
399.17856 467.25677
378.95050 466.81604
359.25153 471.09753
347.33588 476.97070
261.01492 461.58783
354.51227 490.57172
501.83487 686.86035
421.13666 695.81189
440.23499 646.84412
466.55411 687.65247
504.71176 472.54700
350.70203 849.98175
379.39215 876.39362
453.82886 917.21069
303.35736 810.87970
433.23309 482.30884
464.98013 548.23901
506.07703 921.34729
418.04803 924.04456
262.62021 682.31866
456.59045 753.53790
451.92383 760.51025
448.46735 769.62292
446.35025 781.60583
439.16779 813.63202
419.42313 751.81750
413.46759 749.48297
408.50208 746.80798
380.90512 730.24030
299.48499 676.56018
466.86749 523.28876
457.16489 471.66260
442.68890 474.12640
425.42834 753.74457
299.69623 741.27661
476.58255 471.81467
427.18143 842.05225
501.27783 554.71558
480.87585 534.67529
502.39957 528.81079
446.58167 587.90344
505.13022 891.86011
504.69092 856.58154
464.63715 854.90662
373.59027 793.47937
398.07925 654.04352
398.06903 821.87415
346.59363 651.59790
376.86926 679.89594
327.64423 693.99530
456.88959 888.58075
431.88431 601.92712
355.93860 817.16437
385.44092 846.69818
353.22119 760.22412
280.75787 710.94574
326.57657 767.76227
274.49893 734.74554
358.87146 712.68152
450.10452 565.10376
444.60043 639.47675
429.79895 644.34320
454.83521 622.21191
437.53064 451.61069
398.35184 438.87933
363.75284 437.55774
336.30399 443.61127
318.75421 455.77591
310.61081 496.99292
252.60782 573.01160
328.61182 527.36938
352.72424 532.93109
384.34354 529.93005
413.50269 522.92365
435.50101 515.60028
450.37814 508.36050
257.74310 576.78467
430.45969 650.29822
463.20908 571.05859
461.05179 641.30206
474.33560 653.98187
461.59128 645.83612
437.14096 657.27673
479.09457 656.13239
481.79538 661.67932
448.52582 489.40814
461.55994 495.49142
468.34329 500.33313
340.55554 481.41721
323.79764 473.49268
522.27649 557.88385
675.71674 488.88522
526.54517 657.13507
760.13849 399.58865
612.66309 505.98792
634.20984 508.33923
655.83972 509.58569
686.24060 498.91101
594.33984 501.95636
646.33606 443.71710
620.43268 446.29120
670.58252 448.11761
686.33014 457.98859
706.06616 515.79736
601.32587 869.98004
685.20148 484.04944
774.64465 508.46552
732.74481 499.98135
628.92175 616.65106
532.79608 721.77203
531.01636 747.60101
566.48132 732.15442
588.93604 742.29047
557.06097 749.60669
577.92078 752.25818
626.01184 777.60059
520.41443 643.61536
522.99951 617.22046
715.19110 439.19492
578.36902 554.23810
582.98047 632.80548
584.87531 618.61053
700.77301 611.84729
522.68945 585.10809
658.63208 413.71027
691.98126 421.29575
736.36743 355.18613
556.96375 439.52164
598.52264 456.46869
645.96509 751.89764
758.94421 750.42493
565.13556 648.63489
544.74969 657.15082
615.70886 757.70288
609.33075 757.54224
703.14716 405.12015
585.16144 643.46454
614.31970 418.68030
617.03369 398.05356
640.64825 299.31534
720.60693 377.81903
626.04169 345.37317
728.36890 428.00418
745.53979 413.35440
532.42133 735.94531
561.81146 741.55157
583.58533 747.33875
559.38507 653.17798
612.41333 757.64496
599.39709 761.89618
605.87115 757.47546
551.02478 642.24597
573.83551 755.26910
553.39325 754.45752
529.57324 754.16290
539.42206 823.69556
536.16528 789.42432
534.31244 775.58636
532.32251 763.81793
529.73810 754.60962
573.91089 756.21558
578.93628 760.33362
584.11481 766.17596
588.42352 773.61517
614.90564 708.08392
781.17078 623.31213
589.47156 757.07855
594.29468 759.21155
536.49622 667.10303
577.58936 658.37000
540.52228 662.37219
603.80243 567.90381
643.55743 583.44678
590.03302 629.73767
698.85126 320.71182
682.55597 354.20102
665.13110 393.61133
603.27441 796.16260
562.65125 406.94000
568.69727 345.63690
578.47101 290.83249
674.92267 506.62854
731.72058 533.66180
582.34570 497.54236
708.16705 469.68954
560.82159 538.60626
566.02008 624.92523
756.93146 552.63635
714.83618 550.39215
684.30743 558.77472
639.69299 554.04797
607.35474 543.46362
583.63782 532.72424
526.97980 507.06006
755.04260 604.60571
725.52826 467.21194
513.40540 657.23553
576.75269 579.52765
782.48364 508.51343
565.27063 520.65338
593.06268 630.96063
695.61371 485.69705
567.59424 607.57892
773.75916 685.54211
583.53711 489.45020
545.27490 593.63562
709.90356 810.08807
709.05762 842.86322
777.27570 614.99646
738.24713 773.86743
760.38483 457.27155
607.26929 899.27130
511.48160 663.16565
599.37952 597.43896
754.19049 504.97986
652.95483 493.10638
634.45477 492.86353
604.07874 765.59259
753.11438 656.95740
561.17639 936.77179
639.41992 902.61560
672.47040 878.57019
616.83411 491.09991
599.91675 489.46729
588.73401 489.83072
742.41980 461.63727
605.10754 473.74567
624.20355 467.11801
643.13452 466.13623
661.84833 469.95972
673.50214 475.84918
774.18201 448.20914
666.02814 491.46262
588.71991 694.12677
564.64404 644.88116
538.80859 687.18811
677.00671 845.82397
643.90015 873.39484
561.09930 916.74811
736.31866 802.82159
590.63617 483.32642
542.69324 546.20435
603.34033 922.91339
770.88275 672.00366
553.61890 755.05902
558.43073 762.03949
562.15869 771.13177
565.19141 783.09283
574.79346 812.39111
594.89600 754.56189
600.34149 752.54089
605.13171 750.13519
635.44342 727.61163
722.12030 668.90039
543.41254 521.23151
563.50671 473.55872
579.64630 475.25659
589.51453 756.16437
728.16034 733.68500
539.75244 474.67627
588.88275 840.53479
524.77185 533.42883
560.82410 585.68500
547.60327 854.40234
647.53802 790.33716
614.10907 650.85712
621.14435 819.54797
668.67517 645.84784
637.83936 676.02771
691.70325 687.91797
556.48279 888.13458
577.18347 599.21277
668.65582 813.17639
635.54230 843.85413
668.08875 756.22858
748.89972 702.19525
698.30670 762.09308
760.13672 725.16516
659.52612 708.43445
559.27661 562.68140
558.24237 637.27753
575.23303 642.05426
545.76825 620.41644
580.36169 453.29266
617.07452 437.05078
650.47778 433.07104
678.52557 437.95816
698.24554 449.89911
711.11395 492.64124
779.22736 561.11322
692.79163 525.61646
668.39880 531.64172
637.67554 529.74927
609.52234 523.54541
587.93683 516.69983
572.71631 509.85199
783.23651 565.33673
575.45532 648.27124
542.09131 569.19965
539.45508 639.88330
527.37823 653.20612
540.51666 644.51001
569.27399 655.66217
521.80011 655.51135
520.12769 661.10095
574.75244 490.90033
560.58978 497.38055
551.15240 502.65189
680.19647 480.46362
695.98242 470.14258
388.24164 480.37848
414.19672 478.62988
386.56171 458.39325
362.34213 482.14661
389.66669 502.04764
644.06897 477.83987
665.89624 478.30505
643.59326 458.27856
622.46893 477.38705
644.63477 497.53418
