508.56726 706.53674
507.77768 653.69537
509.35947 671.21954
488.49829 565.51324
507.50153 627.30908
507.75735 591.63062
509.08209 505.20837
348.35208 494.84540
509.42212 442.71210
509.34607 409.56061
509.41409 289.74466
508.73270 713.72931
509.41571 720.45599
510.27884 724.40100
511.48633 770.71991
511.47754 779.73132
511.57278 791.31305
512.12671 804.94629
510.98190 824.00867
508.30325 665.59088
483.84738 661.73541
269.09006 405.27872
412.68457 514.48059
389.25586 516.03839
367.16229 514.57928
338.77890 503.40765
433.16403 509.36069
377.40338 450.20020
404.50421 452.77600
352.52667 454.37204
336.87781 463.60474
320.04776 516.98230
424.23135 849.54694
340.53467 489.94543
259.61249 508.64429
295.49945 502.02908
387.81744 614.26709
470.23358 701.99164
472.90057 718.14606
434.75577 705.48169
410.73276 709.07660
443.23575 716.58832
420.67618 716.29572
391.55573 753.81842
487.21811 652.59406
484.35812 626.77063
303.55225 443.74588
440.60703 556.83234
428.30457 634.68579
427.58188 619.89124
318.94830 605.59784
486.26123 593.85400
356.01215 418.51990
324.16843 426.74844
288.47473 362.38336
459.93167 439.06360
428.27820 462.70044
371.72345 723.62091
292.36014 731.02881
445.59860 649.98114
465.89243 658.11273
380.69672 716.27258
387.59259 717.91638
312.41733 412.25977
425.84122 642.13800
400.38834 420.63226
395.83478 401.81244
376.68848 303.83701
302.64575 386.58063
389.87100 350.01434
291.86526 433.76410
281.82419 421.17615
470.67017 710.82135
438.73669 711.45105
415.48138 712.88641
450.64227 653.45978
384.14505 717.05951
400.15207 738.26984
391.05646 718.88226
459.64056 647.98328
425.55450 718.47992
447.69916 719.64441
475.99057 722.09540
473.36499 821.64008
472.86206 800.51385
473.57779 787.16278
475.43610 775.69287
478.27017 767.82910
428.48856 749.36499
423.88425 751.96979
418.05783 757.46252
414.36926 764.67993
398.24741 694.16211
265.52429 612.97644
508.73682 669.22852
412.29370 737.19409
406.02771 736.90356
474.32465 667.08704
433.32724 653.86115
470.30350 662.77637
414.81543 568.44873
375.23444 581.45850
422.44952 628.52740
322.20123 327.46838
336.62674 361.57422
348.15228 400.60132
412.31940 780.31274
451.47781 407.71597
445.57272 347.87073
437.00348 292.44357
349.09827 510.65671
296.06952 532.33191
446.66855 503.74927
315.18463 473.81531
457.54581 542.47064
444.70575 630.15558
274.06494 550.78998
310.26343 547.31274
338.51959 555.48212
382.42169 553.13385
415.86655 544.81708
441.02823 534.50342
487.36502 511.25201
273.92377 597.64148
298.45319 470.92813
495.41724 664.37250
439.41925 581.31805
256.72449 505.84024
459.30096 522.03992
420.36414 627.52002
329.73315 490.84589
444.41455 611.96808
275.26709 670.70648
447.70938 495.88568
465.45636 600.82123
334.90118 784.78778
344.20041 813.53754
260.90286 607.71509
305.33383 753.79932
270.16412 461.54349
423.81937 871.88184
498.24414 668.15076
416.66769 596.45312
278.24796 506.08490
369.38568 500.95364
388.71655 502.75702
395.66632 740.72162
276.57159 646.34412
465.63519 902.81744
403.39435 869.18689
377.14471 845.71484
509.34024 348.84235
511.40723 907.30127
408.63345 501.72665
427.94861 499.07999
440.98547 497.63971
284.69165 466.31323
425.44958 481.49927
404.74997 475.90027
384.59732 474.76923
364.90625 477.97885
352.65170 482.94754
259.39444 450.27695
356.73444 497.97269
510.17081 686.75989
423.71973 685.65356
446.49530 647.89661
472.11499 685.31567
509.49774 473.28259
366.58582 817.70380
394.86139 844.58514
462.72653 890.44226
316.78381 778.91986
440.55099 489.81427
471.56723 551.82745
510.87112 894.16071
431.25687 889.49414
268.81689 660.87250
450.96637 760.33734
446.13745 765.87067
442.19659 774.83789
440.21381 786.79675
438.01123 804.57678
401.77338 716.55322
396.78452 714.50757
392.78558 712.24951
378.82489 705.93958
300.57816 658.26031
473.12036 525.47699
462.34479 477.34531
449.22290 480.82071
407.21326 718.12512
304.24438 717.05322
480.83209 475.58789
431.15268 825.23822
508.25937 562.15558
487.75586 539.84528
508.64725 534.97681
453.12964 589.43097
510.66068 873.21234
510.86661 846.59381
468.59714 844.00781
379.84247 765.94861
401.88733 645.13940
403.76227 798.68945
348.74524 640.00928
379.79688 666.85693
330.04272 675.58563
463.26947 870.16223
437.56012 600.52869
367.35760 787.96149
396.41110 819.55750
358.16696 731.50439
284.33917 688.24579
334.11115 740.52197
282.39182 710.29846
360.29144 690.26361
456.44931 566.62177
452.17422 643.31097
435.64377 644.37878
463.52234 628.35529
442.75241 456.30463
402.91699 440.81909
368.18661 438.08694
340.36401 443.49710
322.16650 455.00592
314.71283 496.07150
257.49841 557.74731
331.79321 526.19019
354.81689 532.49799
385.34229 533.11060
414.99069 528.66913
438.61780 521.47943
454.51962 513.87360
260.24518 558.84265
435.06375 648.12665
470.41904 575.62061
469.63721 647.86890
482.52875 659.22601
469.51822 650.92969
440.74829 653.69446
487.48428 662.29547
489.90811 665.87256
455.30609 496.34714
466.41150 500.97443
472.43088 504.08508
345.78580 486.70633
327.68683 475.12186
528.36383 565.24335
683.11548 495.16754
534.54156 661.63055
760.51166 401.76111
615.93701 515.46710
639.63989 516.81104
662.05444 515.54828
692.25671 503.16422
595.21399 511.12656
648.62292 447.16617
620.58850 451.24500
674.62878 450.62042
691.54443 460.33160
709.61621 516.60986
601.13287 849.36853
691.47729 488.87640
773.51001 506.70871
733.34424 500.91406
636.43719 613.34460
548.04041 701.28564
547.29230 717.81799
587.48120 704.70178
614.45319 708.50580
579.74640 716.28735
605.18420 716.23877
639.24542 752.95374
528.69330 652.45844
530.79578 626.48639
719.06073 441.33319
581.87317 556.00165
592.48792 633.93427
593.55927 619.00342
708.06995 604.28979
529.63696 593.47235
663.68115 415.80774
696.63367 423.69772
738.32581 358.68176
559.64301 439.14597
596.94635 463.01016
660.37762 722.82715
752.61810 731.58679
575.45569 649.51697
554.57275 657.84692
650.58038 717.06671
643.60645 718.72803
707.22961 409.70245
596.15936 641.52283
619.32129 419.13019
622.23004 400.52838
645.11108 301.40509
721.93140 384.07312
630.22729 348.57629
730.75684 432.04041
745.64044 418.85944
548.09534 710.35901
583.52698 711.01520
609.95258 712.49701
570.33057 653.12463
647.09430 717.84271
630.08374 739.44690
639.95062 719.65820
559.31647 647.65210
601.26837 718.60846
576.24402 719.45178
545.99957 721.91333
550.01953 821.71387
552.15167 801.38446
550.41064 787.79938
548.32904 776.20172
545.78815 768.22479
599.91577 750.44287
604.54279 753.25574
610.58551 758.95172
614.91504 766.42438
629.24902 693.66876
776.45642 612.33557
617.79065 738.31464
624.08612 738.05573
546.16754 667.03955
589.49188 653.52551
550.16693 662.65692
608.36859 567.50006
649.12146 580.32080
599.94989 627.81299
702.26526 324.09128
685.42566 359.64468
670.19659 398.20331
616.15063 779.72327
566.12128 408.01068
573.66028 347.05182
583.07935 291.10074
681.25128 511.45258
733.93860 531.45740
581.21796 506.34235
712.28290 471.83005
564.05707 541.78265
573.86041 629.67139
756.36578 549.14502
719.52216 546.30658
690.40247 554.25909
645.26508 552.48303
611.34363 544.80621
585.58582 535.29773
531.48047 510.97150
757.61017 596.50067
727.78619 469.08978
521.35785 664.35413
582.57129 580.44867
779.80225 503.36630
566.16046 523.62415
603.15839 626.85474
701.03918 489.64160
574.73041 611.24072
769.03015 670.97882
580.47400 498.69937
551.65155 600.30249
701.08069 784.85864
695.40491 814.01855
775.42780 607.00378
732.90143 753.88647
760.08997 459.20773
601.46069 871.74109
519.37762 668.06836
606.45154 595.58514
751.84808 505.50494
660.41681 502.45059
640.41187 503.93762
635.10083 742.05060
757.29077 645.88983
557.86609 902.65497
626.62659 868.43530
657.73065 845.51746
620.27319 502.93896
600.71704 500.94635
587.36560 500.33087
741.83527 464.87869
603.75891 482.23254
624.45874 474.25049
645.05945 471.59222
665.72095 474.13800
678.72205 479.81161
773.21289 447.06134
673.89209 499.11304
601.57355 685.20074
573.97284 647.44562
549.93170 685.35254
666.08026 817.67468
634.31836 844.45605
559.98969 890.47784
726.23682 779.32080
587.91553 492.28415
547.59680 551.32495
594.78076 888.76123
769.52118 660.85394
574.97418 761.12848
579.71613 766.81989
584.05627 776.06689
587.01294 788.30164
587.58459 804.15051
627.27966 716.84790
631.78687 714.63031
635.84564 712.33368
651.31329 705.22327
730.30182 657.63824
547.05627 525.08569
561.98523 479.61932
576.89954 483.08224
622.54132 718.61139
730.66486 716.73322
539.76538 477.82092
594.80084 824.92499
530.06708 539.51941
566.74817 588.86938
554.52057 843.95038
651.10156 765.29962
623.04681 644.25311
624.99951 798.09991
677.68628 639.12695
647.27777 666.02271
699.58606 674.94604
559.37537 870.22925
584.11133 599.60651
664.16437 787.48602
632.45203 819.14355
673.67017 730.91699
751.60577 688.05200
698.95331 740.15283
757.00494 710.31824
670.01093 689.46350
564.10303 566.00110
566.50305 642.89844
584.95392 643.82654
553.13922 627.99799
580.51794 457.14716
619.64294 439.81921
654.70032 435.54477
683.43256 440.26636
703.28552 452.09137
714.54321 495.29602
776.88751 556.38910
697.92322 526.02728
673.78455 532.51001
642.75635 533.26917
612.82776 529.16705
588.96442 522.82416
572.35211 515.79749
779.33496 557.06622
586.28589 647.57501
547.64563 575.12054
547.28357 647.69794
535.25500 659.31116
548.57172 650.94843
581.08124 653.28156
529.68512 662.30682
527.99365 665.75665
571.88544 499.16675
559.15973 503.40659
551.15527 506.31448
685.99316 484.52185
701.47662 472.97003
391.42929 488.70218
416.67950 488.93420
390.70532 467.43881
365.96902 488.37186
391.96600 509.73108
642.91266 488.21082
669.17175 487.34277
642.14319 467.89703
616.56476 489.11838
643.71960 508.58789
