509.31985 720.74408
512.38318 623.60187
511.51178 650.81421
491.52258 541.40356
512.66406 596.90320
512.82129 563.93982
512.87012 487.23297
341.28082 492.67734
512.89221 425.24304
513.08667 391.48026
514.54352 284.10788
509.13791 730.32056
508.54379 739.57751
507.98807 745.53015
507.99820 745.04181
508.30960 752.72693
508.28946 762.15704
508.07675 773.13086
510.89615 809.55811
512.16779 637.87823
486.96136 637.74890
258.58752 409.30176
405.33948 509.99268
383.36710 512.09137
361.90967 511.98172
331.13214 502.57486
424.45776 505.44067
373.70447 439.81570
399.31604 443.86902
348.49664 443.86420
331.31610 454.91919
313.28345 518.63519
418.80240 848.64783
332.66711 487.98465
246.97485 512.96082
286.41376 504.26166
386.59473 606.47699
477.88367 714.58221
480.05997 738.24243
446.58289 722.67902
424.34326 731.69019
454.65518 738.97931
433.65005 741.20734
394.21649 761.98981
490.94388 622.94684
487.84470 597.34198
298.28128 430.12003
437.76965 545.88666
427.67487 616.96429
426.37460 603.95093
316.46716 604.64203
489.68933 566.81189
354.61584 395.68933
321.31848 407.20764
279.21082 361.54669
459.61066 419.53522
421.08228 455.63748
374.70239 737.31708
274.02203 745.69720
446.46436 631.44800
467.90350 639.43365
396.82877 746.73499
402.95135 746.44678
307.66803 392.62872
425.84363 628.32812
399.69006 397.78033
395.63528 377.27957
374.29333 297.02322
292.84772 378.14163
386.14255 336.95523
283.80685 422.47641
271.31042 417.40314
478.55792 727.69269
450.70776 731.46649
429.01086 736.57996
452.26840 636.20258
400.03351 746.60016
413.11301 750.26941
406.36859 746.35986
460.90292 623.07196
437.43277 744.44739
457.87985 743.74799
481.80902 744.38422
476.35101 808.12769
477.61429 771.52222
478.43207 760.44550
479.77563 751.28705
481.72552 744.02319
437.01382 744.72510
433.35229 748.28442
429.06097 753.40472
425.41321 759.71356
401.60263 694.56921
246.98578 627.28632
511.89038 644.44299
421.30276 745.73047
417.44000 747.72180
476.26968 649.32068
434.62119 643.43823
472.28500 644.50085
411.17157 560.57538
372.11749 576.26855
421.68933 615.60181
315.45337 322.69745
328.83823 349.99036
345.89038 376.99152
415.59155 779.50623
451.72473 385.34259
445.97894 335.74210
438.71411 285.84305
342.67914 509.19824
290.37109 536.76373
437.30145 500.05615
308.41440 468.23471
455.85315 529.07294
444.94983 607.13812
263.35681 552.52460
307.62012 549.55682
338.55640 554.77820
382.74237 550.00854
414.85654 540.65771
439.61081 529.17523
489.22992 493.78061
265.78735 601.73572
290.80508 466.00214
499.05350 636.87341
437.87335 568.49792
242.35037 517.58698
458.26431 515.10809
419.98721 617.84650
321.39484 488.87350
444.13620 591.37964
256.18710 685.47827
436.79712 492.76227
466.99564 576.38379
319.52045 793.85742
324.19849 826.57446
247.81693 615.36707
292.24207 762.28894
259.10352 462.29581
413.58228 876.04541
501.39557 643.43622
415.03275 587.18500
266.71088 512.52832
363.14249 497.13086
381.82147 497.75684
408.93225 753.63733
270.03006 651.64001
458.47598 912.21277
385.92657 881.07239
356.89236 858.66864
513.68036 337.71588
510.69705 916.28931
400.20050 496.64447
417.60550 494.99976
429.92471 494.34955
273.58478 464.90576
414.70099 480.20599
395.69098 474.17932
377.73572 471.74957
358.76025 474.04523
346.14468 479.13657
247.60736 458.32056
350.35916 495.16034
511.29541 670.75769
425.74341 679.90912
446.92050 627.14978
474.42883 671.56226
512.83142 458.24313
349.65613 826.62903
380.22931 851.83453
457.30347 892.13342
298.09027 792.33252
429.62509 487.66098
472.33447 532.63586
510.47034 895.69995
418.52798 899.68060
256.05215 669.36053
457.57465 743.72198
454.08282 749.45667
451.29056 757.00421
449.43134 766.83569
441.96860 796.06903
416.63815 743.87018
411.95435 741.87146
407.86905 739.48267
383.26520 713.98010
298.42981 660.19836
473.12091 509.62021
456.70508 469.59277
440.76910 475.76453
421.77496 745.50305
297.77295 722.81415
481.72693 464.13364
430.24829 821.32495
512.87024 537.39783
490.10077 518.54138
512.85089 513.05579
452.93552 571.40698
510.52182 868.16870
510.64468 836.65228
469.20258 834.99701
374.03436 773.73535
400.74380 638.39960
399.80847 801.08624
348.57660 635.34796
379.25012 663.46558
328.20715 676.47650
461.04538 865.46802
436.23364 586.21124
355.41022 795.27319
386.99707 823.65338
353.67477 741.58459
277.02209 694.60333
326.10797 747.73468
269.24799 718.84027
360.21518 695.48822
455.80936 550.40063
453.11905 618.53345
435.58722 625.16827
465.38544 601.15906
437.80057 444.85187
399.81546 426.23694
366.43640 422.25357
338.00739 428.80060
317.54898 443.76746
306.41772 495.79926
244.04401 563.74536
326.56332 526.61188
351.58154 531.12579
382.04257 530.04657
410.41333 524.79492
433.05029 517.31921
449.01776 508.95251
243.32401 572.51062
435.52155 632.04736
471.87576 553.79346
472.26636 619.71167
485.87857 633.23657
472.04486 624.57147
442.30048 639.76703
490.92950 635.31982
493.01587 641.60791
445.99722 492.01074
461.20694 494.79108
471.66037 495.70175
338.68127 483.62793
320.57159 469.59189
533.84021 541.57886
677.55774 489.01764
536.49756 638.23712
760.80994 413.60980
618.18854 508.08435
640.28583 510.02100
661.07379 509.08560
687.58997 499.68961
598.86542 501.63269
647.94238 438.08707
622.51917 440.08823
672.32776 443.08432
688.08997 454.07483
707.39227 516.71722
601.24908 848.92157
684.77856 484.94781
769.18542 517.15808
731.64185 502.94336
634.88605 607.86639
540.83911 715.86108
536.85406 739.19897
570.16553 724.79272
589.19012 734.05823
560.47113 740.66107
578.87531 743.02698
627.12573 762.75482
533.64856 623.23859
536.93988 597.58350
719.60632 433.63654
585.16089 546.64832
594.92578 617.86920
596.21283 604.75592
703.18805 606.78156
535.67706 567.00250
667.40509 397.80731
698.57117 411.00317
741.84021 366.17581
566.34839 414.15210
600.46143 450.11502
646.50757 738.37323
740.21191 747.03925
576.29248 632.33588
555.08386 640.26025
610.96252 748.87634
605.24292 748.27045
710.53729 397.43564
596.37836 629.33582
624.52374 396.29016
628.61658 376.42407
651.87878 300.24570
728.12781 382.85138
638.86798 340.21829
731.89966 426.73242
748.16882 422.06540
539.46051 728.82037
565.53931 733.42908
584.29504 738.70355
570.13385 637.08093
608.01691 748.59015
596.57355 751.59436
602.00128 748.00848
562.57495 623.82397
574.10260 745.76837
556.00708 745.06543
533.84387 745.12177
545.06885 808.44861
538.45752 772.02618
537.63763 761.00806
536.19513 751.97736
533.81604 744.70575
574.13141 745.75665
578.56799 749.40405
582.84961 754.25684
586.34851 760.42694
619.85486 695.45770
766.46985 631.12274
587.80743 746.87097
592.23260 749.06879
546.93683 650.02832
587.28094 644.44592
550.80182 645.29089
610.93982 561.69757
649.32581 577.94269
600.61279 616.56738
708.15649 327.02133
693.90527 354.58817
675.42993 379.70547
605.72339 780.00793
573.74268 380.11124
580.45923 337.39914
589.37457 287.52411
677.87830 506.24249
731.63031 535.66547
585.67010 494.60962
709.99365 467.72107
567.77557 529.62189
578.30658 607.97327
754.12073 555.92383
717.97345 549.18414
689.93225 554.42902
646.13721 549.29382
613.35107 538.68573
588.07300 525.80200
535.93518 494.06903
751.56158 604.56769
727.20508 466.73505
525.02191 637.13220
584.79529 569.18219
773.35181 521.80298
569.65747 510.40988
602.28284 618.81519
696.16461 486.38229
579.16541 592.07007
757.26288 688.15826
584.43207 486.20657
557.31921 576.86499
698.50958 794.36798
693.05499 826.52869
767.26093 618.52594
724.41083 763.09186
758.93225 466.65027
605.84827 876.28906
522.32654 643.61981
607.00073 588.21643
749.76343 511.18494
658.67871 493.94742
640.99780 495.61694
600.48352 754.97491
747.23322 653.88684
561.94019 912.36609
633.02612 880.74652
661.66455 858.30701
622.45996 494.62213
604.55334 491.45746
591.83734 489.19287
741.57196 465.85803
604.17200 473.55417
622.89246 469.28864
641.28003 468.65479
659.97852 472.05078
671.90942 477.14325
770.11792 462.53036
669.98608 491.37769
596.23993 680.72156
576.06384 628.03406
548.35907 672.06470
668.96698 826.98517
638.71448 851.99622
562.77020 892.36493
717.52283 792.68555
590.72815 480.57428
552.02924 532.98181
600.98279 899.67456
758.75635 671.70404
556.03467 744.79651
560.24329 750.38983
563.19391 757.58630
565.40442 767.18677
579.26300 796.38562
593.51642 745.48596
598.29883 743.79254
602.47449 741.63232
638.00543 714.96198
720.05780 662.13165
551.28210 510.13480
567.12775 462.66513
581.03790 468.96472
587.96954 746.75360
720.23193 723.92810
546.51044 457.69214
590.29034 821.48126
535.06262 518.72546
570.39166 572.09595
551.57642 835.13654
646.15106 774.47540
620.85828 639.44788
620.60828 801.39111
671.90240 637.03149
641.93811 664.70087
691.59570 678.14642
559.32098 865.76074
586.48846 586.84723
664.18103 795.82690
632.84808 823.88641
666.50116 742.76941
740.28961 696.28595
693.05103 748.64819
746.03943 720.32446
660.72607 696.84204
567.62476 550.99957
570.33160 619.24255
587.08893 626.10724
558.70856 601.72754
585.24707 438.63358
622.92883 423.11591
656.08618 421.81213
683.31653 429.58884
701.87256 444.38062
711.66315 494.09875
771.27930 567.56403
696.02448 524.89441
673.82141 529.39478
644.11432 528.58917
615.14203 522.68793
592.01666 513.68372
576.01837 503.87634
770.91772 576.66724
586.80627 632.99426
552.61023 554.15784
551.79492 620.25073
537.84698 633.75702
551.76038 625.25098
579.77148 640.62811
532.98840 635.71326
530.49286 641.92432
576.45953 485.40509
563.60474 488.58008
556.05524 489.71881
678.97186 481.13397
697.55438 468.00781
374.49408 485.37366
396.81537 484.29132
373.81812 465.27029
351.80371 486.74579
375.05862 505.37726
634.55743 482.09381
658.30658 482.33075
634.71149 462.06366
610.97754 481.69711
634.54431 501.94144
