516.33331 747.60254
522.50482 688.79163
520.27271 701.27393
499.53961 588.75226
522.79126 661.45795
522.32379 620.86688
520.41577 518.92126
342.63223 492.70673
520.02979 453.23474
520.33813 418.26285
520.08813 274.05191
516.20221 755.18945
515.87592 762.65857
515.55035 767.82092
516.16449 767.37585
516.23193 778.18512
516.11102 790.59564
515.81451 803.38538
516.85767 846.85339
521.90460 699.19208
491.94119 691.91675
230.24567 376.30750
410.65991 513.18903
386.27258 515.96100
362.12616 515.08087
330.48444 500.29428
431.52588 507.29373
370.38611 450.47101
398.77750 452.05176
345.22028 455.00311
329.35205 463.62360
306.00671 514.39056
417.32593 887.35870
332.85205 486.18054
220.88275 491.61124
273.38031 495.70135
383.60709 628.83734
479.29279 740.26123
481.27573 758.58618
445.93985 740.00726
422.50983 739.31158
452.59616 753.33838
430.11603 748.56519
386.50876 774.38330
499.63525 686.99963
497.20499 659.94409
290.39709 445.00153
441.55627 565.64020
432.23230 657.88849
431.61948 640.53662
303.84717 615.88110
498.34677 622.29297
352.03802 425.30005
316.03232 431.28741
257.36008 335.41928
464.05838 448.21783
423.90955 461.02542
363.66827 745.15015
247.29471 731.60748
449.96753 674.53418
472.07800 684.36755
388.38651 736.31873
394.66522 738.95471
301.08575 414.35846
429.05515 663.56000
400.71805 429.29800
396.21753 409.99200
366.54721 283.72260
278.80655 372.29422
384.40802 342.48526
273.27115 430.99292
250.83670 404.18866
479.72162 750.09985
449.09872 746.78613
426.11285 743.74939
455.27496 677.83948
391.64005 737.65253
407.42133 750.04657
397.84216 740.29016
466.72330 676.77747
433.38693 752.57928
456.02240 758.48041
483.49252 764.30127
478.28293 843.56104
479.79861 799.51233
480.56082 786.55536
482.38745 774.44366
484.77548 764.37750
434.54001 753.02161
430.21490 757.16571
425.43082 763.02588
421.86380 770.05457
396.68164 717.71252
218.25916 596.91846
521.13757 701.24353
417.14374 747.25537
412.25354 748.35516
482.26169 694.92151
436.23004 675.35565
477.37225 689.93060
413.87415 577.07288
369.17548 591.38312
425.57916 647.81909
300.55621 303.41046
321.42957 350.39703
342.76721 405.56390
410.28369 802.15576
456.32782 417.52533
448.38080 342.21375
437.20972 274.84402
342.03052 509.84079
276.61865 529.79486
445.08203 501.77075
302.83337 471.68146
460.43881 552.10425
451.24924 657.32330
244.92664 545.85059
296.34140 549.35962
330.36334 561.08386
378.84698 558.36908
414.18539 548.48688
439.98438 538.20978
495.74478 524.04102
246.56750 599.18317
279.88934 466.82098
507.26483 697.75708
441.68365 594.78943
210.19449 479.27621
459.80515 527.21796
422.19809 644.60229
320.16602 486.49716
450.62408 635.70551
228.98346 662.47473
444.31476 493.04260
474.56558 627.20081
302.97830 807.98950
306.55841 836.76276
223.48349 601.36407
269.89850 767.93567
234.52362 443.07074
412.81628 917.40979
509.12228 699.80627
416.68506 609.73462
248.65259 496.82785
366.41260 500.95148
386.95404 502.29260
403.17365 752.33606
248.33588 652.18890
460.80902 957.17456
381.76044 911.53815
347.26752 880.10730
520.24036 344.26392
515.28540 962.35632
406.91852 499.80594
426.28125 495.77277
438.73169 494.17432
258.95068 457.92865
420.78705 476.65167
398.52777 471.24078
377.25290 471.63220
357.35519 475.61310
345.26312 480.33456
215.63998 421.28619
352.58551 497.12970
519.97327 716.22589
426.42627 710.34753
451.15973 673.53198
479.65179 713.54041
519.82062 482.89490
340.64053 848.70221
375.50430 883.47467
460.10748 939.17737
274.68054 790.08740
436.92172 486.37338
478.48361 568.49664
516.00690 945.13733
418.15619 939.23706
231.53998 659.81812
457.65738 759.04358
453.50754 766.60327
450.29605 776.19336
448.42853 788.03467
440.03360 826.75397
411.74084 743.65253
407.60568 740.59619
404.22211 737.80377
373.24768 728.49255
279.22076 670.57428
478.63950 536.68402
462.05737 479.17413
446.15985 479.49249
416.59961 747.01624
276.14636 731.70776
484.86044 482.75208
428.13583 855.08087
521.65967 586.06110
497.41934 558.09442
521.04578 553.79071
458.63565 608.65790
516.47852 916.35614
516.63507 879.11407
471.23270 875.04224
366.98425 789.79047
399.73004 662.64148
395.33054 825.97589
337.54236 655.98334
373.08417 685.87604
312.80627 692.99634
463.54419 910.74744
441.00320 617.69775
347.34717 815.55646
382.34131 853.37146
342.93292 753.31372
254.08136 697.26282
310.92267 761.64288
245.13214 715.23871
348.56793 710.66870
460.72351 581.41138
458.94125 672.02771
439.73315 669.12036
473.05408 659.10748
441.86108 459.26047
400.17294 444.81326
363.93317 442.07660
334.14081 446.57935
313.64941 456.10364
299.61374 491.49850
219.13040 545.89886
321.35645 526.11768
347.29105 534.70544
381.24207 535.00323
412.68414 529.10718
436.81818 521.54779
453.39764 514.94983
212.88193 536.59094
438.79620 671.46100
478.61603 597.14746
479.33060 680.11206
491.57169 690.74725
477.86313 681.61078
444.69284 676.70306
497.98080 694.99896
499.29498 696.77588
452.84973 495.00854
466.00296 503.04117
474.45401 510.04041
338.25992 483.67456
319.17981 473.15118
543.24109 588.61731
689.79980 490.49408
549.92615 691.44421
786.89655 377.95529
622.79559 510.80069
647.01599 512.07739
670.87317 511.42377
701.24799 499.28531
602.09918 506.85919
663.01837 449.57175
634.29669 452.11768
688.80701 453.33939
704.27991 461.89996
724.25610 513.75543
612.49115 885.38733
699.02368 485.69327
796.78064 492.30545
753.05835 496.46130
650.61432 628.50720
553.44128 741.04102
550.42438 759.28009
586.25488 741.33533
608.34058 741.03900
578.56799 754.65314
600.26233 750.13586
644.07886 772.61426
544.93567 686.67084
547.82526 659.62952
742.78589 440.86804
593.87341 565.39301
607.19830 657.37170
606.98096 640.09473
726.25452 615.45813
545.71234 622.00208
685.65607 420.10730
720.03503 425.92261
765.71838 337.37354
572.86230 447.14026
608.99847 461.94885
667.10229 743.43719
763.96362 729.58667
589.44458 674.03314
567.98230 684.17816
640.40454 738.39825
634.31140 740.82208
734.00256 408.42697
609.05048 663.12933
637.14075 425.75183
642.16077 405.21198
668.87347 285.26547
749.14215 373.49750
652.91663 343.58994
757.05981 427.80371
772.33923 405.37070
552.61487 750.87402
582.67621 748.22943
604.61688 745.43384
583.85657 677.46368
637.27423 739.61499
622.57880 751.48303
631.06921 742.09088
575.14911 676.11243
596.53876 754.00610
574.44928 759.59790
547.71753 764.83630
554.72180 843.22198
551.77246 799.86188
551.28278 786.87244
549.66534 774.83765
547.51001 764.78687
596.09583 754.27795
600.78918 758.30316
605.34314 763.96484
608.62695 770.81744
637.77631 717.00879
790.94519 596.97192
612.70270 748.82239
617.82379 749.88354
557.87579 694.98212
601.26630 675.17371
562.79968 689.93347
620.27734 576.83594
664.08319 591.16748
611.88000 647.48438
728.97253 305.37439
711.27423 351.78961
694.68127 399.26035
620.75433 800.73718
581.78210 414.95728
591.38348 342.78842
601.68756 275.69666
690.12372 507.20959
750.77576 529.58331
588.77612 502.59943
728.82288 470.25659
576.35645 551.80084
590.30542 656.82758
778.31116 545.90424
734.70142 547.60498
703.87653 558.10468
655.97058 556.04919
620.21423 547.31879
594.17590 537.87988
544.21405 523.95728
777.24335 599.00793
749.42670 465.99832
536.29260 697.46356
594.69647 594.55713
800.61481 480.09698
574.97046 526.82941
613.73413 644.32526
711.33838 486.32199
589.82056 635.26068
781.13123 661.64050
588.91077 494.06006
567.88397 626.79504
718.83759 805.06708
710.51251 832.61414
793.54950 601.26605
749.28674 765.65057
785.38678 444.00510
615.60590 915.01428
533.09204 699.64386
618.25171 609.51984
773.55603 499.13348
667.07922 496.20648
647.11713 497.53931
626.58411 753.76208
774.53662 651.65649
568.05780 955.41425
641.78601 907.22595
673.51202 875.47736
627.09448 496.49844
607.65894 494.78339
594.95233 494.76233
766.37292 458.59967
612.71790 478.20966
634.48450 472.05176
655.84106 471.33786
675.69012 474.67316
687.41852 479.46033
797.75952 422.41205
680.34680 493.51770
610.49316 709.87543
588.92883 672.98029
560.03949 713.52863
683.21783 845.53088
650.47516 880.44324
570.51593 937.91632
739.22131 786.73572
596.64618 487.68970
561.44098 568.29022
608.36426 935.88367
785.10474 659.23901
573.99689 759.99731
578.30396 767.32654
581.35187 776.70496
583.12445 788.47089
591.85962 825.66803
618.03339 745.28906
622.07733 742.35492
625.62872 739.71405
659.12708 727.35516
747.66553 669.80188
559.69788 536.61182
571.96808 479.27051
586.71484 480.50137
613.06860 748.61945
747.23090 729.99664
550.76508 482.12006
602.50104 853.48883
544.04620 557.89594
580.40515 608.57080
560.98254 874.26721
661.65375 787.70935
634.78845 662.12280
633.94562 823.87170
694.69720 655.40356
660.24841 685.22839
716.81982 692.03699
568.22607 909.79370
596.23090 617.41309
679.18695 812.79663
645.63538 850.75513
686.02936 751.59888
767.60461 696.09875
715.03461 759.43976
771.96509 713.85211
682.92041 709.73389
577.25092 581.26520
583.04333 671.33344
600.05603 668.59088
570.44214 658.57245
592.40271 458.95895
634.76740 443.08002
671.86932 439.40271
701.47546 443.53900
720.68536 453.42145
729.72931 491.41965
797.83276 546.24738
710.43805 524.52209
685.53467 532.01074
652.05957 532.41687
620.59662 527.73096
596.55017 521.57129
580.25800 515.22748
796.42236 537.10510
599.87738 670.92157
562.50146 596.92017
564.16138 679.43170
551.10681 690.26099
564.74146 681.03888
593.74579 676.32703
545.25879 694.58453
542.58569 696.39911
580.48785 496.05884
567.79572 503.34082
560.55383 509.66376
694.13123 483.04199
713.53314 472.08322
381.59186 481.47833
407.16690 480.89905
381.72754 458.92917
355.49829 481.87234
381.20926 504.01865
645.26758 482.80927
669.85022 482.71368
644.78613 462.16232
620.88245 482.51416
645.84583 503.27972
