509.01877 716.54346
491.28830 627.90674
496.98068 654.71552
476.50507 544.91034
490.70755 600.82043
492.30069 567.41412
498.51257 489.67560
356.71201 489.61273
499.95932 441.72235
499.71796 411.20026
503.26083 291.81287
509.31137 727.34930
509.81985 738.15515
510.47757 744.22516
511.99652 795.43176
512.21857 805.91827
512.52136 820.31628
513.11359 837.01166
504.20361 860.12207
493.13812 642.24542
473.20724 641.96417
286.33807 421.02368
418.90903 511.59821
395.04230 513.36768
373.30695 512.06628
348.74945 499.60242
439.18259 505.56763
383.49863 442.96243
411.18671 444.87360
359.53546 448.45499
345.58942 458.79465
329.82391 517.25659
419.08109 889.40570
350.57791 483.65668
274.95401 524.87073
308.24261 504.89441
392.17749 613.20776
476.88742 711.72577
480.86945 738.31323
446.59805 724.41174
427.31525 740.34302
457.15714 743.03253
439.51398 751.25104
398.58817 787.89526
472.35938 627.45270
469.22552 601.72046
314.08020 447.38718
439.33783 548.64630
423.67593 621.26703
423.56845 607.88470
331.15747 613.65326
472.57458 570.80280
361.55936 418.74316
332.16760 428.90771
303.64087 373.81873
459.90955 435.38324
435.46228 454.59897
383.01953 754.87128
303.16406 772.59009
440.86584 635.90002
459.16205 643.63440
408.96829 773.08508
415.40277 772.21716
321.59390 416.38806
423.32361 632.71051
403.63861 419.58673
398.23090 401.71619
384.22427 309.13138
313.73175 393.94043
393.82599 351.95255
303.40833 439.73877
295.16272 432.05170
478.18655 726.34741
451.72665 734.76587
433.09180 746.22186
446.24551 640.48492
412.27151 772.66663
422.87244 787.46289
418.50363 771.84619
450.70947 627.72028
444.72842 753.59070
461.96014 747.03302
483.94174 744.03925
468.93185 856.68250
480.17166 834.39032
481.17688 817.70691
483.16394 803.45367
485.70352 794.04089
446.64041 787.58759
441.90607 791.93628
436.05179 799.35352
431.54828 808.68872
404.20477 704.86865
282.96765 645.53558
494.97803 648.75787
433.53989 782.24799
428.21832 784.07782
466.17737 653.56879
432.32349 647.96405
462.77594 648.73706
416.20227 563.79846
380.78754 581.47900
420.37451 619.88806
334.73102 335.30804
345.01346 366.07541
354.01855 401.96771
414.98651 814.27167
449.85217 405.51434
443.87518 347.24774
438.33337 296.14355
356.98343 507.91162
307.06921 536.08777
452.62711 499.06842
326.10538 472.83670
454.44171 531.70953
436.67462 611.56396
285.67841 562.50079
318.28412 550.90179
343.90771 557.58087
386.54626 552.12396
418.93994 541.45544
442.99393 529.10645
479.16998 496.62112
286.83142 613.05139
310.02258 473.52585
481.44421 641.39062
436.97717 571.87915
276.27960 531.39832
460.23334 515.24841
420.40332 622.13904
341.16644 486.16013
437.57205 595.38641
288.85455 707.08710
455.04172 490.75226
454.87958 580.64429
336.61298 823.55249
342.11868 860.52618
274.06894 630.68469
313.81995 789.60181
285.16190 474.81436
414.30499 919.60553
485.49316 647.80719
417.33850 591.23999
293.14517 511.52319
375.33826 497.71512
394.45642 500.13022
418.29202 791.98224
291.13708 666.34125
455.57169 962.09851
391.63828 921.83850
367.89111 895.60242
501.05048 346.78171
506.58893 969.11865
415.04861 499.15350
434.81909 495.86078
448.01886 493.48108
297.74402 472.00256
433.86166 472.15942
412.99994 464.65021
391.77441 463.11499
372.00031 467.21237
360.72754 473.74725
278.11111 470.43640
363.78439 493.73523
498.74591 676.06244
424.30508 687.81683
440.40704 631.61115
465.14496 677.47345
500.22760 465.66351
361.18408 859.87512
386.47128 889.68604
453.73853 940.75464
322.34247 823.86890
448.19366 483.09589
464.19611 535.96429
504.87631 947.37781
419.16043 945.13373
281.37897 688.31879
464.15686 791.21716
459.61447 798.50934
455.38348 810.02966
452.76443 824.64795
436.78879 838.86188
425.68854 761.18811
419.88168 759.01233
415.03009 756.12640
389.49011 727.13177
316.34924 674.36218
467.53607 512.37195
466.94656 470.63498
455.81506 473.92804
430.78638 761.70752
317.31317 744.04187
480.47839 468.19977
428.71176 861.26581
494.52576 540.37177
477.50012 521.48755
496.50171 515.38696
447.32214 575.24121
504.10287 917.41577
504.23160 885.25818
463.76273 880.83392
382.14716 799.31592
404.85269 645.26746
402.89709 833.90845
359.55267 645.97467
387.03485 673.90692
344.04761 690.62006
456.65244 911.70050
434.22894 589.88232
366.05457 824.20239
392.21765 858.33643
365.68060 760.93542
298.42328 713.35052
341.70227 770.49908
293.82574 742.10162
371.71524 708.64740
451.68390 553.75690
443.44846 623.12451
430.38098 629.69177
451.66476 605.59576
448.04593 449.91962
408.39746 435.72964
373.84167 434.31909
347.20447 441.17279
331.31909 453.80994
326.90527 495.60516
271.38855 576.92346
339.91174 526.02637
360.76013 531.92407
390.54224 531.32538
420.11716 525.43848
443.07446 516.83264
458.36261 508.08636
279.53363 588.57410
431.38947 636.46906
461.37030 557.72870
457.47943 624.17877
471.04254 637.50769
459.13739 629.05200
438.07584 644.20251
474.71341 639.77094
478.31201 645.93945
461.44119 490.74408
470.05106 494.40680
472.91473 496.46967
354.88773 478.84732
338.32104 471.11292
514.11163 544.31079
673.75812 488.50800
518.98279 641.87024
764.63116 411.01495
606.67047 507.73795
629.34247 509.82501
651.63422 509.89984
683.61768 497.51529
587.39056 503.21625
641.01624 441.61237
613.65643 444.31870
666.62091 446.31879
683.33441 456.41711
702.46442 514.02222
599.42804 891.92603
683.25348 481.92206
776.61890 518.71326
730.25311 500.15546
621.12958 610.56909
541.98151 711.07849
540.21667 737.71985
575.25336 723.41492
596.92419 738.41919
565.95459 741.97980
585.73114 749.43982
626.22766 787.12268
511.50830 627.25494
513.37598 601.12115
713.87292 443.48206
571.12329 546.54370
575.64844 620.03284
577.76453 606.42914
691.87500 609.39246
513.49475 570.16034
654.02460 416.63068
689.03833 425.73007
736.29626 363.52945
549.28638 436.41049
590.65662 455.11566
643.35205 753.32990
763.76459 772.42615
559.13678 635.10413
538.83612 643.39362
620.46924 769.30109
614.03619 768.71674
702.37134 412.41205
579.48120 631.73566
608.10022 418.82629
611.53265 400.76535
633.39062 301.89014
714.58289 386.45685
615.77118 347.21848
728.77087 434.80685
743.46191 424.56793
541.65656 725.60657
570.66846 733.62665
591.55444 744.16956
553.96686 639.99475
617.22675 769.00696
606.25757 784.89880
611.04797 768.50287
542.55182 626.88434
581.08685 751.76605
562.06879 746.03198
538.50940 743.62500
542.38995 857.19226
546.96265 834.44208
544.62347 817.68201
542.19769 803.32941
539.26025 794.01428
580.97485 786.32642
586.11346 790.58044
592.21277 797.87366
597.06531 806.99133
610.44104 703.36664
787.88049 641.95215
595.04651 780.19043
600.70691 781.79681
531.51056 653.55554
572.89081 647.48853
534.95715 648.63226
596.82733 561.20044
635.33038 578.06476
584.12097 618.71149
694.13574 325.75064
673.54846 359.70618
661.81091 399.57617
605.95618 814.33765
556.05298 406.09192
560.86584 344.46378
572.17725 291.98514
671.68280 506.19287
729.17773 531.70459
574.44110 498.48627
706.02228 469.65979
553.30072 529.94592
556.65485 610.35065
752.61475 557.04028
710.18933 547.04773
677.28064 554.64325
631.13062 549.51019
598.48401 539.10437
574.17578 528.29108
520.26941 495.90894
750.55566 608.51300
724.02594 469.26761
505.47620 641.41278
570.28455 570.04535
790.39465 524.28711
555.61780 516.11041
587.98114 620.91760
693.42780 483.92749
558.53394 594.01886
781.09912 705.18134
575.11249 490.82715
535.38226 579.62311
706.85693 826.11414
709.13367 864.86035
779.45905 626.81305
735.98315 790.27496
760.59192 467.54782
605.52368 923.51172
504.82382 647.72925
593.05524 589.20032
752.37079 506.41547
649.88440 495.83536
630.18842 496.68823
611.08771 789.14380
749.52051 663.16016
560.43121 965.27985
640.25195 927.31018
673.39990 901.12256
611.31757 495.13544
593.44446 492.90533
581.28088 492.32556
741.62317 465.88092
597.08887 471.89838
616.97693 463.12067
637.15454 461.28284
657.63922 465.23898
670.20251 471.80847
781.06689 461.35498
663.74902 492.59949
584.49591 686.77002
557.70258 630.73364
535.51276 677.25684
675.11829 863.68671
642.33710 894.14197
559.06128 943.08948
737.66785 825.61566
582.12610 483.64661
534.74976 534.73389
603.52618 949.99133
773.65747 685.94775
562.10339 790.71033
567.11047 797.86737
571.69818 809.23608
575.55591 823.89221
579.05383 839.21985
602.18604 758.32104
607.47314 756.09692
612.06696 753.06610
631.45648 725.36951
714.73669 671.33142
536.04419 511.18097
555.19336 472.21735
571.33356 475.00937
597.42804 759.11304
722.86926 742.87799
531.07812 471.07172
589.35651 862.78467
517.28607 520.74353
552.60449 573.92517
547.92285 881.86346
645.30994 799.56274
607.29779 643.50580
620.86359 835.05676
658.99237 642.96539
629.70953 671.73047
681.57562 688.20404
554.71271 913.39667
570.48096 588.24915
665.46533 825.94336
633.58472 860.99103
662.68195 760.09174
745.75110 711.37018
692.56500 770.48529
760.96521 741.06763
651.53296 706.44110
551.64490 552.27625
549.33527 622.05121
568.18811 628.67535
535.69617 604.73340
572.51324 451.64862
610.57001 436.05371
645.54388 433.07581
675.00262 438.75241
695.75024 450.74692
708.89771 492.01367
781.08673 571.76141
688.29291 523.36011
662.51038 529.38055
631.04248 528.08319
602.12195 522.18622
579.85358 515.13403
564.02100 507.88934
790.70056 583.19049
569.60760 635.62921
533.17523 556.62909
529.96277 623.72870
518.94702 637.63391
531.55988 628.77722
564.34656 643.63660
513.47589 639.76843
512.93750 645.89215
566.00171 491.36710
551.65771 495.35709
541.71765 498.53802
677.36121 477.05743
693.55933 468.59052
404.58142 482.56567
431.36621 481.97815
403.87762 460.84869
377.65939 483.19458
404.98181 504.31818
635.65680 477.72296
660.90729 478.13989
635.38043 456.58801
610.46686 477.24207
636.00751 499.03464
