518.06708 724.65118
512.94067 681.83887
513.91418 691.53949
492.07776 591.36920
512.56311 658.11487
512.67548 621.26129
513.69507 524.92346
339.27582 493.86328
513.80396 454.23639
513.74426 419.52560
514.31659 280.73782
518.20978 732.12939
518.24023 739.65179
518.27380 744.50964
518.91986 772.92725
519.53796 785.92871
519.97577 801.31659
520.16876 816.35974
515.75702 814.27728
513.35602 690.10413
488.11746 683.60455
240.99832 374.59460
412.43558 517.53937
387.28336 521.13837
362.84689 519.48175
331.23444 499.60181
433.37155 510.57184
366.98834 446.12631
397.42340 448.18060
341.24899 451.28046
326.25931 460.36499
311.56107 512.63977
430.61700 836.02509
330.23041 483.40814
235.78915 483.19019
281.51495 489.37323
387.36176 625.19348
481.99457 718.04083
484.41760 735.83398
448.42575 718.93823
425.49481 719.53162
456.31308 731.76898
434.75616 728.65393
400.23230 752.66235
492.28116 680.21747
488.82001 656.82043
289.91302 441.18427
440.58115 566.61670
434.15094 654.07495
433.44794 638.04114
312.37299 612.48364
490.04736 622.46057
345.58777 426.15674
311.89197 429.75452
261.35535 337.88934
456.79947 450.56244
424.03809 458.88147
379.57822 728.63196
278.01990 691.57361
452.01880 668.91772
471.79730 677.43848
392.38278 720.36951
399.17551 722.78528
297.99606 411.60504
432.70023 658.94025
392.92630 431.35431
387.87524 412.09711
360.77454 291.19284
280.15234 373.25027
377.66205 348.41443
274.59821 424.69122
257.66690 401.60486
482.56992 727.62970
452.15317 725.66400
429.84305 724.16040
457.05774 671.82251
395.88672 721.60846
411.61844 740.87866
402.57477 724.03772
464.86633 670.60059
439.26379 731.95532
460.51791 736.11365
486.95862 740.95276
481.47833 811.66528
481.51080 811.02417
482.90680 796.30249
485.35229 780.71008
488.11017 769.01935
440.37830 749.17987
435.37195 753.80029
428.98267 760.77765
424.46124 768.28052
406.38995 706.36743
244.76419 572.98114
513.68390 691.36151
424.05145 738.14392
417.81165 739.09113
480.50858 686.52057
439.92090 669.15619
476.32611 682.19958
414.69269 577.04657
372.11060 590.67560
429.02692 644.35370
298.74628 309.28275
317.87067 354.04520
336.42242 405.85846
421.60785 775.91949
447.89423 420.29349
440.94199 349.03625
430.36261 282.48236
342.38782 512.42560
285.72961 527.08264
446.51486 504.96777
304.32446 467.50803
457.74121 554.36334
449.35544 653.45221
256.20020 540.11163
303.76089 550.49780
336.08508 564.86670
383.11115 562.27576
416.70139 551.73199
440.26740 541.56177
489.95776 529.44720
260.54218 590.75464
283.81305 461.15338
500.41006 688.94824
442.00900 594.24261
230.90680 466.62689
458.32742 531.61237
426.65103 640.77136
320.54520 483.21927
448.81790 633.60986
257.47067 631.17230
445.78247 495.81693
468.90808 626.34009
330.97803 764.97095
338.21210 781.57037
243.52719 584.25183
298.04019 730.54852
245.47327 438.20029
429.84290 854.08374
503.00443 690.24725
419.11206 607.73560
261.02802 487.34802
364.19598 507.63666
386.32666 509.32773
406.50027 743.03058
266.85419 637.13837
472.23715 883.56812
406.99911 842.68073
376.84222 816.71674
513.78320 350.11124
518.12164 889.16821
407.77750 505.45349
428.26703 499.64337
440.87634 497.28891
265.88104 449.46991
421.65887 472.26733
397.97156 463.26508
374.02933 463.04370
352.58429 468.25513
340.94775 474.92236
231.71295 414.99457
349.27313 501.52032
514.22388 705.49219
431.66415 700.33997
452.42834 668.04028
478.27457 703.70288
513.85272 486.41016
366.71564 797.89813
398.21518 825.11975
469.14026 874.91663
306.15845 742.33093
438.31714 486.77536
473.72800 571.19385
517.42261 880.56525
437.24423 866.86169
254.66385 635.92224
462.21936 760.38599
457.30518 768.98669
452.47067 780.71338
449.57755 793.87695
447.88721 796.98242
415.52106 725.61853
410.73441 722.74054
406.67453 719.80731
387.38297 715.50446
295.26193 658.16357
474.16241 540.58533
460.48880 481.27490
446.36554 480.53430
420.77249 728.31750
299.62061 706.58148
480.46854 486.11453
438.40411 815.17261
513.11572 589.05756
490.82996 562.46552
513.45093 558.76489
456.22424 608.11981
516.84711 862.77075
516.28650 837.24597
475.96146 833.48035
382.97903 761.89856
405.46567 656.36993
409.06796 790.61279
346.22040 649.50867
381.59900 676.89087
327.43298 680.56921
470.15796 857.82434
441.94241 615.95129
368.13019 777.48413
400.04437 807.04529
359.78180 732.62866
276.64142 674.99609
332.33722 734.71088
271.03479 684.17981
362.45035 698.65271
458.35226 582.42529
457.10345 666.56665
441.57751 664.14740
467.87744 655.33673
439.14273 459.99188
396.16940 444.56677
358.77234 441.63806
329.99457 445.39636
311.79742 453.68817
303.86688 486.61801
236.72183 533.61523
325.84930 526.85583
351.36630 537.60626
384.61395 538.60406
415.09995 532.08527
437.86719 524.07605
453.35065 517.96185
237.17130 518.39270
441.65442 666.13263
473.08118 598.31458
474.64041 673.85931
486.89917 682.57520
474.32056 674.73657
447.44943 670.65881
492.23999 686.53601
494.51685 687.79309
453.68008 498.21606
464.99881 506.38794
471.90634 514.74622
334.85364 479.62067
318.29480 469.84143
534.72516 591.02484
689.78235 492.35666
539.73694 682.72119
797.05969 369.83591
615.85553 517.63696
642.85663 519.22803
668.52716 516.60620
699.78052 498.47943
593.19702 511.62491
661.36060 448.06897
629.75177 450.83899
688.29590 451.93100
703.78210 460.20090
722.96832 511.20297
605.35712 835.56897
698.73535 483.66858
804.83423 478.73169
753.04706 489.38953
645.44946 623.20001
553.43530 717.57507
550.76776 735.78687
585.77777 718.13177
607.00189 719.22064
577.37946 731.64246
597.33728 728.76709
633.31232 750.62201
533.95459 679.78046
536.73694 656.32819
743.19305 437.72046
590.96942 565.46704
594.87769 653.14789
596.08643 637.13147
723.26129 609.26947
535.76245 621.95398
686.92474 421.55011
721.21985 425.37994
774.00403 333.60876
569.35150 449.46954
601.54022 461.66888
653.84192 726.15540
767.19080 687.14349
576.92883 668.14691
556.97437 676.62903
635.20526 721.89459
628.30176 724.17767
735.49005 406.93088
596.56055 658.06403
637.46149 427.62268
642.88293 407.74832
670.72638 288.51175
753.92578 370.67691
652.63892 346.65259
758.08197 422.44293
779.07043 398.81256
552.78839 727.42523
581.79553 725.35571
602.49811 724.02423
571.77368 671.08093
631.70068 723.04437
619.23236 742.03448
624.77509 725.31256
563.36566 669.74969
592.79633 732.08710
573.00305 735.95093
548.27179 740.90179
550.93689 811.24365
557.38873 811.43408
555.46820 796.45728
552.04535 780.77777
548.33447 769.11670
592.26544 749.87683
598.06299 754.59393
605.14563 761.74945
610.32843 769.53943
624.87384 704.69977
800.17590 567.61041
606.29755 739.17346
612.79980 740.12939
548.07452 686.06720
589.74866 668.43829
552.34247 681.61108
617.62378 575.58252
661.55157 588.51746
600.87079 643.45398
734.60663 305.55347
713.95325 352.00311
696.60181 400.48938
611.87677 774.42120
579.01392 418.40582
588.10181 347.88107
599.76837 280.88184
688.76709 509.87457
751.11749 525.11487
578.79663 506.31586
727.91113 466.48608
573.14233 553.38776
579.00293 652.57245
781.81531 536.16479
734.27472 546.35602
702.20306 559.55634
652.25629 558.95496
615.08051 550.40576
588.43915 541.12323
538.26300 529.00128
777.95020 586.92517
749.66992 460.03650
526.60883 688.56213
589.04846 593.15491
812.11523 460.96411
568.58020 531.06732
603.81854 639.80115
709.99042 483.18954
579.94580 632.68512
787.99951 626.27411
578.40558 497.38980
558.30566 625.52911
709.46466 762.93359
704.07605 778.75189
798.03174 579.90582
743.27972 727.48517
793.35944 434.38834
607.26062 854.06824
524.46100 689.87952
612.66144 606.35638
774.47498 489.28635
665.31787 504.32538
642.67627 507.14093
624.67542 744.35791
772.41107 633.42725
564.68201 883.16614
632.98315 841.37146
664.51147 814.93530
620.01898 505.19479
598.05432 500.89716
584.46741 499.02234
767.26740 449.72375
603.87921 477.08472
628.37555 469.17609
652.91742 468.32059
674.83508 471.94955
687.15283 477.07922
808.89709 409.63373
680.00623 498.65747
599.06458 699.22058
576.31976 667.29041
551.08569 703.32178
672.75732 796.96417
640.35223 824.90942
566.28827 874.89447
737.72845 738.45551
586.40552 489.36734
555.29517 570.51343
601.12036 866.04474
787.33386 631.89630
572.58948 760.76025
578.39709 769.42798
584.26422 781.29742
588.12286 794.80017
585.15662 795.82025
614.25458 726.18152
619.27875 723.22961
623.71948 720.25391
644.82599 713.19135
742.16199 654.63239
555.36938 539.97009
563.89587 482.27579
577.52515 482.54385
609.01349 728.84186
739.25195 703.16370
544.52087 486.34460
596.41168 814.40997
536.77106 562.01440
573.28918 607.38959
557.54773 833.11731
652.11810 760.13202
625.77222 654.70117
626.17413 789.39697
688.19666 646.74030
650.91418 674.73572
708.39966 677.58307
564.23309 857.63574
588.44116 614.98560
669.36218 775.97980
636.94336 806.23334
675.07739 730.34448
763.17627 671.31769
705.12506 732.06073
771.15833 680.47748
671.21729 696.14746
571.73444 581.57727
571.08081 665.73749
587.27563 663.33679
559.03497 654.50079
586.14001 460.16931
632.01428 443.63156
671.32166 439.97055
701.68079 443.24194
720.30200 451.67554
728.69012 486.50037
804.27759 529.09875
708.95166 524.25452
683.35724 534.35797
648.08667 536.58154
614.56195 531.97583
589.22284 524.90436
572.32617 518.67761
807.38525 512.65649
587.24524 665.27393
554.84863 597.61371
552.43573 673.02203
540.68121 681.86957
553.37970 673.96326
581.77637 669.87616
535.02283 685.91437
533.11157 687.11853
570.29041 499.54129
559.40900 507.16476
553.61804 514.48993
693.87006 480.78705
712.38159 469.40024
384.80640 480.28278
411.34424 479.21121
384.86630 454.07806
357.76404 481.29907
384.67773 506.83081
638.88885 482.38138
667.63745 482.23175
638.90649 457.94806
610.34247 482.03000
638.68433 506.86456
