503.35349 704.27948
515.46472 641.53186
514.89691 656.35364
493.36514 568.08600
515.22083 621.11096
514.54907 591.20343
512.30188 513.21326
333.04611 495.00308
511.27551 449.28299
511.22955 416.12708
509.65891 281.73593
503.48743 708.35345
503.56442 711.53296
503.89127 713.28101
506.05295 739.22070
505.80298 748.44385
505.68683 759.52252
505.88907 769.67877
513.81256 767.80823
515.38586 650.03943
494.55551 647.45520
234.87936 379.02344
407.46744 524.07800
381.51285 524.88818
356.62506 520.87738
324.96729 499.89966
428.22229 518.77362
364.91089 443.13953
396.06339 447.56534
337.59521 447.45163
321.21185 457.48270
305.67230 512.43787
433.17444 792.99402
324.45642 484.20355
234.23593 482.87357
277.14783 490.71161
392.39139 609.81018
477.80377 700.36346
480.46414 709.52948
455.04324 704.11517
438.93475 707.37970
461.68869 709.89252
446.89832 711.13599
412.52411 732.47870
496.70105 640.56940
492.86011 620.92883
285.40152 436.21832
439.64423 555.43005
442.28915 628.18481
439.88751 615.53094
317.51086 603.10156
492.86627 592.96741
340.87286 416.15314
307.19733 421.92908
254.27257 341.07724
454.16260 440.17801
422.55508 461.37872
393.46762 715.49042
274.44806 681.26801
461.03635 640.51440
479.85394 646.92517
417.96350 712.68134
424.27713 713.55096
292.57465 404.96594
441.92731 635.42108
388.22491 419.31250
382.66101 400.38391
355.93378 291.96106
274.70551 371.49051
374.14194 345.75702
270.20566 421.71411
252.92000 401.17178
478.72073 705.83307
458.16571 707.36865
442.56409 709.39154
466.41135 643.80487
421.15308 713.16809
429.56897 722.32343
427.35999 713.93457
471.67624 636.33862
451.03708 712.22504
465.16760 711.28723
482.87424 711.55432
484.67358 767.03247
475.79166 765.70874
476.94800 755.72913
479.77078 744.53735
483.08365 736.14819
450.78137 725.18622
445.44791 728.16406
439.47644 732.69910
435.02759 737.60034
418.70709 686.68274
242.83380 571.85657
515.20703 652.91882
440.46667 720.01117
435.00613 720.95990
486.83600 654.99701
449.77316 646.49786
483.60046 651.02875
414.40442 566.74500
374.24045 580.64917
436.38336 623.30591
292.67725 311.30679
313.05103 351.36383
330.63647 396.82697
431.70941 745.72229
444.41547 407.89905
437.67233 347.01251
426.08441 283.10150
336.18527 512.67834
279.21558 526.28082
441.25690 513.34576
299.16345 466.44000
456.35245 542.74756
455.62463 623.02148
257.11865 536.52759
296.22021 546.28662
328.25916 558.99658
376.99829 559.15271
412.51862 552.18329
437.98898 543.49768
488.63693 517.70831
263.55261 585.48010
279.62708 460.00302
504.23798 649.32471
443.45624 578.68689
228.37256 470.24420
456.75674 533.37964
433.80060 622.30176
314.41357 483.58783
453.51099 607.68793
255.01180 625.96387
441.14059 504.59372
472.41647 598.35455
331.17603 742.19238
335.35132 756.60022
244.15475 580.18213
297.05225 713.69629
242.60608 438.46527
431.60645 806.72864
506.47150 652.13409
422.30667 593.09015
257.50192 490.81104
357.75986 510.19348
380.29053 514.15436
424.96826 723.93903
270.65283 629.01947
471.23230 828.51904
407.53107 799.85840
375.97491 782.21918
510.58450 348.34558
513.35303 832.59863
402.34366 513.03925
422.40735 509.31921
435.15317 506.96899
262.28107 450.54889
419.15552 477.65448
396.64285 465.41904
372.32642 462.32471
349.59381 465.96326
336.42972 473.15399
227.61151 419.62878
342.86664 503.04391
514.78278 673.02271
441.74420 676.90161
460.99094 637.93427
484.40585 673.67365
511.45761 479.83792
367.50586 767.47107
399.48090 786.39362
469.13739 822.20905
301.90265 725.31641
434.23621 494.50888
473.89935 553.64825
514.20203 825.49353
438.16937 816.42926
254.73492 628.66034
464.96078 731.06360
459.70978 736.93585
454.75467 744.96069
451.64972 753.72736
455.49634 757.97070
434.90952 712.51605
430.31104 711.30994
426.64020 709.98071
401.53854 699.92017
301.48718 646.42627
472.60620 528.66187
458.01434 484.18408
443.47708 486.38614
439.39233 713.46216
303.99597 691.73944
480.00443 484.75806
442.51147 775.97656
513.82904 565.37531
490.96933 544.59460
513.09875 540.81122
458.21521 587.18604
514.20123 811.42932
513.99054 789.55695
477.27414 787.93213
389.94775 740.30493
413.36905 638.20636
414.86993 760.09216
353.45587 633.94171
390.14233 658.82574
335.14917 665.51971
470.75519 808.85254
445.12372 596.91382
371.74036 751.51166
403.01276 772.54779
368.41394 717.40430
279.75577 664.04413
337.90717 716.65900
269.55170 672.74280
372.68338 684.12177
458.87329 565.68811
464.07452 633.00122
450.31293 635.79095
473.25623 621.20789
436.64981 457.69318
393.13129 438.62598
354.95108 434.85333
325.32251 439.30438
306.69601 449.74646
299.02209 487.64478
236.47543 531.63171
319.39902 525.22473
345.24100 536.08563
379.01733 539.64795
410.78751 536.33502
434.38702 529.83496
450.36884 523.35687
235.10980 520.07056
450.97641 639.91565
474.64685 575.73663
480.77322 636.22815
492.96399 644.99579
480.81345 638.25751
457.16977 645.27905
497.22052 647.63055
499.63330 650.68439
449.58194 505.83514
462.50293 511.10968
470.54318 516.23657
329.54498 478.87796
312.57764 468.80695
534.08087 567.89166
692.00769 495.18301
535.73083 647.01868
776.99585 378.39902
616.79407 523.01263
641.93542 524.47369
665.83881 520.86023
698.53973 499.28149
596.52423 517.09540
660.98096 441.77917
629.55164 446.69464
688.66028 445.54843
705.11731 455.35306
713.60730 511.28885
593.72711 791.76660
700.71826 483.48688
781.64014 482.66214
740.55786 487.31351
633.12903 608.63184
530.36566 701.56476
528.53168 710.70825
556.56702 706.77087
575.37372 710.78107
550.55029 712.18414
568.28967 714.10828
613.01941 731.06635
534.05615 640.31189
537.29749 620.63263
738.34155 432.22159
585.00806 554.86078
586.82440 627.05872
588.47284 614.40289
706.06848 601.87201
536.01190 592.59735
685.45630 414.54956
718.12134 418.67651
757.95197 340.94623
574.31665 441.60046
603.24750 460.87946
631.54742 713.75549
745.69885 679.40344
568.30286 639.52063
549.92297 646.10046
603.16620 716.90875
596.71216 717.61279
731.54346 401.26859
586.99622 634.22375
639.71375 420.04163
644.86731 401.50995
661.35004 292.32678
740.64099 372.01056
645.52173 346.56439
752.40649 417.50412
762.00330 401.40915
529.92621 707.04175
553.90967 709.86426
572.33740 712.54358
562.90118 642.84637
599.90179 717.31592
590.38092 725.83545
593.53607 717.88647
558.44000 635.57104
564.14423 714.93250
547.13013 713.34949
526.79388 712.67432
542.48157 766.74347
537.87158 766.56281
536.01996 756.58844
533.42035 745.51672
530.84961 737.13037
567.73676 727.65479
572.73114 730.72925
578.80139 735.36304
583.60193 740.23328
607.97101 685.24927
773.67841 570.75494
579.36469 723.15552
584.80688 724.30786
543.00537 654.41644
579.18927 645.45569
546.22638 650.37628
610.02722 565.90070
650.01038 579.65594
591.79449 622.14215
721.81891 311.35056
703.84827 352.35785
695.22058 395.29059
594.27374 744.69531
584.33160 410.92328
583.19513 347.45551
592.94135 283.29626
686.70947 512.74347
734.95721 523.75574
583.38824 511.51373
724.58081 463.75034
568.32635 542.31415
573.81708 622.29474
762.57306 535.87329
718.97156 545.59088
688.57819 558.88885
642.65131 558.59973
608.97986 551.07544
584.99432 542.35901
535.88916 517.64478
757.80981 584.56995
741.59906 456.95398
526.37994 649.07855
582.33221 577.96722
784.79785 469.28162
567.47333 532.53442
593.66248 621.07422
709.90796 482.11716
574.99561 606.91833
763.54822 624.39917
583.22974 502.48904
556.17938 597.77045
691.61572 740.15631
687.23230 754.52850
775.09717 579.39197
724.42078 711.87317
772.77039 438.39270
595.24390 805.50299
523.88947 651.91681
603.30286 592.12994
759.43347 485.25699
666.76398 510.83478
644.59229 514.34717
595.20227 727.49451
751.33142 627.75958
555.00958 827.79419
617.70764 798.08881
648.42163 780.22662
622.92017 512.46472
602.59906 507.97284
589.46722 505.27829
757.82568 446.40112
605.74182 476.86014
628.43549 464.92361
653.06952 462.04810
676.26904 465.74222
689.22601 472.82056
784.83105 418.77063
681.84253 503.70184
586.66321 675.64801
568.58649 637.00403
545.19666 673.18292
656.63019 765.54773
626.15735 784.85638
558.56250 821.47241
719.37775 723.35242
590.10468 492.97021
552.08759 553.33459
587.78052 815.05676
765.64478 627.51318
551.45251 732.82068
556.26917 738.74976
561.08057 746.68951
564.78766 755.26221
571.01892 757.19000
583.57074 715.98450
587.73065 714.98438
591.07849 713.80713
623.93994 698.32263
721.97833 644.90918
551.89807 528.54901
568.73376 483.37054
582.22754 485.08835
579.19922 716.72803
718.36169 689.82172
546.93347 484.81161
584.23328 774.98029
535.11188 544.39697
568.74438 586.69678
550.24420 787.36804
635.07867 738.79932
613.26202 636.60822
611.09534 758.76184
671.59814 632.54865
635.68201 657.31964
689.31030 663.90704
557.06830 808.16718
581.75391 596.04730
652.85858 749.65613
622.91431 771.07104
656.01471 715.81506
742.03699 662.41626
685.67316 714.72321
751.24231 671.27374
652.32214 682.61298
566.91638 565.21753
565.91077 632.26331
579.13794 634.72430
556.58502 620.57355
590.63269 457.55609
633.58215 438.22202
671.37109 433.61169
700.50330 437.44336
718.75647 447.06189
722.81622 485.53287
780.90314 531.15765
700.69531 524.81042
674.98279 535.86505
642.44897 538.96729
612.22491 534.97455
589.72461 528.03931
574.55505 521.59344
779.40051 519.02484
578.15564 638.82367
552.45715 575.34778
549.64972 635.65833
537.42609 644.54895
549.43115 637.73468
572.08154 644.20050
533.28589 647.20471
530.65558 650.23035
575.36926 503.86755
563.07190 509.70233
554.73096 515.88989
695.79761 478.34421
713.00952 466.62354
383.36938 487.95728
419.12613 488.02252
383.52786 455.55420
347.51627 487.70401
383.11209 519.92871
639.84766 486.60388
674.74817 486.42853
640.05219 456.48816
604.37915 486.60834
639.49097 516.68237
