529.99963 722.65417
534.75562 659.19489
529.39154 677.50360
508.25653 571.49634
535.16119 633.49335
533.04315 598.25073
525.32288 511.14441
339.29370 492.77448
522.95129 455.80182
523.13263 424.76382
519.63226 301.78561
529.78076 731.05103
528.80811 739.02948
527.65576 744.00684
527.95654 772.12616
528.46631 782.57635
528.33600 795.60175
527.72198 809.89941
525.36383 850.23004
532.98718 671.10974
503.21451 667.70483
216.84189 405.29959
410.55124 510.38580
386.18256 512.82458
361.32025 513.51843
327.00681 501.84625
431.04742 506.32068
370.32425 454.00052
399.00946 455.23840
344.46118 458.81232
327.48529 467.54816
302.16406 517.51135
419.74356 882.32141
328.27881 487.79224
211.59344 511.17276
268.41937 502.28625
388.67548 622.00232
493.26025 717.37958
494.40387 737.89832
456.56583 726.59631
431.11746 734.95410
464.35651 739.35803
440.76831 742.41547
391.30057 779.73010
511.95816 658.30225
509.55682 633.16962
290.27374 453.81885
444.01660 561.10638
440.98502 641.77026
438.93066 626.93414
307.96692 614.45166
509.19629 600.41132
357.02686 431.45398
318.55505 439.01846
248.07272 363.43085
472.75430 451.24103
423.87695 463.47449
370.89581 748.86865
233.29312 746.68909
459.20187 656.75067
481.46201 664.70276
398.65790 747.97156
405.72263 748.59009
302.97275 423.94214
436.85858 650.11017
408.25726 433.91187
403.91360 415.09918
366.33490 310.15427
275.41040 392.76019
387.28058 359.97116
271.99158 441.66711
244.03943 425.66705
493.33466 728.88385
460.36899 733.45892
435.84674 738.81757
464.59885 660.56268
402.24176 748.25201
418.01459 759.86810
409.21042 748.92822
477.57861 653.89838
444.99146 744.74133
468.15286 742.86841
495.98434 742.87225
484.31116 846.92786
490.56583 806.78314
492.20465 792.58960
494.38049 779.77032
496.65817 770.13940
446.37140 761.21521
441.83337 764.78925
436.30048 771.10461
431.93503 778.94885
404.48618 709.79218
202.54529 619.27942
531.08429 675.03009
429.23117 756.44928
423.77069 757.52222
490.81799 674.19366
443.93130 662.92529
486.29266 669.61365
415.77475 573.46729
372.27026 588.01202
432.03479 636.22418
296.13654 330.49594
321.41699 369.83417
347.76672 412.96338
414.26068 806.21954
465.53284 420.89227
451.38922 358.63644
438.06583 301.76266
339.73615 509.77936
271.60419 534.44257
444.23520 502.21698
300.62793 477.40082
463.66510 546.66162
461.48541 636.71948
240.90196 555.58966
293.12225 551.43713
329.39648 561.01910
379.82031 557.09229
415.55450 547.10046
441.44394 537.20142
500.61850 516.66425
244.57339 605.43915
277.29266 474.57782
518.82104 670.15143
445.81494 586.63947
193.54141 507.65610
462.00925 526.36658
427.39261 635.51025
316.47287 489.67188
459.50803 618.49817
213.22745 680.86499
442.41922 494.33063
484.69785 607.35699
299.12750 810.47009
296.09753 842.61847
214.85410 614.70880
265.21008 773.57574
226.12762 464.07037
413.12836 912.27759
519.65430 673.97400
420.41711 602.76978
243.01263 505.40714
365.31500 498.28802
386.34662 498.51990
413.07556 763.25000
246.85188 656.64752
462.59589 953.04553
374.97675 910.06848
338.00836 881.32727
521.52734 360.98935
521.39911 957.71448
406.30145 496.60300
425.23380 494.54077
437.35132 494.60214
255.29399 467.79892
418.22653 477.41675
396.06631 470.64362
374.62457 470.18866
353.85449 474.36230
341.17828 480.11404
199.99585 450.32666
350.39612 495.95651
529.04297 693.55310
433.15393 697.71252
460.91104 654.25745
488.17938 693.40521
522.86029 481.97980
335.96658 848.56616
372.65735 880.61304
464.27173 933.09595
262.78436 801.09283
434.65775 487.75320
484.67560 556.98969
523.96204 938.53149
415.42706 935.72803
222.79172 670.96295
469.47696 765.92706
465.17972 772.82581
461.20013 782.82172
458.42340 795.51947
444.39514 830.45447
421.47058 745.61853
416.36511 743.74188
412.16553 741.64124
382.12805 726.37640
284.25867 669.87415
482.78934 530.11743
464.85980 480.25421
445.92703 481.01184
426.60657 747.00317
277.41864 733.52264
490.86694 483.28082
431.64069 853.44928
530.31934 568.25586
504.28207 545.24622
527.87720 540.52173
465.47791 595.39276
525.25781 909.76984
525.30334 876.78674
477.40088 872.84039
369.02527 790.70880
405.51227 654.80597
396.83069 825.56628
345.50745 650.31628
380.76691 679.20892
321.39276 689.26477
469.26251 904.67261
446.43842 606.73938
346.16229 814.91632
382.26028 850.43140
348.04861 753.90649
251.98317 701.27191
313.31686 762.01581
237.43105 724.06976
357.75928 707.40997
465.88809 571.66461
469.85040 649.41614
449.19159 651.18201
484.53146 634.76337
445.67908 462.26147
403.87384 449.40341
366.78699 447.31860
335.58136 452.10443
313.12421 462.06631
295.85193 496.34836
210.11020 562.09113
318.80743 527.52191
346.91336 534.36157
382.02216 533.23059
413.49115 527.26044
437.34616 520.80762
454.33615 514.80005
196.52835 562.93384
447.53436 655.69458
486.72998 581.54523
491.20660 653.86639
503.18219 665.26111
489.39810 656.91791
453.26706 661.81274
509.68726 668.27039
510.17639 671.86273
451.98718 496.15625
467.73032 503.21579
477.89639 509.54419
333.93246 484.45667
316.42746 477.31744
550.78632 571.44495
684.04797 495.47388
556.13373 667.23767
771.08807 412.75977
617.08044 514.71002
641.91089 516.07300
665.44336 515.77600
693.64691 504.67249
595.66095 510.63074
655.96277 455.67902
626.69519 457.20917
681.28003 460.51538
696.22192 469.66815
715.48499 519.75073
618.18579 877.51172
692.28577 490.77277
779.11487 514.79608
739.79657 506.02872
647.21185 621.11652
564.48218 716.50781
560.20618 736.95862
595.43390 724.05151
614.98859 731.64282
585.50159 737.48547
604.54266 739.75183
645.22015 774.97400
555.95679 657.95154
559.16821 632.98615
728.64636 456.95270
592.46448 561.22607
610.44501 640.86542
609.87708 626.02283
716.03143 613.69336
555.33807 600.23090
674.96930 433.84668
707.40436 441.50720
751.87506 371.64322
568.27380 453.44958
600.84631 466.00339
664.08087 743.93860
739.94800 741.66895
591.84235 655.92114
571.90442 664.16211
639.70801 744.21765
632.84833 744.99231
718.33899 427.14087
611.05542 648.73352
629.14044 436.21631
633.77179 417.33740
661.32971 316.17642
737.99506 398.92566
648.30487 364.38284
740.15118 446.01575
758.55042 431.47079
563.25122 727.97754
590.79291 731.39917
610.30499 735.79810
586.03632 659.55237
636.28571 744.59851
623.52094 756.49377
629.58344 745.41101
580.29834 653.52924
598.86859 742.35925
580.20062 741.30109
556.65637 742.04041
563.45795 845.82574
562.52448 805.49573
561.84033 791.26343
559.81641 778.64093
556.68530 769.16321
598.32538 758.53522
603.55920 761.98737
609.14630 767.90680
613.13031 775.45227
638.53418 707.02344
766.07581 619.38623
611.91199 753.37720
617.99347 754.35602
564.18060 673.69928
602.36194 661.34564
567.86377 669.15662
617.77576 573.34705
659.00885 587.79468
613.82751 634.98523
718.03687 338.28564
703.21014 375.69061
682.12860 415.47229
625.24268 802.30780
577.03906 423.09735
589.80933 361.09842
597.68030 305.10605
683.69037 512.21167
741.71350 535.91382
581.71301 506.16006
717.52081 480.39716
575.94122 546.85059
595.71307 636.28156
764.54077 557.13367
728.98792 551.69641
700.90851 560.56000
654.21643 557.83691
618.52399 548.92615
592.61426 539.28137
547.52002 516.94080
762.33411 605.36823
735.39868 478.50967
546.31842 669.84509
594.60120 586.37781
779.60773 511.69257
573.43036 528.12695
614.05334 634.14557
702.06348 493.02594
594.17468 618.02789
756.19641 678.41980
580.39899 497.86914
575.10291 607.00598
707.89508 803.19202
697.95544 833.29126
774.28467 614.68207
732.12421 767.76465
769.65948 469.08340
621.44226 906.46777
541.97028 673.80560
616.94836 602.14233
757.20251 509.92838
662.03223 501.05646
641.68896 502.14429
627.99463 759.67218
757.85034 654.92322
575.46429 949.31653
643.31976 901.31964
669.40063 871.59363
620.82782 501.05438
600.18854 499.24323
586.71265 498.96417
749.10907 473.01422
604.30750 480.28888
626.45026 473.11029
648.96381 472.18018
669.64954 476.31464
681.57593 482.39197
779.89423 456.41693
675.11353 498.49493
614.62006 695.77899
591.97467 653.59619
567.57666 692.82495
679.67499 840.84589
651.63525 873.14337
578.98999 929.96326
719.45410 793.61926
588.18164 490.85693
564.80066 557.05444
614.05084 928.97272
764.95129 668.96185
579.84027 763.98523
584.82178 770.68207
588.87128 780.44678
591.43292 792.97961
599.27167 827.62366
619.91162 742.37451
625.21857 740.32373
629.46948 738.07172
656.68353 722.64545
733.10522 667.69373
560.90039 530.52203
565.44165 482.70914
578.79736 483.90582
614.13184 744.08948
731.84381 729.22742
548.61444 484.62964
608.21124 849.50952
549.55725 545.28046
583.17371 595.29248
569.27637 870.83301
661.26648 785.58740
633.26355 652.94232
637.44006 820.52679
686.30463 648.78741
655.97870 677.00861
704.94995 686.59869
576.81714 902.17902
597.38287 606.21863
677.17462 808.60468
647.86255 844.28046
681.04907 749.36145
750.38867 698.14636
705.90588 756.74316
751.84241 720.27283
675.58081 704.37732
578.56592 571.72369
588.32214 648.95190
603.16016 650.37732
578.78864 634.35596
584.92999 464.04764
626.90417 450.82300
663.59143 448.83545
692.30011 454.01971
710.20251 464.48532
718.61267 499.90271
779.57977 563.97974
703.67242 529.19940
680.61395 535.59149
648.15680 535.45312
616.46521 530.54675
591.99762 524.27209
575.59241 517.72766
772.89172 565.07202
602.19037 654.51257
567.86072 581.44690
572.68616 653.24628
558.46753 664.73889
571.32599 656.46161
595.45752 660.44562
554.11713 667.77386
550.07928 671.39587
572.89209 499.59595
562.74518 505.87585
558.55804 511.15216
687.94226 487.03027
704.40741 480.10736
375.16058 481.99448
400.45804 481.11676
374.18555 460.85321
349.51245 482.97159
375.95685 503.33847
638.12402 486.68146
664.09924 486.41376
637.93823 466.06671
612.15747 486.61676
638.44696 507.48102
