511.68460 693.57788
511.44620 632.18805
512.60358 646.72461
491.07782 561.32269
510.97015 612.21021
510.49796 583.31342
509.36557 507.03223
339.68976 499.83466
507.80344 443.51550
507.07608 410.89578
504.19608 280.95236
511.99622 699.77417
512.33032 705.74750
512.82324 709.91687
512.99811 717.08667
513.58679 729.01111
514.22418 743.52069
514.97162 757.20288
514.43365 761.08917
511.83975 640.64923
493.57709 638.86298
238.61197 384.10364
407.22650 526.96802
382.46777 528.13281
359.54230 523.67761
331.47629 504.30487
427.46277 520.27795
370.23709 445.60001
399.22610 449.78928
344.48193 450.25485
328.71423 460.79031
312.88992 515.77686
443.89301 778.25214
332.61047 489.44281
245.43945 484.82623
286.90100 495.69095
400.71521 605.77063
489.53204 689.23792
493.82312 704.94373
470.20575 696.15894
458.16565 704.01282
478.63367 706.42279
467.15863 709.50964
428.46228 730.31903
494.11942 631.74335
490.17230 612.65015
296.71783 439.70905
442.93829 551.67377
447.63263 623.09302
445.49445 610.88824
331.53369 601.21295
490.43369 585.58929
349.54498 417.96356
317.86771 423.89807
255.96609 346.45105
452.92950 442.35437
423.90265 463.22946
412.62515 714.23901
305.34821 673.32117
465.45743 634.51471
481.85992 639.39771
444.08719 717.99231
448.95795 717.18347
305.12341 408.41705
448.31830 630.44269
393.09235 422.27411
388.80750 403.99109
353.72928 294.62988
276.58057 376.14627
372.44373 347.11206
282.42969 427.32904
256.90439 405.58960
491.27591 698.20160
474.38956 701.99158
462.41013 707.06036
470.56970 637.34259
446.59412 717.67920
453.38416 721.79742
451.49252 716.65839
473.11328 629.59027
470.92316 711.06665
482.16046 709.13544
496.21497 709.03693
489.09131 760.77441
491.46857 755.65784
492.23956 741.82141
493.94855 727.21759
496.12134 716.01733
470.64313 714.44928
466.26010 720.24835
461.41382 727.63586
457.47003 735.31433
430.79691 682.10883
264.66656 570.35522
512.23865 643.35248
462.24673 714.99329
457.89935 718.24780
487.83514 646.34900
456.18811 640.75085
485.04114 642.88544
419.40100 563.62811
381.88190 578.06000
442.92923 618.80853
292.49921 315.72397
313.12823 355.15515
340.89340 399.56189
444.08658 741.40503
445.02692 412.30957
434.43991 346.30136
422.10132 283.98196
341.09045 516.26331
287.88403 529.23553
440.69458 513.77283
307.96979 470.75922
457.98383 538.36206
458.01303 616.93872
270.48016 537.06848
303.50040 546.62061
333.08203 556.65381
378.16034 555.95270
411.47275 548.80396
436.00006 539.39752
487.09238 512.02502
281.93066 584.58838
289.91028 465.20383
501.49002 640.21997
447.82031 574.35748
239.74707 472.90118
454.22055 528.71436
441.23068 618.02002
322.00629 488.55145
456.59006 602.10217
281.98090 621.25586
442.17517 505.56342
472.27460 591.71655
357.28107 730.67737
361.97281 743.13684
265.61023 578.43500
327.66101 703.92688
249.40723 441.78802
441.93744 789.59601
504.16037 642.77356
428.46185 589.03333
267.34210 496.74719
361.18088 514.82184
382.04205 518.87775
449.31021 725.57196
294.42630 625.67950
476.61288 810.04163
421.61060 783.21539
395.55624 766.78973
505.84818 346.15973
515.01080 813.67822
403.16498 517.49603
422.80261 512.65747
435.59009 508.96655
273.11414 457.48825
421.27982 479.57486
399.75800 468.11288
377.09860 465.66855
356.12714 469.97720
343.88406 477.43286
234.11453 423.83688
347.97531 507.66913
513.09210 662.27802
449.51602 670.80518
464.81653 631.96417
486.07950 664.29236
508.61588 474.23514
387.24408 754.25397
414.90201 770.88123
474.65076 804.60413
332.79065 714.53931
435.82330 495.61343
473.84744 548.03174
515.17889 807.10559
447.50726 798.66675
281.43231 624.21558
481.95596 714.71948
477.95078 723.70392
474.30048 735.01135
471.84735 747.40039
464.03665 752.58545
458.01700 713.24908
453.39938 712.47412
449.50714 711.03253
418.32602 697.31927
323.53204 642.29254
472.56512 523.59558
456.23697 484.08521
443.37701 486.98959
462.25339 713.71313
331.17438 684.78174
476.34048 481.98438
452.87216 765.30566
510.15823 558.19556
489.06897 538.36041
509.77701 534.06110
460.73615 581.91882
514.93280 794.86908
514.69757 777.52307
482.89316 776.44299
406.67554 734.04083
422.57617 633.76758
428.31772 751.16650
367.61542 630.09918
402.86322 654.53882
355.08307 661.03717
476.56897 793.24384
450.17548 592.35760
389.93640 741.68945
417.73132 759.68359
388.03375 712.90320
307.02533 658.31989
361.03265 709.40710
299.80472 665.52142
390.64142 680.65619
461.04929 560.77319
465.91879 626.52808
455.04504 630.22913
472.86740 613.87738
436.69266 459.19293
396.92303 440.65680
361.77753 436.58240
333.99786 441.41559
315.72577 452.75537
307.28433 492.45300
252.55115 531.85571
325.07593 527.16736
348.54059 536.44415
379.79950 539.79218
409.79172 536.31134
432.74759 528.78064
448.26990 521.35071
251.60495 521.08942
456.44083 634.39624
474.47629 569.65216
479.92807 628.44147
491.47626 636.49689
480.66046 630.71710
462.52124 639.19537
495.14020 638.82324
498.07996 641.71588
449.41794 505.71307
460.18561 509.04889
467.47528 511.91229
337.59210 483.43161
320.31299 473.00296
529.37488 560.38550
685.45886 489.74579
531.38666 637.99542
779.38110 374.28577
615.92432 519.34241
640.10199 519.80127
663.28613 515.45599
693.16681 493.44553
596.15216 514.07031
652.96228 440.27917
623.48553 445.32922
679.61987 443.17484
695.61163 451.83994
710.80652 505.00403
587.21802 774.56042
693.22058 478.13715
777.86865 475.29489
736.37201 481.56638
624.20032 600.59369
533.80719 687.18665
531.24750 703.19684
554.47095 692.21027
567.66681 698.53284
547.23608 703.09338
559.50031 704.87189
602.42212 724.98706
528.95526 631.04608
531.80469 611.65118
727.70044 428.68649
579.61444 548.48840
577.54675 619.30951
579.24677 606.97620
693.75549 593.58252
530.75293 584.46558
673.06592 415.06830
706.06409 416.94196
757.75952 337.14389
566.28058 443.31183
599.14178 459.19791
617.89227 708.14935
729.70361 664.42841
560.23010 631.60541
543.95496 637.38770
583.72687 710.29095
578.76587 710.06885
718.42749 399.62720
577.56720 626.52600
628.39429 421.76245
631.91772 403.51221
655.66364 289.09167
737.57764 367.74292
639.39313 342.60425
741.64819 413.90271
760.52319 396.52722
532.92346 696.27856
550.85223 698.32996
563.76221 701.89117
555.22174 634.67242
581.15363 710.28436
574.47693 715.48877
576.16467 709.86597
551.47113 627.53101
556.09351 706.80713
544.20496 706.11395
529.70123 707.51282
540.50989 759.50159
538.50531 753.74866
536.12720 739.90649
533.08600 725.38416
530.01660 714.33545
556.23468 709.96680
561.23718 715.41559
566.72906 722.53632
571.51086 730.16418
597.70020 677.33282
766.72473 561.11481
565.00513 709.55579
569.58380 712.31653
538.16479 644.82971
570.45581 637.27081
540.85211 641.19714
603.64258 559.42023
641.91669 572.50415
582.56232 614.72858
718.57733 307.71170
699.14124 348.40958
681.42297 395.70178
586.51288 737.28589
573.38538 413.68228
577.21771 343.94446
586.62671 280.96396
682.79956 506.96506
733.66962 517.15680
583.20709 508.85358
716.35461 458.89862
563.72607 535.88812
565.79858 614.11456
754.08716 527.88116
719.21143 538.55328
689.98553 551.81793
644.46454 552.05353
610.76404 545.21948
586.49036 537.18152
532.12524 511.06985
744.87354 575.37543
733.96747 452.31622
522.28204 639.81500
575.35962 571.08630
785.92090 463.18280
568.08948 528.05463
584.59503 613.85828
702.81989 476.46649
566.80493 599.05731
751.68530 612.03094
582.58850 500.25174
549.68524 589.63489
675.58423 723.03607
673.07031 736.46039
763.46344 568.66699
704.93854 695.04828
770.97485 432.43570
589.35840 785.96808
520.39026 642.40344
595.62952 584.90997
756.09521 478.91711
662.07104 505.98367
640.81854 510.28369
579.08893 718.95093
734.39838 616.42480
553.60889 808.29529
611.28345 778.62921
638.73566 761.29895
620.36139 509.33682
601.10999 505.39459
588.73816 502.83020
750.40479 441.71881
601.46552 473.29950
622.81659 461.20447
646.52606 458.52374
668.91071 462.02374
681.52661 468.44281
787.69861 413.98010
676.20221 498.46570
578.51257 667.02325
560.62195 629.11652
540.92560 662.78253
645.41113 747.90967
617.22058 765.86005
556.06616 802.60492
702.66956 706.56598
588.15808 490.17679
547.02686 546.24799
583.80713 795.31982
749.76288 614.37958
544.46594 711.47491
549.24249 720.19965
554.01776 731.41772
558.00897 743.86206
566.07965 749.62439
569.32306 707.26526
573.53400 705.95782
577.29236 704.19751
611.11902 691.77429
704.49158 633.94800
547.77405 521.98407
566.37067 482.07300
580.33942 483.32138
565.27979 708.31927
699.36462 676.05273
543.83282 483.17508
578.05560 761.93298
530.80450 537.32318
561.91449 579.35492
547.30310 774.71918
624.57141 728.38080
603.97552 628.73517
603.01831 746.46429
658.54980 623.58636
624.66724 649.00031
673.14166 653.82532
553.97144 791.28107
573.71155 588.93555
641.83838 735.38086
613.89081 754.62500
642.48883 706.52979
723.31818 649.01398
669.81677 701.97003
732.36737 655.77704
638.35681 674.57776
560.96979 558.25165
558.38861 624.13531
570.32349 626.83301
549.84192 611.92651
585.27368 457.43365
625.19360 438.23138
661.37878 432.73676
690.21606 434.84760
708.70337 443.33160
717.00165 479.53192
773.70520 522.22174
698.85040 518.33392
674.58252 529.56708
642.71222 533.37628
612.77478 530.25635
590.37476 524.06641
574.96857 518.09125
777.12592 511.59412
569.30133 630.94727
546.78430 567.77722
543.58887 626.93146
532.85510 635.65826
543.55353 629.36194
563.69141 636.03094
528.84448 638.11176
526.66785 640.98126
574.93073 501.71539
562.71570 506.96161
554.09546 512.39142
688.11658 473.51395
704.23950 461.93481
393.31299 488.35611
423.10037 487.45996
391.59091 458.39804
362.93631 489.33954
394.80945 517.90851
629.65759 479.64514
662.78546 479.68286
628.49078 448.19330
596.83594 479.72400
631.04175 511.21780
