511.49374 750.91022
518.30359 685.86212
516.86774 698.04651
496.85535 590.17200
518.49243 661.61780
518.16486 622.63647
516.66113 519.12628
346.39282 489.51523
515.91187 441.06906
515.98254 405.43588
515.37543 282.94406
511.64920 756.96545
511.76318 762.77606
512.08813 766.71979
512.41357 767.69568
512.82281 779.07965
513.06854 791.87238
513.31830 804.38696
513.41614 826.33588
517.90399 694.44336
492.05396 688.06458
239.93228 370.32166
418.59790 512.59686
393.74576 515.22070
369.46484 514.16547
337.48505 497.34521
439.39410 506.91425
374.90198 440.62659
404.66492 442.33389
349.26132 446.43427
333.78735 456.77185
317.08386 512.79443
426.79147 849.79834
336.58981 481.18448
236.88574 478.16434
287.21106 492.37128
397.06439 628.44971
480.59174 745.11615
484.11960 760.43188
453.04611 746.03009
434.25729 747.29285
460.81598 757.42200
442.86435 755.01917
407.17059 771.40790
497.69608 684.16473
494.47159 660.43164
297.79480 439.50037
445.36179 564.29071
440.36093 659.70996
439.58118 642.91870
326.52826 615.44135
495.58005 623.97052
353.17303 412.93637
319.93390 422.66107
262.29022 333.86261
464.55273 431.30280
430.68683 453.06049
390.05664 749.78601
277.30060 690.11731
457.14307 674.45563
475.81528 683.54785
408.84845 748.95251
414.35779 750.77393
305.54358 406.57532
439.06036 666.33514
400.34918 412.66779
394.59259 392.78918
364.33948 290.54483
282.15680 367.59848
379.64313 343.34265
282.14017 425.43277
259.49457 396.47809
481.78497 753.55640
456.74265 752.01917
438.22971 751.14380
462.10599 678.16650
411.70312 749.91833
423.30771 759.28711
417.22321 751.62964
470.18872 674.05121
446.54803 758.07141
464.71008 761.39716
486.75955 764.81873
482.05618 823.67310
482.60495 802.09937
483.35785 789.33826
485.08575 776.58368
487.29532 766.01227
446.60880 758.93707
442.29654 763.44739
437.40329 769.54163
433.76263 776.13647
417.30170 721.46997
243.56436 567.49756
517.41364 696.33618
432.81638 755.54895
428.02512 757.24780
484.67310 693.89209
446.52698 678.47723
480.38620 688.91461
421.43909 576.51099
382.06726 592.11261
435.56723 650.50610
300.87009 306.06418
319.62671 348.38654
343.16373 393.37979
426.48798 791.38593
455.03308 397.52463
443.53998 345.77979
433.68134 283.87976
349.12854 508.28827
290.07098 529.10895
452.52747 501.44659
311.27991 466.89551
461.67224 550.64783
455.28186 657.25299
263.31342 537.79364
308.42560 550.08228
340.76315 562.79016
388.00497 560.29407
422.20093 550.05011
446.72125 539.30341
493.54285 523.73737
271.56989 590.96002
290.87421 461.88773
505.05054 693.27832
447.54953 594.26337
227.75345 461.33569
465.37167 527.47937
433.52899 647.07709
326.99905 482.05334
454.74445 636.62201
256.86188 626.84375
451.35800 492.33771
474.47949 628.15955
329.15451 773.44684
331.01056 789.56232
248.85373 581.00488
301.33948 734.20520
246.41013 432.87024
421.39621 871.22180
506.82568 695.05780
426.16214 609.85547
266.68127 493.30389
371.51630 499.95840
393.00787 501.42230
419.32080 761.48486
279.50427 637.90674
462.81522 905.27417
394.04919 859.47668
365.03485 829.88806
515.84259 347.49719
512.83649 910.70508
413.97150 498.92990
433.81555 495.04550
446.16580 493.60568
272.85083 452.96765
427.02737 471.69083
404.06396 463.17899
381.64386 462.14899
360.61511 466.51727
348.33734 472.82520
228.84589 410.11053
356.94049 495.25702
516.47272 714.92291
439.88416 713.59668
457.73309 672.67041
482.85754 714.27246
516.02783 477.80713
359.38245 810.24658
389.35394 840.37219
462.26529 893.29553
303.10324 745.07568
443.52078 484.39261
477.91531 568.43799
513.11566 899.16522
425.40887 886.72925
260.87872 633.69653
465.23221 762.65411
461.31906 770.65643
457.81369 780.62219
455.69794 792.15320
450.89667 810.11877
428.07736 752.79236
423.59216 750.35565
419.98712 747.94409
399.76782 733.94623
310.90961 661.08655
477.79053 535.77429
467.94818 472.99658
453.25223 475.16861
432.79123 755.24725
309.66113 710.91620
488.09198 474.87494
438.47586 827.85266
517.70349 587.67297
494.70847 558.88110
517.22205 554.91241
461.82410 608.79449
513.19165 877.36749
513.21979 849.44684
474.91779 845.49310
384.58560 777.39471
413.28778 663.89374
408.86673 804.73572
359.94647 653.86719
392.12561 685.72644
341.19031 687.02789
466.42795 871.99438
447.84183 618.21039
365.20142 790.59167
395.66965 820.92981
366.24683 748.24969
287.76355 676.56372
337.66968 744.64502
276.21780 683.74677
374.42633 711.79962
463.00854 580.79694
462.76703 670.20074
447.43951 669.64319
473.46368 658.59760
446.54611 448.58328
403.51910 433.22412
366.67365 432.19879
337.80511 438.60162
319.37561 450.01462
310.09634 487.97409
239.72049 529.25769
331.61462 525.37134
357.15994 534.69305
390.39206 535.23004
421.11917 529.20245
444.42661 521.57294
460.34418 514.64948
234.59396 512.88898
447.48865 672.95026
478.15692 597.70258
479.90887 677.35541
491.50549 686.55762
479.59259 678.15088
453.52432 678.65826
496.97830 690.75189
498.34644 692.56067
460.12744 493.93781
472.38019 501.15521
479.25357 508.02124
341.58679 477.47040
324.99780 467.63867
538.36499 589.79431
681.67218 485.48224
542.75232 687.38379
780.27063 366.17462
611.73145 512.51630
637.00446 513.82422
661.21667 511.35248
691.04718 493.16806
590.39221 507.05811
655.35565 439.71136
625.41931 441.87610
680.86963 444.48145
695.51074 453.66974
712.25159 507.40338
598.96564 847.51941
690.31915 477.39746
785.99817 474.37131
740.21594 485.42957
633.78406 626.68787
541.76288 743.25824
539.31586 758.32690
569.02802 742.13220
587.56927 740.89368
562.35577 753.27692
580.20251 748.86023
618.67548 769.55292
538.73987 683.64252
542.27448 659.90704
732.91132 430.72360
585.99255 563.02039
593.96075 658.19531
594.31244 641.42621
702.71564 612.86499
540.48334 623.41144
680.25562 408.97977
712.73096 416.18320
760.47803 330.09534
567.98730 433.30621
598.86572 452.85663
636.55713 747.82935
745.90540 686.29614
576.64709 673.25800
558.04230 682.65564
615.29700 737.49304
609.67664 740.07684
726.57251 396.26324
594.34796 664.91089
632.77209 411.76685
638.21375 389.30710
664.56049 288.64139
744.57043 363.60260
651.23962 341.14066
746.48950 413.92355
765.02527 392.49939
541.06390 751.51904
565.80200 747.93542
584.10132 744.74152
571.35242 677.02405
612.38452 738.81531
600.67633 750.00604
606.81537 741.36694
565.05597 672.93854
577.05481 752.16772
558.96710 757.38641
537.47443 762.81464
544.67358 823.15784
543.59473 800.10638
542.09949 787.28284
539.89410 774.43402
537.42316 763.90314
576.95355 752.56757
581.78595 756.84460
586.78186 762.60938
590.62799 769.16736
612.27771 720.04559
777.64569 563.66595
590.77228 747.44434
595.84186 748.55151
548.94238 693.40735
586.14850 677.39478
553.38794 688.34613
609.19427 574.94653
648.22253 590.20740
597.64972 649.08978
725.15149 303.05423
709.32648 345.04767
689.64984 385.85690
599.43488 789.74725
577.21747 396.91299
588.32880 344.71838
596.91357 282.92377
680.37982 504.55884
738.96930 523.18695
577.04840 501.92896
718.04395 460.92542
570.37555 549.58508
579.99384 655.97034
763.39630 534.25421
723.41382 544.99042
693.62042 558.97614
646.65222 558.74762
611.50964 549.91162
586.33258 539.84106
539.49774 523.24719
755.94861 587.76685
737.95581 454.17401
530.73651 692.89282
584.58496 593.02362
791.39795 457.02692
567.77576 528.30518
598.56177 645.65601
700.83380 477.70648
579.95868 635.38208
765.80652 623.09357
576.72137 492.37619
560.96204 627.24921
695.61511 769.75134
692.40881 785.01410
775.73114 577.41638
723.33362 730.55164
776.60156 429.10776
603.85547 868.47687
528.01593 694.82483
605.10901 608.37775
758.92560 486.10922
658.38165 496.97897
637.19592 499.85846
604.73517 751.85492
747.59705 634.78461
562.39166 903.28271
629.98773 855.05164
658.79260 825.13391
615.72675 498.21832
595.08966 494.74030
582.26288 493.70706
753.55426 442.96021
601.72083 470.73743
624.51379 462.17358
647.27856 460.83386
667.86298 464.56927
679.59454 470.22958
790.16449 405.81274
672.25897 491.44852
591.56238 712.38721
576.49536 671.48016
550.08868 713.83600
665.29309 806.58228
635.58691 837.01843
563.63123 891.81018
720.21252 740.84497
584.85065 483.85205
555.86145 567.66003
599.20221 883.16248
763.84558 630.28064
558.75562 758.36053
563.25458 766.24939
567.09277 776.17474
569.80768 787.83459
575.35004 808.80579
595.25574 744.32697
599.14905 741.49408
602.45203 738.96692
628.05908 732.22119
717.30640 658.32214
554.72076 535.05920
562.83368 473.23941
576.00635 475.25803
590.91962 747.41821
716.48779 707.58032
545.11975 476.46973
587.44360 826.09491
539.58801 558.37311
571.83270 607.92242
551.41040 844.58569
641.06531 775.02197
617.54639 662.10748
616.66418 802.41962
669.91760 651.70825
637.54834 683.89594
687.36115 684.53229
559.79999 870.82184
584.96973 616.94019
660.15222 787.30597
629.70825 818.00970
660.22144 746.00378
738.57672 673.26221
688.45544 741.55414
748.46143 680.29761
653.78119 709.92316
569.83118 579.85016
572.59625 668.98560
586.85504 668.28387
562.67865 657.61292
583.88733 448.85086
627.57373 432.42709
665.16010 430.26047
693.99921 435.19293
711.49158 445.02069
717.75476 481.87469
783.83911 525.55090
698.83698 521.11932
674.80969 531.50928
641.85168 533.81085
610.46753 529.14996
586.60913 522.00415
570.72357 515.06000
785.41602 508.82648
586.04315 671.58142
556.30310 596.96899
556.05560 676.36725
543.84314 685.90729
555.90900 677.29437
579.71674 677.43164
538.65155 690.16901
536.34277 691.98804
569.18793 494.48206
558.72180 501.75275
553.73975 509.15848
685.89514 474.30151
703.49017 463.56866
384.23230 479.34763
408.70355 479.39578
384.20068 457.45169
359.44348 479.36310
384.07996 501.50229
640.21625 478.77405
665.10291 477.59918
639.08807 456.60101
615.38428 479.58514
641.49731 501.03033
