499.92212 739.56726
508.57968 677.79834
509.03470 692.94922
488.57211 581.78723
508.50061 651.11438
508.70078 612.13995
510.03909 514.20154
340.79370 491.25092
510.77322 449.66479
511.10013 414.91498
512.18573 270.08069
500.10727 745.53046
500.73611 750.19458
501.67648 752.83221
504.00781 784.48779
503.54941 794.22644
503.31729 806.23474
503.63214 819.56665
509.20984 845.42285
508.76276 688.70837
483.29031 682.96320
238.73395 377.30640
407.07217 516.95044
383.39069 517.64722
360.22644 515.62506
330.18570 499.63721
426.98669 513.13757
369.83740 447.47195
397.62180 452.49670
344.45392 449.67444
328.51440 457.91528
308.77014 515.05194
419.42761 877.19543
332.36267 484.01648
233.65591 492.71039
280.80634 496.07495
384.82507 627.22552
467.85663 734.32410
471.35068 747.53125
440.35034 736.93066
422.18872 739.84509
447.98737 746.09583
431.02118 745.91553
391.01431 774.31354
487.66129 676.17877
484.83191 650.04144
290.57010 434.36023
438.21741 563.51758
429.19766 652.78613
428.94791 636.22998
310.73502 616.17712
486.50735 613.89557
346.04022 414.78381
312.72681 419.09601
261.85260 334.97098
454.47620 448.75003
421.60388 464.68463
370.59479 745.47571
269.54846 731.31439
446.34705 668.87360
466.10443 678.14020
399.87778 745.04193
406.50055 746.55005
299.02264 401.84674
427.11597 659.81152
392.19324 423.54724
387.45935 403.53195
364.55716 280.95624
281.02585 369.21747
380.48187 338.76352
275.91147 422.10016
256.83316 402.50128
468.92361 742.04401
443.99091 742.01093
426.38718 743.06653
451.32028 672.60663
403.19385 745.78564
415.36942 760.49139
409.71173 747.35748
460.11502 668.11841
435.49750 747.79163
452.14087 748.51727
474.45410 750.61505
473.22882 842.52240
470.99469 815.29224
471.98407 802.07739
474.24652 790.20331
477.23132 781.41919
438.69122 766.58105
434.05099 769.69653
428.61261 775.23944
424.59723 782.34534
399.39673 716.51245
238.97180 599.55139
508.83441 691.44214
426.33179 758.48425
420.74326 758.87469
474.84683 688.26453
434.40576 672.26379
470.62976 683.38898
412.40286 575.78668
370.57520 590.63306
423.95123 644.53308
301.81186 301.63663
320.35132 346.37106
337.11829 394.50494
412.24762 801.24414
445.84387 417.18536
442.00940 338.63989
432.22400 271.46112
340.94403 509.63708
282.43768 531.59204
439.94263 508.80334
304.35730 466.65015
455.37259 549.14240
445.29480 649.68427
255.60364 546.48273
298.81836 550.18268
330.18762 561.26917
377.48303 559.20435
411.75793 550.69037
436.79745 541.08240
486.82056 519.74133
258.87479 600.30554
284.24121 462.48389
495.70276 687.37677
438.70032 591.71362
226.36868 481.69986
455.58310 529.99603
421.64871 642.22327
320.48090 484.12866
445.31662 629.38074
250.38675 663.87921
439.73660 500.61731
465.60217 619.63318
319.50800 802.27887
325.07089 829.72681
240.05804 602.94177
289.17831 764.87891
243.97571 443.08728
416.48868 903.10498
498.19348 690.13544
415.76306 607.63239
260.80719 499.52991
363.04138 500.89471
382.90866 503.75320
410.81952 763.07971
263.11401 652.76843
460.42273 940.48047
390.92175 897.84497
361.02838 869.17139
511.75226 340.08380
509.96460 946.04730
402.66992 503.46655
421.24661 501.74826
433.57120 501.47787
266.93896 456.32544
417.93994 482.11569
397.12140 473.89850
376.56277 471.32990
356.66919 473.26837
344.67114 477.49768
227.97116 423.27942
349.80823 496.30261
509.42975 710.31396
425.50882 708.01349
447.03519 666.95721
472.73502 708.82770
510.49374 479.43439
352.85760 840.24670
384.11627 871.52625
458.29279 924.59479
295.98776 786.86993
432.83823 493.30176
470.79242 563.34796
509.37411 930.00696
422.61319 923.34259
249.84717 660.74866
455.69720 774.85974
451.07822 781.05225
447.06934 790.24683
444.45551 802.07263
438.53253 825.46692
417.94907 746.14673
413.26740 744.20270
409.35184 742.13983
379.18250 728.45752
291.45728 670.45392
471.56714 532.88202
456.88730 484.49829
442.34641 485.77603
422.84720 747.73608
292.28979 730.26538
478.19138 485.74515
428.81894 849.41455
509.12881 578.78375
487.51273 552.30750
509.53842 547.72498
453.14630 603.62128
509.30621 904.79059
509.26819 872.79193
467.38968 869.10693
373.42493 787.45062
400.97687 660.97943
399.22937 821.45312
343.28781 654.99292
376.91800 684.72833
322.52362 692.31586
460.59506 900.08447
438.17468 613.86255
356.64224 810.15533
388.61224 844.67358
351.52380 752.38776
270.80951 696.89691
323.54636 759.13538
264.61697 714.64685
355.94379 710.60419
455.43854 577.29120
452.55890 663.48749
436.31122 663.25171
463.88312 649.68713
436.52109 461.66028
395.92264 441.97760
360.28766 435.68692
331.34094 438.40076
312.46725 448.25528
303.12308 490.03073
233.89328 547.43622
322.23059 526.44092
347.00916 535.35236
379.64026 536.58276
410.05957 532.50488
433.25504 526.39380
449.24423 520.18091
231.79440 539.46118
435.99463 666.72247
470.05814 590.91248
470.06763 669.82898
482.35834 680.96271
469.75967 672.01324
441.76535 672.56555
487.58710 684.84918
489.69363 687.55042
448.17596 502.27325
461.46555 508.48331
469.32916 513.15320
337.80231 480.95062
318.99915 468.46271
530.06812 581.65192
683.71521 487.96417
534.70361 682.43298
788.60059 375.89899
619.13892 512.71179
641.69135 514.59290
664.20581 513.09900
694.01746 494.90869
600.18628 507.70810
654.65411 441.15759
628.07275 445.61227
679.18939 443.90924
694.70203 452.43893
715.57135 509.75739
601.17828 876.85767
692.68683 478.84222
795.14978 491.01587
743.97473 486.94666
637.51337 626.47278
534.87238 735.10669
533.95447 748.05121
568.70819 738.97815
591.97681 742.27618
562.31366 747.44580
584.45587 747.73376
632.16986 772.99225
529.71393 676.01831
532.38367 649.79590
729.41223 426.12317
584.00018 562.90710
590.68774 652.17627
591.54407 635.62701
712.75085 614.99573
531.15778 613.59930
672.11536 407.70477
705.83124 411.59625
764.84296 333.96417
565.82013 444.55670
605.25598 457.91821
653.26013 743.74933
759.59888 730.41449
572.97589 668.20721
552.73712 677.50708
624.55627 747.75342
617.86218 749.17218
719.61621 391.73743
592.79919 659.13049
626.55035 417.92059
629.56793 396.75031
661.86121 280.62289
744.97937 368.61755
644.43359 338.69949
745.23065 411.43256
770.08911 401.62354
534.65698 742.65308
565.51123 743.68665
588.48120 745.08215
567.74597 671.92755
621.15723 748.45221
606.40125 762.54004
614.70062 749.86963
558.71283 667.54138
580.82397 749.44507
559.12891 749.58087
532.84998 750.92676
545.89502 842.49219
539.20111 815.59137
537.68414 802.46411
535.85193 790.73901
533.90131 782.02356
580.43085 768.41718
584.58887 771.21222
589.69855 776.39661
593.60126 782.99036
622.84961 715.26459
791.04480 598.54333
595.78552 760.83508
601.17908 761.11365
544.05737 687.83423
585.53778 671.54724
548.19214 682.92639
609.95837 575.08563
652.36328 589.89783
596.77142 643.91779
724.78156 300.98926
704.82898 346.27621
680.28748 385.64746
609.65363 800.40338
571.55164 411.90979
582.49054 338.57748
593.53613 271.35944
683.21942 506.66364
742.02325 525.48676
587.89569 503.06226
718.13690 459.64215
566.64398 548.60541
573.94836 649.25299
770.51117 545.37463
724.61218 547.56421
693.06665 560.76355
647.06946 558.32690
614.28339 548.49365
590.22040 538.76208
533.75134 519.49939
766.69141 599.19580
738.37018 453.72510
521.89850 687.18689
582.96747 591.08093
803.51263 480.02643
571.41022 528.29224
599.37366 641.55017
703.54218 478.02368
574.51514 628.89331
779.36560 663.07507
588.81946 494.33200
553.03204 619.24890
705.42682 801.14093
700.76416 828.09399
787.73077 601.69794
736.81183 763.63971
783.68201 441.62659
604.09515 902.83600
519.51227 689.94312
606.06891 606.97888
766.19415 487.80673
661.04926 499.29810
641.69116 501.33212
610.89856 764.93250
762.31384 651.70154
559.68604 939.98242
631.74213 896.33081
663.46594 867.43658
623.10187 499.37738
605.39142 496.08630
593.99121 495.26929
757.11993 444.20483
610.91522 474.71973
631.34534 466.26807
651.46564 464.62408
670.38837 467.46124
681.38965 472.26630
800.38513 421.46204
674.30243 494.18353
595.86761 707.08197
572.15118 666.42218
547.10425 708.51941
670.68689 839.41577
638.18530 871.03040
560.85132 924.53235
731.77460 785.51758
595.83197 486.80640
549.68542 563.03052
598.51721 922.19141
777.42480 659.70001
559.21460 776.06842
563.27783 781.98828
566.94568 790.81451
569.72382 802.19275
581.88556 824.93420
603.20294 748.25641
607.15448 746.47681
610.55139 744.75104
643.99084 726.81482
732.71594 669.18372
549.64508 532.62311
569.84857 478.98749
585.63452 479.50134
598.99438 749.74835
732.53955 728.76483
545.54938 482.95056
591.91455 848.93555
532.11108 552.07446
567.24103 603.33954
551.80048 869.00177
649.45795 786.37921
620.42804 660.00568
622.74670 820.65546
679.54559 653.97156
645.45331 683.69312
700.75488 691.13464
558.50983 900.04749
582.82983 613.26709
666.47308 809.15771
633.61902 844.06641
671.93018 751.10901
754.68854 695.62506
700.34485 757.76599
762.39343 713.49329
667.32562 709.19818
565.64563 576.89282
566.33838 662.95343
583.19672 662.67896
554.26721 649.33325
588.13641 456.40662
626.32007 436.72870
660.51593 430.44916
688.78436 433.09625
708.39539 442.16159
720.89563 482.46570
794.28448 545.93030
701.60638 523.25134
676.98865 533.27045
645.17706 534.06433
616.19598 528.66327
594.23718 521.90271
578.65289 515.75958
798.53589 538.07251
583.42432 666.02460
549.25641 590.63403
547.86932 669.42200
535.66193 680.66748
548.52264 671.65948
577.72369 671.78296
530.19720 684.57141
528.08459 687.12030
580.34729 496.40967
566.31000 504.07001
556.78601 511.34811
687.71497 475.92587
704.08551 462.61884
389.41589 485.93207
411.08994 485.97192
389.76373 466.18707
367.02936 485.68478
388.71844 505.79547
646.84027 479.11554
669.28406 478.88739
645.92847 457.75079
624.51007 479.20209
647.78949 500.56805
