511.04761 722.91516
506.76312 627.28564
510.09152 656.95715
487.77298 544.95081
506.10907 600.79059
506.84848 567.53705
509.63223 488.07474
347.90796 484.12195
509.46799 428.11429
508.76367 394.58533
509.04114 276.19775
511.39053 734.94025
511.93491 747.68671
512.66901 756.36523
512.34094 756.97028
512.56952 769.48511
512.94684 784.23859
513.53088 800.03784
515.13104 825.98157
508.14331 641.65613
489.05978 643.06012
261.63141 403.30957
410.88293 507.71179
387.44864 510.09772
365.23962 509.00601
338.09448 494.66776
431.33084 501.39160
373.87366 437.56104
400.89661 440.26938
349.45013 441.33981
334.69281 450.49591
316.54944 513.15112
425.85983 865.46564
340.47870 477.71863
246.24182 512.92267
289.46942 495.72925
393.57767 618.36426
484.40021 717.81628
488.90292 747.87708
458.29980 729.84467
441.62299 742.12195
469.04364 750.19928
453.14798 753.73767
410.13577 785.68298
487.21283 627.17194
482.95886 602.10950
295.96002 428.53387
441.89606 550.47461
436.90033 627.47540
435.10709 614.41113
321.71265 619.80603
485.16431 571.18250
348.28888 403.71698
316.24756 410.85120
281.60278 355.23212
455.11996 427.57486
425.03467 450.44366
392.73608 762.26703
274.53778 763.05725
456.48676 641.45312
475.21478 648.06219
422.50507 761.16724
428.09213 760.73907
302.58600 393.68939
437.42587 640.54126
393.39771 407.85815
387.84427 386.62692
373.26642 291.77588
294.87634 375.59256
385.37537 335.53992
281.99200 417.23679
273.50085 414.73593
485.97180 734.12500
463.56903 740.73065
447.10751 748.06793
462.51926 646.38275
425.38416 760.98370
435.24225 765.33716
431.15173 760.51605
465.52078 629.59973
457.46436 757.55627
473.13474 756.29193
491.67856 756.05347
483.45758 825.26477
485.26889 798.37976
485.98291 782.59479
487.94458 768.12775
490.86389 756.61633
456.60474 757.64136
451.71817 763.12634
446.54550 770.33936
442.48300 779.08722
416.86118 713.38153
250.02917 633.04633
509.21118 648.62390
444.87854 758.81635
440.03781 761.85516
481.67148 657.96564
447.46313 656.77496
478.62515 653.05811
416.49420 567.45404
376.98572 586.60870
432.30411 627.36609
316.82040 316.93839
330.17340 347.79007
338.85715 382.69977
428.52911 800.89764
445.13629 393.80200
442.86960 333.22836
435.28214 279.90100
347.71198 504.11963
291.21259 533.56946
444.92419 495.11615
311.38159 461.14923
458.43127 531.88416
449.34311 614.89386
262.04288 558.55603
306.72931 552.55786
336.80447 562.09247
382.36621 555.89771
415.67758 543.42664
440.61215 530.40417
487.47556 494.98874
266.07907 614.16852
291.52930 459.21594
496.47906 640.93488
443.44128 575.36713
245.39471 515.86334
459.14035 516.15405
431.55981 630.43103
328.75528 478.99353
448.64532 599.35760
257.73865 696.96808
445.68842 486.07877
466.01331 582.03894
323.42212 815.36566
325.99084 846.95227
246.27542 624.34827
293.62167 783.52991
260.12457 460.29538
420.44781 891.14111
500.34406 647.92847
422.42975 596.54474
269.94739 501.55807
367.57343 492.75040
386.34674 495.02460
430.83127 769.79169
272.73291 667.59424
465.56598 926.05005
393.00806 896.01624
361.86319 876.12482
508.46552 333.44983
518.61591 930.95020
405.98737 493.37445
425.27524 489.74927
438.53525 487.99866
275.15796 455.01431
423.60721 469.85733
402.58685 464.32446
382.06451 463.66760
362.83575 466.78571
351.68542 471.12811
250.64185 454.02820
355.68069 488.55280
510.81439 680.32916
438.11938 695.93671
455.83167 636.18500
479.77664 683.22943
510.16550 458.82025
355.41840 845.90509
386.84985 868.61957
463.30005 907.78674
298.38498 813.06226
438.80234 479.13171
472.07919 535.86371
517.17865 911.45679
426.07733 913.28033
254.83496 683.01276
472.15237 756.65424
467.29254 765.55505
463.54678 776.72003
461.11829 790.60803
452.37140 814.87421
440.16934 757.13373
434.62683 754.90808
429.98627 752.18414
400.75555 736.35602
305.24481 678.43707
473.53342 511.23410
460.55780 466.81161
447.03516 470.01431
445.51633 758.90405
304.56348 743.39575
480.09216 465.71698
438.39587 839.90326
507.93170 540.26154
487.23083 520.95502
508.79855 514.76471
456.21899 577.92377
515.91522 884.62860
515.38147 853.33899
475.20691 852.09796
384.73590 796.61072
412.27316 652.89105
409.19781 821.92035
356.63553 651.01508
390.78973 680.37244
338.47455 695.42236
466.45108 882.16089
443.30704 594.87366
363.38980 816.22180
394.34442 842.29877
366.06070 765.49194
280.84302 712.99603
335.18277 769.96973
268.34882 736.65436
373.99210 716.98004
458.52747 555.12732
457.59836 625.51227
444.94794 635.16821
464.71973 606.84637
439.33124 444.57556
398.46533 428.34109
363.36264 424.99371
335.41165 429.60541
317.88361 440.96942
311.31659 486.97720
242.26389 567.80176
329.19656 524.42462
352.33984 532.02142
383.88391 531.00525
413.86621 524.03430
437.49689 515.16064
453.73126 506.59406
246.80841 574.15839
446.36087 643.31299
470.92218 558.42249
472.00851 624.57831
486.35574 637.66071
473.99097 629.71667
453.91422 651.61603
489.78238 639.56885
493.61829 646.55920
453.61179 486.97040
465.81625 492.45062
472.45700 496.30731
345.46957 474.52893
326.11316 462.01212
528.68591 544.33032
687.05084 487.90222
530.81677 642.41785
789.08002 395.88165
621.39368 510.27728
645.35352 512.36841
668.74023 511.14612
698.41626 496.72266
600.86194 504.22192
657.03552 438.10852
629.07434 440.45746
682.97864 442.64154
699.09058 452.47626
722.11804 512.43994
610.74811 866.11884
695.67285 481.22260
806.48181 508.15704
751.70947 492.36206
634.59296 615.21478
538.48499 716.89307
536.64227 746.87018
567.17365 728.26013
585.88977 739.60205
558.32507 748.32935
575.65259 751.01434
627.13025 784.11786
527.08948 626.70038
529.64948 601.42334
736.89813 427.22650
584.91699 548.06079
585.16571 625.17999
587.71655 611.91479
711.62537 615.26550
529.25879 570.52454
677.36426 402.32578
712.35156 409.86017
759.67035 347.83987
566.34839 425.95789
604.82959 451.19611
644.56140 759.80060
795.19672 761.46503
566.60071 639.70325
547.54578 647.20996
607.83014 756.36963
602.27679 756.12628
726.81470 391.42575
587.10272 638.45276
630.01733 405.58289
633.92896 384.16452
651.82184 286.64413
738.10413 370.32620
635.30145 332.50211
753.08142 414.05103
767.81464 408.98975
538.13733 733.09497
562.76941 739.01001
580.91595 745.41614
560.98688 644.96082
604.93054 756.29376
594.35101 760.80981
599.18127 756.00385
554.12769 628.07739
571.94373 754.60040
554.92273 754.21759
535.19922 755.00586
547.42340 825.18237
542.82935 796.90961
540.75812 781.12402
538.22046 766.70544
535.27594 755.24573
572.02716 754.20703
577.07990 759.44232
582.27600 766.36035
586.71246 774.86560
613.01953 710.85248
819.85052 630.07190
584.89185 754.87872
589.49304 757.60236
540.70935 657.49524
579.14258 655.24103
543.92847 652.44110
611.51642 564.48242
652.16748 582.97314
592.66174 625.06677
716.21631 310.16595
695.94482 343.76257
686.33826 380.68686
606.51758 800.10095
573.50244 391.71033
575.08160 331.37778
585.24701 276.84250
687.68677 506.26019
749.85815 530.22083
587.05054 498.33722
724.48126 461.78357
566.87854 529.92102
569.35754 612.98315
781.52100 553.86346
732.70892 549.52582
700.12134 559.38818
651.37915 555.29041
616.08917 544.63391
589.79932 533.07507
532.92145 494.23419
777.69409 609.74036
746.10004 457.03101
519.91290 640.75165
581.76288 573.01044
819.04773 510.66049
569.84521 519.99951
595.83740 628.10535
708.13727 481.31674
571.28156 597.30341
813.37561 694.74957
586.71503 489.28836
550.55115 580.79688
728.31561 815.37891
733.11023 848.12714
810.31909 620.71667
762.26025 782.25159
787.81604 454.50980
618.65479 892.64343
518.44110 647.66034
604.56964 593.90399
774.08777 495.94284
665.13062 496.43481
645.42615 498.32147
599.01740 764.99805
774.50873 663.68878
572.87024 927.26221
654.68292 898.19543
691.40167 878.26825
625.58673 496.57071
606.38922 492.81134
593.42560 491.18347
765.30884 449.75647
608.75714 471.29303
630.05255 465.08698
651.15485 465.06659
671.09033 468.98801
682.98877 474.10614
807.51080 447.20728
678.07349 492.39389
589.25549 694.02429
566.19824 634.37872
543.18250 682.50854
692.50537 847.08203
657.22003 870.44952
571.86786 908.64441
766.40436 812.50043
593.52423 481.99921
548.52008 534.56189
616.09137 915.14038
804.22736 680.11707
555.16937 754.04968
560.13934 762.73187
564.31116 773.70911
567.68213 787.43542
580.17737 814.45282
589.68109 753.38342
594.68756 751.13928
599.18018 748.44305
632.59271 733.54089
734.57959 674.37305
549.38812 509.96277
568.40991 469.04620
583.89282 472.50848
584.85327 755.22913
742.71667 740.51703
544.43018 468.69516
596.44940 840.02783
531.14374 520.26282
565.24585 576.18823
556.54700 852.26459
654.26324 795.62537
616.72388 650.24609
628.48273 821.68433
674.16675 647.24976
639.76062 677.36218
697.31921 691.86066
566.21210 882.71204
581.00934 592.45496
679.54797 816.04547
646.01904 842.91949
672.45691 763.49426
769.46936 709.70154
707.96185 768.06909
791.22119 734.42651
660.30048 713.93591
564.55273 553.33154
561.45184 623.75330
576.97791 633.12061
550.74951 605.62653
587.98291 444.92667
628.52783 428.44434
664.56085 425.53119
694.25555 430.38770
714.49493 441.89624
727.06921 486.35361
812.01562 563.54034
708.19751 524.13989
682.98425 531.77856
649.54791 531.81610
618.34058 525.84961
594.28766 517.70984
577.46594 509.62988
821.00354 570.08917
577.18506 641.40356
547.71844 557.14526
544.18439 623.62897
531.94946 637.29907
544.40857 628.76965
570.87885 650.02966
527.36041 639.22626
525.74982 646.14636
578.18835 490.32980
564.31390 495.74490
554.92957 500.56839
690.02673 477.95319
709.14240 464.33463
395.08099 475.23615
418.44345 475.09058
394.20593 455.70770
371.52005 475.15161
395.72894 495.00354
641.33386 477.17923
664.68109 477.11960
640.68671 456.42108
618.34778 477.15302
642.08832 497.96442
