151.94492 354.22564
151.21375 320.41210
151.59942 327.95701
144.01204 285.53783
151.30759 310.56071
151.71249 296.54877
152.92894 260.68572
85.04602 250.80604
152.82376 237.72783
153.01826 224.25787
156.05592 161.32578
151.93530 357.13678
151.85760 359.49238
151.78945 360.83713
151.87253 360.94155
152.05461 365.18476
152.18290 370.13890
152.24298 375.37616
152.13781 386.56046
151.32259 324.78136
142.73065 323.15008
52.40524 201.96569
112.59097 260.25829
102.53282 260.98145
92.89025 260.19687
81.33493 254.04011
120.91769 257.97800
95.42455 234.27566
107.26592 235.53023
85.13150 235.51117
79.07878 238.61563
73.09564 259.47442
115.72997 402.18650
81.73547 248.15896
46.58179 247.81563
62.47495 251.52927
105.11689 304.72697
140.57080 351.32872
141.57371 358.30032
130.09088 352.90258
122.34369 354.69234
132.56767 357.60084
125.04066 357.38114
111.33252 367.89975
143.44047 319.72061
142.24410 310.24277
63.81889 229.38209
124.78196 279.27176
122.60741 313.18881
122.18936 307.27563
75.83930 301.33496
142.97927 297.15297
84.92557 221.99181
71.72538 223.87366
60.43624 185.43254
130.44667 233.49079
117.72748 239.43452
103.82789 358.84479
54.52789 343.16545
129.90737 319.22770
137.34889 322.71717
110.63197 357.22799
112.81636 357.48034
66.51815 216.67795
122.57583 316.74194
104.19862 224.53059
101.91386 216.28543
97.92794 164.75126
66.75533 201.04628
103.71162 190.56732
58.89146 223.88122
57.50249 213.21339
140.91132 355.45008
131.31442 355.50447
123.63412 356.07919
132.13714 320.91241
111.75126 357.36620
117.03191 359.95554
114.04638 357.61031
133.79688 317.39603
126.17437 358.36579
133.71694 358.95281
142.30624 359.95805
140.52903 385.60697
141.15932 374.46271
141.35827 369.04810
141.80270 364.19090
142.50468 360.12710
126.35369 358.45746
124.78706 360.24947
123.21052 362.77688
121.96157 365.82295
114.31308 343.00130
45.58295 290.27446
151.51021 326.26908
120.47836 358.05139
118.75150 358.88920
140.30376 326.93386
126.00991 322.46753
138.89745 324.88590
114.89083 284.37383
98.81749 290.81139
120.85590 311.01371
74.74387 172.69116
81.51380 193.02215
81.28583 213.55106
119.04189 374.71988
126.42945 220.59105
127.20216 190.28919
124.15403 161.22220
85.42224 257.92444
63.22128 265.36654
126.12865 255.75739
70.16521 241.32917
131.42886 273.55363
127.76366 311.03656
53.04731 270.97446
68.85486 273.41008
80.40515 278.44849
99.02824 278.05202
113.11958 274.50622
123.27769 270.48568
143.75186 262.51192
54.11779 293.60621
62.61394 239.20338
146.59337 324.22788
125.27698 290.26545
45.15861 243.60698
130.73175 265.98105
120.26395 310.78067
77.33030 248.25368
127.54176 303.82157
48.62508 316.15814
126.12436 252.13840
134.99679 299.56175
74.38985 373.66635
75.19700 382.85129
46.13010 292.35892
62.43346 357.96114
52.01785 228.57517
113.21737 412.27890
147.72577 325.70936
116.92514 296.95290
55.53016 251.89102
93.96623 254.43922
102.35955 255.34817
115.58429 361.36654
55.70039 314.54386
130.58721 427.07059
102.69693 409.57787
90.11792 398.45003
154.62598 191.09102
150.37673 430.22564
110.85920 254.68880
118.81101 253.23178
123.84767 252.64360
56.93813 235.87305
116.93149 245.69711
107.97042 243.39104
99.04317 243.00709
90.77333 244.14691
86.04280 245.85904
47.80814 220.22793
88.58476 252.68583
151.88764 335.81850
123.09367 337.68956
129.71236 317.96084
139.81389 335.89722
153.10609 247.91756
87.57041 388.47311
99.86783 400.37311
129.91309 420.90791
63.78318 365.59964
123.15570 249.40033
137.24778 278.78490
150.21514 424.25781
115.64460 419.69377
48.79760 315.51434
133.94885 359.10646
132.54140 362.21639
131.55904 366.12081
130.91291 371.00891
128.71192 381.02168
118.63397 357.35262
117.14126 356.68681
115.95164 355.96455
107.40771 350.25562
68.05446 322.50416
137.70869 267.35013
132.44933 246.54744
126.80711 246.78929
120.35865 358.03761
66.94690 345.78646
139.73739 247.89760
121.47319 391.37453
152.14725 284.48893
143.75993 274.60092
152.55574 273.00839
130.43037 294.32307
150.66678 413.71911
151.37134 399.57771
136.01457 397.75177
100.49520 371.75093
112.34830 318.55848
110.12454 382.85090
89.27810 316.14121
103.39072 328.74918
81.07148 331.88904
131.80743 410.77379
125.19023 298.83272
91.22937 378.52767
103.26146 391.04900
92.69290 359.22259
58.21449 331.96860
79.60904 358.98448
53.27298 337.09894
95.94062 341.76643
131.39602 284.23170
130.76877 315.75252
125.53086 316.86573
134.44804 310.32485
123.81093 238.25018
106.19104 231.77551
91.14228 230.10532
79.43675 231.29905
72.41328 234.83384
70.70697 249.85470
45.01773 269.79669
78.05671 264.35357
87.47262 268.04285
100.64477 268.67519
113.25736 266.72649
122.84625 263.83285
129.25712 261.15198
44.94392 266.43307
125.96900 318.92444
136.73978 289.06431
137.10256 317.47341
142.06260 321.94102
137.27765 318.45033
128.69086 321.71308
143.73492 323.27039
144.81044 324.80955
129.32658 253.05984
134.10117 256.34228
136.25461 259.00604
83.52790 247.15413
75.86322 242.42271
160.47294 285.89374
221.94431 252.49786
160.78571 323.48990
265.88824 208.28602
193.06102 261.20714
203.75781 262.18832
214.00577 261.92954
226.61464 255.93422
183.85802 258.80564
210.55755 235.52675
198.15021 236.11551
221.37599 237.32479
227.84648 240.76572
236.65672 262.53194
187.13813 404.53083
225.76904 249.88174
268.57566 255.25431
249.14142 255.24343
201.52862 306.73103
163.09627 351.30870
161.88491 358.29762
172.95158 352.83467
179.69352 354.72697
170.24963 357.56718
176.81293 357.37077
194.68299 369.01514
159.13100 320.09963
160.57296 310.63101
244.32689 233.09587
182.36880 280.47373
182.33241 314.24427
183.20010 308.29536
231.63596 305.31721
160.56518 297.47097
220.19016 224.93070
234.61269 227.28086
256.94595 191.15762
173.02997 234.34808
187.08148 239.69806
202.24673 360.24992
254.70714 350.37446
174.77119 319.90304
166.99516 323.06569
188.88187 357.57677
186.77776 357.71826
240.63445 220.20697
182.63271 317.67644
199.83798 226.65312
202.08595 218.50723
215.91487 168.04819
247.90843 205.46339
207.04959 192.43912
250.65959 227.64247
258.26579 218.85221
162.67135 355.46578
171.60873 355.53151
178.33144 356.13964
172.46349 321.43441
187.80612 357.65807
183.58588 359.93906
185.58116 357.79609
170.13049 318.12866
175.51768 358.25288
168.92108 358.83655
161.05979 359.90784
164.35729 385.91892
163.11229 374.38842
162.65430 368.94401
161.97555 364.07349
161.06345 359.99352
175.44547 358.24779
177.14332 360.08204
178.72924 362.59458
180.00194 365.67457
191.77150 343.96065
267.87345 298.31143
180.32603 357.98515
181.96918 358.84871
163.79539 327.19322
179.23095 323.18214
165.27660 325.19984
192.31464 286.04547
208.44669 293.37659
184.75124 312.05899
241.13101 177.37648
231.66549 196.12728
224.11983 216.52564
186.71401 375.65187
176.89819 221.61629
182.39604 191.37523
188.45752 163.01409
222.06516 259.88370
248.45260 269.69035
177.92770 256.61271
238.28819 244.27463
175.63670 274.46573
176.37233 311.98413
258.41090 277.40063
241.15070 277.60359
227.86102 282.11840
207.77229 280.53212
192.88467 276.07074
182.06451 271.62231
162.52292 262.94547
255.40008 299.58518
247.34412 242.80229
156.23273 324.45189
181.16534 291.30803
271.69910 251.08124
173.98692 266.87197
185.64548 311.79300
230.82252 250.19701
177.13336 304.74332
262.86781 323.77533
177.69412 252.97905
169.04285 300.19260
230.83213 379.07787
230.08197 388.47743
265.46367 299.50175
243.98677 364.13239
263.83701 235.08779
188.62060 415.12740
155.33763 325.86366
189.50740 298.32874
258.09299 256.37923
212.26134 255.88845
203.50101 256.51892
185.03425 361.38340
252.59696 320.24087
170.58448 428.58741
200.41820 413.06290
213.96892 402.99509
194.59602 255.59710
185.85410 254.06071
180.24020 253.52332
254.79549 239.58248
188.08170 246.18770
197.76408 243.88791
207.18932 243.94053
215.74584 245.48268
220.75172 247.41159
270.18172 227.03322
217.96474 254.28589
182.66406 338.33760
174.83482 318.69753
164.86827 336.20950
216.55414 393.16391
203.03672 404.28010
171.29676 422.50880
243.22860 372.06050
180.97320 250.21825
168.50726 279.40887
186.41315 422.16769
261.09672 322.33312
168.89716 358.89204
170.47576 362.01490
171.64844 365.91449
172.57461 370.82164
176.64275 381.50338
181.99859 357.40586
183.51848 356.80738
184.78751 356.13179
198.80149 351.49146
239.03148 327.02192
168.99730 268.05328
171.73507 246.88035
177.34050 247.25394
180.29365 358.02809
239.54852 350.78393
164.04144 248.25288
182.51300 392.96088
161.58153 274.97660
174.98370 295.22300
167.40920 398.59731
204.75631 374.28317
193.80946 319.94482
194.47437 384.95036
217.37663 319.12792
203.14887 330.72434
225.43670 335.45015
170.35377 412.13129
180.69522 299.77179
213.47522 382.21676
200.34015 394.17515
212.91629 362.01780
249.39079 337.57272
226.00867 363.01107
254.99049 343.76753
210.47527 344.15338
174.72530 285.10781
173.13628 316.60263
179.15519 317.80358
168.91925 311.02233
180.30429 238.68904
198.48930 233.04076
214.21863 232.06667
226.69486 233.88727
234.72633 237.74624
238.94817 252.84457
268.39919 277.24433
230.67981 267.26291
220.26157 270.60921
206.06757 270.47074
192.62603 267.88881
182.30792 264.70678
175.39626 261.84360
270.37090 274.27557
178.87321 319.72215
168.06071 289.66555
166.10618 318.11025
161.33971 322.42575
166.30428 319.18116
176.26018 322.30737
159.32578 323.63236
158.46725 325.04039
174.48177 253.76678
170.12408 256.82147
167.88184 259.63412
223.60942 248.81434
231.68803 244.65971
101.61666 248.31387
111.87320 248.50319
101.30630 239.24822
91.22045 248.02815
101.83604 257.33208
203.12106 248.96842
214.02660 248.91682
202.70141 240.17532
192.24403 248.85274
203.60240 257.72611
