174.55683 370.66155
175.13596 336.53787
174.82085 345.73445
165.47228 301.62436
174.76077 325.94677
174.20069 311.79523
172.60458 276.16583
99.94353 268.08196
171.34196 249.03138
170.77542 233.93349
170.02468 170.82956
174.69920 374.53018
174.79063 377.92611
174.83715 380.01553
174.90799 380.09986
175.24868 384.77199
175.58274 390.43521
175.88864 396.56165
176.93274 411.63742
175.19896 341.69724
166.50134 341.03413
57.56428 221.84514
128.46352 279.10082
118.00660 279.66598
107.96229 278.77828
95.55558 272.27596
137.41801 276.76224
112.46909 247.61453
124.75306 248.98371
101.56464 249.55772
94.81417 253.80557
86.21720 279.29960
140.26438 429.44924
96.43477 265.08092
53.19395 271.19192
74.15730 271.62019
123.54222 325.33490
162.77325 368.11895
164.26402 377.08946
151.76060 370.91705
144.03481 374.04416
155.09203 376.97056
147.62139 377.40965
131.86757 391.68076
167.36868 336.41691
165.76325 326.29921
78.73980 245.56042
143.73515 298.34842
145.60711 332.56090
144.62435 326.68397
90.02825 323.62162
165.50232 313.08057
102.72192 233.72946
88.31536 237.69339
68.25323 202.61641
149.90986 244.83806
135.45718 253.94761
123.66833 381.36048
64.52017 376.01855
153.16948 338.42792
160.89018 341.50811
133.78451 378.97752
136.03842 378.90716
82.29428 230.97719
145.39277 336.58306
123.00784 235.19018
120.77017 226.53845
109.88833 176.94815
77.36994 217.01098
117.53710 202.13805
72.49585 240.89453
66.09299 231.87124
163.35707 373.26544
153.43893 374.25125
145.79617 375.79530
155.39153 340.11482
134.93407 378.94745
140.13878 381.34747
137.23444 378.90819
157.12428 335.74164
149.01625 378.57931
156.46687 378.69640
165.13600 379.31979
164.14059 411.16918
164.40398 395.73652
164.40552 389.47830
164.69386 383.93791
165.31979 379.49926
149.21320 378.79978
147.72427 380.94038
146.15620 383.89523
144.90290 387.56790
134.93773 363.56829
51.52792 318.78160
175.05156 343.60854
143.51925 378.87851
141.88555 379.95727
163.83063 345.60365
148.59980 342.40431
162.47124 343.65096
132.87585 304.18409
115.32055 311.20622
143.08260 330.88605
84.78171 187.19749
93.78437 206.59018
98.73783 225.36300
140.05261 399.50601
146.08714 230.39925
142.14911 201.00483
137.33549 171.92702
99.95348 276.40594
74.83118 286.66391
143.28190 274.26393
84.57983 258.66161
150.75512 291.75012
150.87071 329.35236
62.74851 294.20649
81.95708 294.61459
95.31737 299.18649
115.22448 298.15002
129.93346 294.09758
140.87218 289.30294
163.43008 278.72977
64.34073 318.09616
75.84210 257.29571
170.49755 341.40260
145.45159 309.43548
48.74758 268.22719
149.09241 283.77189
141.75784 331.05400
91.66911 265.80506
150.10458 322.15884
56.05624 346.76661
143.50220 270.41716
157.53735 316.55545
91.58837 404.97849
91.16831 416.90803
53.64949 319.28954
76.40383 389.65861
59.18522 249.63610
138.38995 440.68343
171.42510 343.25867
136.50546 316.82650
65.25580 273.29643
109.26354 272.18712
117.89296 273.44742
138.59635 383.20110
66.63298 340.86393
157.65088 454.93298
125.12099 440.97073
109.66975 431.37226
170.48348 201.11487
178.34940 456.25822
126.73151 273.11036
135.15974 271.82152
140.73862 271.20260
68.38610 255.07929
133.87377 261.79832
124.68600 258.27773
115.54703 257.50345
106.75957 259.01904
101.56252 261.49786
51.36193 242.42278
103.66984 270.16758
175.42252 353.40714
144.81518 357.59081
152.93414 336.99093
162.95561 354.28557
172.14487 261.87843
108.13160 419.08950
122.53903 430.09864
157.09841 447.72700
76.93587 399.77959
140.44268 266.92370
157.75914 295.88547
177.96397 449.19380
140.63677 449.34379
57.46060 344.49115
156.67870 378.91443
155.30747 382.40512
154.43869 386.84956
153.91713 392.49933
150.74969 406.53895
141.49022 378.02982
139.68188 377.34103
138.16697 376.52021
127.17457 371.50761
81.57725 347.46165
157.24936 284.46081
150.70156 262.25900
144.53583 263.24932
143.36934 378.69234
81.52769 373.97412
159.03321 262.37523
144.62115 417.73960
173.61744 299.97914
164.33863 290.91970
173.09966 288.65503
151.84575 312.54308
177.66041 438.22837
177.17209 424.29985
160.86821 423.56890
121.44343 397.22418
133.06433 339.47373
132.09301 409.03289
106.24442 338.22219
122.92235 350.28743
97.81750 355.75650
158.19144 436.94020
146.47458 318.12693
112.10287 406.50136
125.77032 418.83529
112.24467 383.66870
70.30579 360.05230
97.36002 386.26950
64.11900 367.96503
114.90073 364.06924
151.80106 302.40044
154.10618 334.09800
148.74497 336.11024
157.80726 327.47267
142.21074 251.94381
124.21318 244.24624
108.65122 242.82176
96.23312 245.19703
88.12567 250.33693
84.00042 268.71913
51.92389 294.91424
91.95012 284.06369
102.33254 287.65689
116.25348 288.11188
129.49641 285.99388
139.76290 282.70416
146.83993 279.41065
49.62637 293.06761
149.11942 338.43114
158.16357 306.07546
160.75594 334.89288
165.76525 339.55278
160.79131 336.33406
151.62218 341.29317
167.53783 340.66978
168.55212 342.60580
147.01777 270.91968
152.26277 273.59602
155.13873 275.53768
98.70047 263.40877
90.83117 258.88174
181.83253 301.18141
244.63015 267.08949
183.52757 340.54374
283.79870 220.14264
217.09109 278.69327
227.31541 279.00770
237.11201 277.88513
249.43427 270.37045
208.18644 276.66482
230.27880 247.15452
218.48835 248.75255
241.19486 248.61785
248.19292 252.41669
259.21622 276.70846
213.12548 426.77867
248.12735 263.60388
291.04567 270.00124
270.59782 267.79521
224.71938 323.48791
185.91389 368.09931
185.05587 377.23423
196.77039 371.06240
204.09701 374.39158
193.77278 377.34540
200.65457 377.95431
218.79860 388.30755
182.78502 336.00988
183.69746 325.73826
262.18539 242.97407
203.06435 297.04637
203.83522 330.57461
204.36074 324.60511
257.03738 321.69226
182.85317 312.51923
236.77063 234.63368
251.53895 236.76690
272.98872 200.80665
191.96787 246.69354
208.57136 253.87603
226.01502 377.85022
280.56517 373.07226
196.49344 336.76736
188.98428 340.37720
213.33279 379.94112
211.06715 379.82376
256.65057 228.64187
204.09237 334.47188
217.17663 237.08471
218.08140 227.95308
230.03104 176.03733
265.18248 214.00557
222.93610 200.19698
268.10942 236.57562
277.08571 229.33169
185.70361 373.35041
195.29004 374.59178
202.47172 376.27591
194.23037 338.53742
212.17230 379.89651
207.93204 381.99957
209.79491 379.76918
192.59695 334.65972
199.18927 379.05219
192.41282 378.99541
184.31675 379.43688
189.72924 410.23628
187.25159 395.71309
186.47980 389.40517
185.52834 383.91319
184.35389 379.54181
199.19035 379.27344
201.10140 381.35642
203.04793 384.24870
204.70515 387.80177
215.41241 361.10248
291.27192 317.12087
204.18421 379.49971
206.03186 380.62489
186.19696 344.76062
201.11399 340.52024
187.47956 342.67468
214.15322 302.72452
231.87348 309.65441
206.06219 328.73863
255.94813 185.73764
247.93211 203.78230
239.53616 225.22769
211.62676 396.75522
193.84493 231.94858
198.19889 200.19276
202.41805 171.51069
245.10497 275.15958
271.44446 283.61124
202.33897 274.58212
258.66427 256.14437
195.72886 290.63199
198.42995 327.85170
282.78464 292.59492
264.82966 292.66392
251.88353 298.26525
231.83749 297.86703
216.84109 294.08654
205.71000 289.81780
182.05059 278.21212
281.66460 316.22322
266.99614 253.88250
179.83319 341.16236
202.02099 307.91943
293.01417 266.98363
197.17894 284.90160
207.09444 328.98073
252.94932 263.66967
198.63612 320.58945
287.83526 344.44860
201.99353 270.67825
190.97229 315.47962
257.24726 400.93097
257.10593 412.41653
291.74994 317.46073
271.09942 386.22869
284.45341 247.92632
215.22444 437.58889
178.61983 343.04553
211.35102 315.09895
280.11599 268.56086
235.23569 271.76593
226.80340 273.04213
209.70250 383.79095
279.84454 338.38666
198.55051 452.97971
227.49628 436.58776
240.94263 426.68642
218.29598 272.68035
209.98894 271.56892
204.62149 271.25999
274.34702 249.87013
211.00741 261.42315
219.65605 257.46189
228.66610 256.56598
237.35663 257.88219
242.68271 260.19382
290.01398 240.97902
240.78082 269.54223
205.81448 355.50428
196.65537 335.41900
188.03231 353.44686
242.51059 415.01166
229.01303 426.23825
198.55366 446.04493
269.83038 395.94393
204.81747 267.08450
189.03395 295.00861
213.83536 445.80392
288.34395 342.13201
192.49115 379.16188
194.32175 382.55164
195.81583 386.92984
197.09746 392.51246
202.00806 404.39089
206.09383 378.70033
207.91991 378.00581
209.46463 377.11682
222.72919 368.62170
265.77288 344.97073
188.68462 283.67478
194.06809 262.88313
200.45447 263.52664
204.13655 379.32835
266.31075 370.69232
184.85520 263.92568
208.10839 415.41702
182.01947 290.38860
196.17186 311.27732
193.27221 422.36538
229.10201 393.76194
216.13951 337.18507
219.45801 405.91891
242.03852 336.08127
226.70115 347.97354
250.82987 353.05206
196.93055 435.54415
201.67000 316.37370
238.51746 402.56926
225.62249 415.32194
237.20917 380.27251
276.75532 357.08554
251.51091 382.48501
282.38856 365.12831
234.61857 361.35972
195.33450 301.21845
195.54472 332.82644
200.89718 334.30676
191.52390 326.41573
201.24903 252.69877
217.69774 245.00594
232.72869 242.97626
245.23291 244.45549
253.95365 248.62448
260.65977 265.92260
292.95832 293.55034
253.78874 282.30006
243.59709 286.56738
229.82888 287.47462
216.63144 285.63230
206.37610 282.76686
199.27578 279.85096
292.54038 291.65362
200.52353 336.52802
189.40205 305.16729
189.16418 334.08056
184.39520 339.13925
189.15795 335.64991
198.07038 339.48223
182.70680 340.28322
181.46643 342.18634
198.58662 271.44986
193.50928 274.35849
190.35780 277.03927
245.75282 262.03865
252.68908 257.03346
118.16029 264.70840
129.05283 264.70399
117.79093 255.04092
107.07714 264.66765
118.41549 274.38179
225.04725 264.39644
235.31655 264.03016
223.98581 254.96235
214.87151 264.60089
226.14331 273.78277
