171.38253 356.32801
168.00023 323.48735
170.47089 333.49104
157.85756 292.82320
166.97415 313.57390
166.35503 301.00681
164.12984 269.26918
89.54360 275.67468
161.65082 244.62081
159.24138 229.81824
152.93694 169.31108
171.72517 360.28895
172.18625 364.75277
172.68498 367.98050
175.14603 388.79300
175.64774 395.59658
176.42274 404.13496
177.15619 411.76728
184.36539 415.63558
168.96531 329.03514
160.49611 330.18195
48.49707 236.75379
119.73300 280.76555
110.01239 283.34762
100.39580 283.96946
86.73430 278.87601
127.58055 276.91437
100.36656 253.92020
112.44540 253.92638
89.75766 256.70021
83.43016 261.19622
81.28938 284.96641
151.12077 424.12870
85.50509 272.65256
56.73442 280.12749
70.56929 278.00569
120.29387 322.25789
160.98637 355.98149
163.84190 366.02793
152.07755 363.49666
147.11779 371.28438
157.51298 369.81339
153.20851 374.71024
136.09931 392.02124
160.62657 324.36578
158.25078 315.09755
70.00344 253.24911
137.44839 294.94467
138.88543 324.99464
137.52536 319.92140
92.83131 324.06902
158.00645 303.15127
91.78315 242.26682
78.13750 246.07796
55.60477 216.43547
137.25007 247.62658
123.03742 257.10750
127.75153 379.83891
88.50980 375.75721
146.68898 330.07136
154.34445 331.69980
143.77183 385.67046
146.73316 384.98617
72.69189 239.48597
139.00451 329.29231
110.97804 242.33184
108.48517 234.13973
93.04395 184.10367
65.26318 224.84066
103.06021 203.88763
64.52899 248.43054
56.71662 241.28680
162.15459 361.32619
154.68285 366.89806
149.96577 373.11457
148.98804 331.47449
145.30453 385.39456
147.87888 389.84556
148.03252 384.56833
150.65127 326.15233
155.62424 375.29089
159.67454 371.33703
165.33593 368.70186
169.32626 416.02304
164.99741 411.29143
165.20398 403.66606
166.02486 394.94983
167.38866 388.67977
156.78342 386.99049
154.05537 390.28987
151.04461 394.68661
148.61480 399.06751
131.62730 358.51348
65.37333 326.87221
169.65630 331.46999
153.21790 385.93246
150.53672 387.74797
157.71508 334.87996
142.50874 334.62948
156.15823 333.40247
127.82660 301.55160
112.91793 309.72511
136.29609 324.53656
69.89775 198.44830
80.29082 211.76817
87.82258 234.30253
143.89056 401.44983
132.76187 234.81120
126.61919 199.33137
119.80819 174.90335
91.96797 282.66636
73.32303 292.09939
132.54929 273.63972
75.84233 265.78486
143.70494 287.69962
143.93433 320.64921
68.04095 300.52948
79.73475 299.39137
91.84609 302.55086
110.14588 299.21788
123.48100 293.58170
133.07755 287.89428
155.11658 272.98427
72.48561 322.22911
69.47627 264.54774
164.33675 329.37033
138.47470 304.77843
52.48528 281.01538
140.07373 282.04168
135.33959 325.12905
81.68202 272.97590
142.92119 314.50461
75.61408 350.52504
131.73470 270.04893
150.15197 307.75027
113.17633 401.21384
114.90548 409.64246
66.60008 325.62724
99.75018 388.28220
55.32737 259.13847
152.54287 432.75501
165.83318 331.44559
130.92652 312.73107
64.32151 279.47172
99.94324 278.70626
108.71154 278.14370
145.41434 391.93653
78.60064 343.32936
171.11531 442.09978
142.47544 429.55000
130.03440 421.33086
154.34789 196.07442
190.48947 442.56668
116.92010 275.79093
124.46107 272.75697
129.43301 271.12402
63.75497 262.03629
121.82818 264.35481
112.70015 262.72244
103.79018 263.26427
95.27091 265.67356
90.26732 268.59249
47.65965 256.96440
93.83479 277.52868
171.56495 341.47343
139.13731 350.55536
146.45209 328.37365
157.42200 344.18430
163.25379 256.78377
126.58664 413.32002
138.98019 422.86261
168.92491 439.53658
102.17032 395.84152
128.52114 267.64607
150.18550 289.60294
188.96420 439.74868
155.85450 437.02519
74.82484 348.57680
161.35648 388.01145
158.84084 392.89253
156.62137 399.67912
155.20837 406.71387
154.68228 410.39098
149.97401 379.88648
147.01749 379.40362
144.43267 378.45553
127.76309 368.17786
90.87901 347.61899
149.44363 279.56158
138.76790 262.45812
132.55942 263.96059
152.27502 379.72207
97.64396 373.26604
147.97335 261.61677
152.24984 416.28833
165.76165 290.42086
156.52043 283.48982
164.96857 280.26125
144.50036 305.95948
187.11987 432.06216
185.56165 422.98260
168.19146 423.03372
129.38020 395.15248
128.69475 334.53511
139.78408 406.87255
107.86719 336.64139
121.81788 346.82263
104.83073 354.28192
167.63688 431.81883
139.31241 312.18338
125.07281 402.62889
138.01528 413.76355
120.35899 381.46523
86.07421 360.97407
110.74103 384.08296
85.64580 369.54746
118.33865 361.23562
144.48005 297.14057
147.42387 324.74005
142.15140 327.96816
150.67799 317.42309
129.53801 254.81396
112.03736 249.97053
96.87812 249.87191
85.06078 252.83951
77.75767 257.93688
77.06828 275.27505
60.49678 302.94824
86.61259 289.32279
96.94426 291.69210
109.85984 290.44114
121.86572 286.52739
130.87216 281.90869
136.96837 277.99391
58.38654 303.82860
142.80011 330.50027
150.75238 298.46530
154.13010 324.23620
159.66882 328.61775
154.41609 326.05821
145.37103 333.13661
161.51635 329.11033
162.81159 331.29361
135.55697 270.20349
141.39895 272.18418
144.93449 273.95424
87.53693 270.78220
80.29420 266.34304
173.90698 290.92188
234.02348 258.24401
178.12115 328.58820
274.79123 207.62300
207.35669 270.26927
217.82300 269.69082
227.43981 267.73980
239.00327 261.37505
198.01362 268.81187
219.82034 240.17341
207.65252 242.38378
230.96379 240.95728
238.05821 244.24906
248.81532 265.78808
219.38741 415.08494
237.26628 255.74769
279.27342 253.52991
259.40625 257.40426
218.30251 311.10829
182.51374 354.29190
181.89542 364.72296
194.32919 360.42426
201.65799 367.19424
190.21046 367.65290
196.46786 371.74387
223.49950 381.49529
175.50275 322.58600
176.11432 312.84366
252.83551 234.56781
195.82642 288.07833
198.98740 318.32521
199.61179 312.92779
247.65088 306.51225
175.06444 301.09816
227.86931 226.92763
242.59717 228.69802
261.13671 189.72975
182.77112 241.12800
197.35364 247.78693
227.99096 367.79266
276.18832 353.30847
192.12243 325.19066
185.28081 328.68206
209.27712 380.34675
206.19305 380.32544
247.36180 221.36838
200.37064 322.52967
208.09323 230.18594
209.11645 221.51476
214.73309 167.91644
251.41118 200.83435
207.04152 190.33827
257.82365 228.88502
265.58537 214.85132
182.48627 359.71030
192.37866 364.19305
199.29593 369.48702
190.48352 326.99902
207.69761 380.41369
205.34287 385.00510
204.82892 380.12794
186.22975 322.42706
194.28445 372.67754
188.47714 369.42844
181.29014 367.58267
198.64625 412.17045
189.97037 408.69624
188.23567 401.47790
185.97810 393.28888
183.90214 387.57654
195.89944 384.62504
198.86437 386.86310
202.35482 390.02619
205.37595 393.31147
215.55489 348.51126
286.03070 300.93137
199.78448 382.85768
202.50554 383.82997
182.97173 332.47575
198.75909 328.36457
183.96027 330.68882
206.73482 292.36467
223.18032 297.17320
202.29016 317.12124
241.90457 175.86444
232.53243 191.90272
230.48589 218.19466
218.18795 392.08220
184.81812 226.95126
182.10908 192.32128
186.10261 166.17875
234.94794 265.12162
260.62951 270.82462
191.68469 266.93456
248.56332 247.35216
188.23796 282.49564
192.19178 315.19301
270.76279 276.74855
255.20695 278.75087
243.33051 284.24215
223.62115 285.93799
208.23296 284.06982
196.58585 280.85625
173.55256 270.57382
271.59432 299.44905
256.54969 244.74505
173.50129 328.36953
196.09525 297.92257
285.67765 252.11795
187.83925 276.40074
203.92438 317.37056
242.37080 255.42041
192.64199 308.59755
282.84901 326.21142
190.61032 263.27972
183.93853 303.71022
253.66406 383.62250
255.07512 392.06379
282.44389 300.51571
265.56866 368.34562
273.43133 232.51836
221.57323 423.12133
173.26451 330.70691
205.75726 304.11139
267.84535 258.14043
225.34245 262.08264
217.11026 263.90780
208.10010 386.20527
271.86635 321.18569
208.29476 437.38858
232.21406 417.86282
242.31301 406.90235
208.30746 264.38655
199.56143 263.98402
193.74154 263.90001
262.81430 241.36334
199.39229 255.32662
208.24258 251.84868
217.26327 250.61169
226.05954 251.32204
231.55247 253.09282
282.19487 227.26668
230.50397 260.03834
205.97447 342.54640
191.59943 323.60650
185.69245 340.85203
242.48318 398.35072
232.15443 410.19452
207.49986 434.22921
266.02734 375.60188
193.30792 260.01800
181.41511 285.91250
221.30200 428.47311
281.13480 324.53644
190.68379 386.18448
193.67574 390.13196
196.87825 395.80354
199.57780 401.84354
210.55154 402.96279
201.55396 376.01058
204.29105 374.95435
206.64555 373.51999
222.88827 356.90158
257.94919 328.66461
180.57385 275.89837
183.41336 256.42129
189.01547 256.83231
199.43623 376.22011
260.37144 354.24819
175.61375 257.30796
215.22771 407.91938
173.71392 281.38488
189.96636 300.75099
201.83194 418.45409
231.35655 382.55899
212.80133 324.93658
224.42635 396.00271
234.69949 322.27694
222.63604 335.42346
243.87742 338.52662
205.33086 426.85149
196.56915 305.61244
239.07960 388.39106
229.32992 401.75715
236.48328 367.66442
270.07512 339.72177
248.39280 367.51579
276.23421 347.12074
230.98817 348.51268
188.59559 291.89687
189.08253 320.14916
195.99820 322.10616
184.24157 313.44986
190.72911 246.46825
207.74339 237.94250
223.23617 235.12650
235.91210 236.12493
244.48590 240.13176
249.89816 256.52892
281.84445 277.04357
244.05469 270.78497
234.47186 274.84381
220.89299 277.02670
207.39262 276.65385
196.62064 274.62224
189.19114 272.05002
286.36693 276.34094
196.44223 324.70136
182.05563 294.70546
181.91556 321.04343
178.03235 326.84376
182.35215 323.26030
194.98551 327.66522
176.27545 327.66220
176.04462 330.06601
187.35940 264.04003
183.14351 267.04431
180.92107 269.19740
234.74995 254.50143
242.53136 248.68880
105.48219 269.52042
117.63329 267.74263
104.23083 258.45605
93.30819 271.29512
106.77131 280.57069
215.21111 256.88722
227.72694 255.31549
214.30314 246.56378
202.58153 258.36696
216.11852 267.16611
