128.72576 297.50573
128.28940 267.64054
128.67266 275.04498
121.94199 238.44107
128.21690 258.67750
128.41231 246.90866
129.22123 218.56661
73.43695 217.94351
129.31261 199.78845
129.29745 188.20038
130.22253 138.97391
128.71197 300.21561
128.76393 302.72567
128.88506 304.46403
128.96071 304.86781
128.91625 308.70515
128.89164 313.16903
128.95270 317.70682
129.34660 332.19747
128.48017 272.02196
120.87243 271.06383
42.61967 180.91995
95.63872 223.20172
87.79843 224.36366
80.15944 224.17842
69.92716 220.53980
102.29506 220.81397
83.03339 202.61314
92.07217 202.90890
74.90757 204.37880
69.68415 207.55239
63.27082 224.60126
100.16240 344.90071
70.46526 216.21522
39.71711 219.00087
53.88792 219.28427
88.59894 257.17507
117.54792 294.59256
118.64867 301.16971
107.59447 295.00313
100.65152 295.46578
110.15429 299.74205
103.50424 298.63200
91.35062 308.14475
121.50946 267.20367
120.46101 258.56800
58.18049 201.25246
105.93508 236.55053
102.79786 262.26939
102.67952 257.50948
63.94099 255.38395
121.09398 247.68590
77.15914 193.11893
65.85181 195.86022
49.53619 165.26511
112.61580 199.57194
100.06741 205.53397
84.48645 298.28763
51.80928 301.53770
108.84531 267.46152
115.54806 270.52481
90.88284 295.87223
92.93757 296.54049
61.47044 190.43834
102.53550 265.27110
92.62200 193.85490
91.05324 187.02280
81.79526 143.92597
55.39717 175.77397
87.17101 163.08067
53.45333 197.11134
47.65187 188.01334
117.84157 298.24450
108.77579 297.44361
101.95408 297.01234
110.69474 268.87174
91.91069 296.21099
96.41697 299.79441
94.01040 296.89798
112.75662 265.99391
104.91696 299.92924
111.60620 301.45710
119.64991 303.12749
118.02931 330.73794
117.80117 316.10303
118.03784 311.49788
118.74606 307.16358
119.67125 303.57601
104.99552 300.04592
103.41154 301.50780
101.64126 303.63420
100.29223 306.13441
93.50445 286.07256
41.76337 257.96267
128.64325 273.66782
99.87881 298.58507
98.14440 299.09046
118.03418 273.96989
105.32769 269.87828
116.86345 272.32246
97.28695 241.02874
83.54632 246.16152
101.32626 260.79608
61.92843 152.52665
68.00759 167.09221
74.31763 186.45197
98.28499 316.89005
109.88364 188.83873
106.83928 161.87037
103.76528 139.72534
73.74897 223.09261
54.80883 229.59725
106.57389 218.61602
61.79093 210.77950
111.58892 231.35312
107.73615 260.22239
45.89205 234.90081
60.43366 235.01330
70.65192 237.85750
85.72235 236.92721
96.96841 233.76456
105.29776 230.00402
121.62819 220.58596
46.71723 252.61955
55.45428 209.34762
124.35429 271.59517
105.97840 244.83286
38.48498 218.09176
111.49502 225.79020
100.87588 260.89692
66.74101 216.41056
107.74840 254.35260
45.38920 279.33094
106.39307 215.82699
114.31639 250.28004
67.10207 321.60142
69.45446 332.40546
40.88223 255.99962
57.07665 309.75685
43.52244 202.09819
99.11234 354.82935
125.31044 273.23832
98.68868 250.56499
47.23153 220.30011
81.12360 219.84255
87.78853 219.89688
94.93880 300.75325
48.15998 270.54914
113.92992 368.30578
91.01977 354.12743
81.15851 344.84580
129.64913 162.17668
130.33045 370.70084
94.33072 218.84660
100.51161 217.24587
104.48649 216.44150
49.72084 207.10284
98.77915 211.24553
91.84883 209.86721
85.22963 209.99264
78.71565 211.53386
74.60596 213.51677
39.32566 197.40305
76.61211 218.99926
128.74173 281.44826
101.92788 282.11797
108.78495 266.43197
117.11659 281.10181
129.45847 208.82935
78.14190 333.99354
88.29539 344.39513
113.11791 361.91199
60.24792 319.24041
103.91812 213.82760
116.37295 234.14015
130.03628 364.41861
101.44871 362.43386
43.99680 275.59492
111.69083 301.79703
110.18399 304.45222
108.93069 307.87072
108.15426 312.03555
106.81925 324.84356
98.06733 297.55780
96.47477 296.58313
95.25946 295.66392
87.06595 291.25630
57.40944 274.67867
116.77241 225.39121
112.19071 210.30672
107.19050 211.07034
99.82451 298.58298
58.11606 296.22313
119.15158 210.38287
103.34139 334.41892
128.70545 237.26581
121.75402 229.93447
128.96466 228.24046
110.47621 247.09783
129.79018 354.78332
129.58384 342.85140
115.95736 341.04078
85.21246 313.68949
94.26297 267.66536
93.74472 325.16215
74.78976 266.97444
86.14916 276.13321
67.99031 280.62670
113.77108 352.48495
105.72434 251.23431
79.55874 322.50270
89.90168 334.24164
77.82021 301.54201
50.92339 285.79657
68.53281 305.04841
48.95598 293.60199
79.19230 285.97800
111.42504 239.40528
110.20173 264.39794
105.19368 265.38803
113.69418 259.15994
105.79260 204.18043
92.39781 199.77127
80.80935 199.14437
71.32311 201.07862
64.77692 204.91902
61.14027 217.78361
39.22707 237.30447
67.80491 227.96633
75.93691 229.97631
86.49535 230.02443
96.45691 228.03379
104.21778 225.14009
109.48882 222.44273
39.92299 237.88772
105.42347 267.07860
115.94483 242.05426
115.89190 265.61363
120.31458 269.92553
115.94048 266.86697
107.59064 269.35267
121.79682 270.90628
122.73375 272.50199
109.22835 216.11522
113.48355 218.09315
116.00417 219.67569
72.25718 214.99999
66.33412 211.41271
135.77670 238.51841
187.00308 216.39138
136.85931 271.35464
223.98466 181.91937
164.40054 222.93915
172.71359 224.00838
180.67170 223.67564
190.75743 219.03125
157.21005 220.40092
176.73670 200.53367
167.26162 200.74056
185.21449 202.46431
190.56454 205.72130
198.75388 223.85083
161.69722 346.25435
189.95943 214.08985
226.86022 220.69932
209.06500 217.85870
172.76022 258.22074
140.34787 295.82266
139.38422 302.26132
150.89640 297.50747
158.21638 298.76161
148.33653 301.87076
155.41745 301.52566
169.55679 310.16314
135.26652 267.41678
136.10400 258.70528
202.96976 199.69189
155.18994 236.89583
156.21361 263.10649
156.75005 258.23999
198.88869 257.08182
135.92713 247.76412
182.39083 191.83736
194.39803 194.48692
215.19720 165.86082
145.71675 198.24852
158.92449 203.66908
176.48270 300.59151
217.75427 303.33081
150.00863 268.17448
143.02304 270.99560
168.73454 300.13926
166.58184 300.55546
199.29747 188.81611
156.93568 266.20387
166.33768 192.51285
167.72894 185.81600
179.77356 144.13109
207.87722 176.05119
173.02870 162.87307
208.54613 195.25840
217.38509 188.77542
140.03807 299.41963
149.68796 299.79747
156.94209 300.12336
148.13797 269.55477
167.63676 300.35806
162.86383 303.14490
165.48046 300.76812
145.31123 266.50162
154.04427 302.62515
146.96352 303.37719
138.64527 304.10647
141.52071 331.42249
140.52559 317.06396
140.13392 312.40209
139.48710 308.01713
138.69357 304.39300
154.05571 302.39615
155.71688 303.93849
157.40700 306.13590
158.69097 308.65658
166.46986 287.62360
227.87703 259.83544
159.40102 301.61862
161.14836 302.28951
140.28332 274.35616
154.40253 270.88150
141.57376 272.75710
164.27838 241.62570
178.44370 247.21720
158.53568 261.65118
201.13104 152.88528
193.71270 167.03665
185.35885 185.06441
162.38215 318.51048
148.11314 187.61706
152.55762 161.83998
157.02317 139.86583
187.10780 222.19509
208.54189 229.34758
152.48598 218.17751
199.22812 209.01642
149.03010 231.55004
150.48979 260.78417
219.02491 236.56138
202.26561 235.58777
191.28174 238.87140
175.25629 237.55340
163.54985 233.85977
154.83551 229.89375
137.32777 220.64740
218.21913 254.53803
206.62386 207.69320
132.73096 271.74558
154.58472 245.25312
230.26965 219.83972
148.18947 225.64388
159.61502 261.82695
193.87617 214.34158
150.95528 254.85007
224.39814 281.03631
152.37847 215.23006
143.41654 250.51777
198.41708 323.81823
197.99033 334.42742
226.30473 257.83141
209.21378 311.88299
222.54088 203.36840
163.23679 356.35866
132.01582 273.34863
162.34959 251.27145
217.19809 218.86311
179.35162 219.28118
172.47532 219.70537
164.35734 304.18214
217.03844 272.48474
147.88208 369.21621
173.99327 355.87863
185.14256 346.83654
165.56115 218.68750
158.81297 216.89330
154.47989 216.00086
213.29703 205.05787
160.31678 209.17826
167.61839 207.18424
174.82010 207.39329
181.57566 209.13139
185.64690 211.23253
228.57489 198.81842
183.86362 217.93672
157.65648 283.24698
149.81631 267.11207
141.11222 281.63820
186.62869 336.11676
175.35363 346.32819
148.03675 362.76873
208.44851 321.13680
154.88844 212.73406
142.75061 234.24813
161.91740 363.82728
223.28577 277.41697
147.03465 303.39509
148.52427 306.07487
149.73477 309.54853
150.58455 313.71627
153.32501 326.01103
161.24913 301.02754
162.81336 300.24512
164.03668 299.50477
173.38976 293.27465
206.13200 276.63113
143.02607 225.52810
146.68978 209.34299
151.65474 210.00242
159.44571 301.85367
206.56378 298.30814
139.50381 209.75542
157.92530 335.70645
136.55507 229.96202
148.90055 247.49217
144.18158 341.76356
177.00043 315.61196
166.57338 268.74991
168.20073 326.80227
187.00268 268.51315
174.98679 277.58714
194.50892 282.54013
146.86304 353.27648
154.39783 251.74112
184.01669 324.45691
172.83907 335.96703
184.27504 303.72957
214.58231 287.76467
195.06121 307.17645
218.22405 295.50089
182.29676 287.93668
148.47271 239.66213
147.85565 264.94672
153.56551 266.18632
143.58500 259.50769
152.88905 202.64018
166.57549 198.13648
178.68237 197.68207
188.65595 199.66251
195.56555 203.32231
200.52027 216.15980
227.64792 239.12680
193.84407 227.66046
185.47512 230.09060
174.36217 230.03965
163.82748 227.79632
155.65668 224.76139
150.02842 222.00416
229.48870 239.70384
153.64270 267.92333
142.46891 242.21384
141.39197 265.97315
137.22145 270.24260
141.72499 267.32985
151.67935 270.19522
135.43824 271.12280
134.78936 272.67796
149.60247 215.55112
145.65180 217.55605
143.13599 219.41144
188.02624 212.79306
193.99239 209.43459
86.31407 214.23234
94.56664 213.77620
85.66943 206.76443
77.90947 214.66618
86.89577 221.66208
171.85522 212.49762
180.59210 212.79612
171.80149 204.83961
163.27347 212.12303
171.96972 220.17030
