172.63393 398.27698
169.05679 361.38262
169.40933 370.93531
160.35202 319.30584
168.99597 349.09123
169.23406 332.09167
170.19542 289.67423
98.84369 283.33291
170.33355 260.11968
170.30008 244.39460
171.08829 182.57189
172.71947 402.48105
172.57270 406.48544
172.42405 409.09557
172.28437 409.32127
172.49769 414.87588
172.54627 421.46189
172.49677 428.27699
169.67254 441.86865
169.24327 366.92037
158.46677 365.48994
56.59450 232.87505
127.31824 293.17155
116.53196 294.57836
106.34203 293.96656
94.09639 287.45175
136.65474 289.64835
111.31414 260.76270
123.75890 261.16252
100.33691 263.52984
93.53580 268.18574
84.01111 294.42419
129.91445 458.21843
95.32148 280.17477
51.61466 284.64000
71.46793 285.94208
115.88274 344.58995
159.26649 395.52400
160.37216 405.69082
146.27126 399.21187
137.12200 402.55508
149.74809 405.73710
141.06935 406.26065
119.78300 418.03254
159.81500 360.83223
158.35422 348.99860
77.42189 259.26538
138.56424 314.18348
135.27532 354.05600
134.89584 346.99686
83.92912 341.54987
159.27404 333.16683
102.80071 247.57930
87.83235 251.57886
66.15100 213.29291
149.80754 257.16940
134.58038 265.38835
111.53638 406.22859
66.80629 393.89292
143.24350 361.09319
151.81541 364.96948
124.76575 406.92421
127.30932 407.07980
81.81711 243.72432
135.07871 358.40813
123.23940 248.64332
121.26215 239.12538
108.44671 188.07942
72.85650 227.46466
114.45778 212.65285
70.83130 253.34834
62.51030 242.77057
159.64637 401.26569
148.02930 402.73636
139.04346 404.45061
145.78781 363.05335
126.07959 407.00313
131.79374 409.54425
128.72415 407.16631
148.03566 358.81465
142.62146 407.59491
151.19171 407.70750
161.16535 408.29967
155.04596 441.01339
158.30215 426.95580
158.88197 420.11173
159.78633 413.63709
160.92897 408.45410
142.42902 407.26770
140.35604 409.48426
138.14424 412.59592
136.34815 416.32499
123.99751 387.90951
54.33990 334.24978
169.34862 368.95082
136.05375 407.22831
133.98729 408.23787
155.29630 369.63337
138.96764 364.86108
153.62924 367.38289
127.14172 320.66823
109.03059 328.52103
133.29481 351.63686
82.58718 197.92192
89.37971 216.83468
99.04155 238.10063
128.99349 427.04921
146.46507 241.89358
140.61382 212.07552
136.97660 183.48811
98.37597 291.80871
72.31765 302.39389
142.83489 286.38985
82.78270 272.89263
146.11940 306.91094
141.43756 351.07077
59.04600 309.07182
79.28762 311.32687
92.62708 316.01142
112.80748 314.04785
127.89285 308.86170
139.09210 303.08731
159.97453 292.30709
61.00116 334.44515
73.57816 271.15501
163.46120 366.38227
139.08615 326.97936
50.07326 281.17731
147.60164 296.91793
132.67974 351.46602
90.22325 280.57961
141.43339 342.43937
59.18064 363.41539
143.18250 282.18939
150.05588 336.63653
86.95871 426.69232
89.39355 438.14164
53.48377 335.00635
74.29388 409.38667
56.65338 261.68117
128.42540 469.27617
164.70306 368.38016
129.30082 335.21724
62.02203 287.28020
108.15151 287.42883
116.87488 288.22912
129.84848 411.24486
63.94847 358.44688
148.23724 485.15854
117.69039 467.33783
104.76326 455.32338
170.53251 212.58033
170.50579 487.67752
125.88075 286.97314
134.65717 284.55690
140.42276 283.24362
65.61325 267.92072
133.23988 273.40652
123.58839 270.62252
114.25859 270.87338
105.51118 273.34975
100.39505 276.30634
51.62571 254.25581
102.55821 285.49063
169.38037 379.99839
134.73739 382.07429
143.08466 359.61596
154.34341 380.01004
170.43094 273.96213
100.84692 443.33906
114.09357 456.39159
147.03401 478.43587
77.31500 418.99910
140.08945 278.47835
152.69901 312.14627
170.11257 480.86769
131.50009 477.88168
57.95978 361.37199
150.94291 407.61268
148.89957 411.50493
147.26953 416.43455
146.10979 422.50776
140.42940 435.19600
133.97184 406.73160
131.90292 405.88542
130.21726 404.98606
115.61786 396.13497
76.66978 366.56921
153.22967 298.80586
149.97886 273.67715
143.91933 274.55842
136.08436 407.54843
76.94564 394.18904
158.14668 274.01813
134.75101 446.39008
169.59301 317.68975
160.00640 306.50082
169.89839 304.19009
144.99113 331.13882
169.82984 469.67193
169.69835 455.03956
151.52055 453.68535
110.73839 422.73634
123.54267 360.65301
121.77129 436.18290
98.64296 358.23638
113.26490 372.36781
90.17730 376.67333
148.02885 467.60826
138.83358 337.00719
102.83596 431.20481
116.26239 445.41766
101.86172 407.52069
67.60086 378.66458
89.77224 408.44071
63.98824 386.06400
104.80371 386.98235
146.11539 319.35425
144.69244 356.81992
138.48968 358.39442
149.19672 349.70072
141.70782 263.81874
123.78162 257.15002
108.08021 256.45994
95.36045 259.27233
86.85159 264.55665
81.96434 283.02823
50.87698 309.53073
89.78134 299.75614
100.08108 303.24722
114.26752 303.26402
127.85331 300.19561
138.46719 295.85237
145.73637 291.95542
51.64688 307.20751
138.89606 360.86499
152.20640 324.15332
152.02615 358.56095
157.74225 363.96636
152.16434 360.00774
141.96142 364.02661
159.92555 365.40194
161.08781 367.40149
146.56366 282.67102
151.32829 285.57669
153.91758 287.93545
97.57282 278.42833
89.43836 273.49182
179.02935 319.23483
249.82038 282.53829
180.51817 365.52907
291.90076 232.16695
219.88241 292.46905
230.77856 293.88403
241.21282 293.41681
254.56441 286.60286
210.47227 289.07653
235.48872 258.68763
222.71150 259.89315
247.18755 260.85501
254.64452 265.57355
264.20732 294.00537
210.97433 458.43929
253.65232 279.15652
296.37506 284.39976
276.59063 285.14443
225.90681 344.60128
185.74846 395.57878
184.48028 405.78120
198.34989 399.08196
206.92358 402.30165
194.68000 405.76298
202.93577 406.09650
220.57752 418.16251
178.42802 360.86795
179.70300 348.97594
270.36012 255.35086
203.50820 313.99120
204.47454 354.20863
205.25125 347.04057
259.06606 341.51067
179.37593 333.09383
243.62798 243.56158
259.46111 247.13802
280.98138 212.45973
194.40580 256.23296
211.74142 264.94920
228.93617 406.34189
281.18715 393.08665
196.42442 361.30466
187.66981 365.18976
218.77210 406.32998
216.13641 406.48254
265.37279 239.15577
204.92635 358.64020
222.28681 246.07793
223.82307 236.52095
235.48769 187.42738
272.80824 226.50550
228.08370 211.90036
276.77991 249.93252
284.55091 242.11934
185.45206 401.36830
196.60215 402.72940
205.10683 404.23393
193.82215 363.27415
217.42548 406.41270
211.91366 409.14212
214.71952 406.56700
191.13931 358.88449
201.14111 407.38171
193.00264 407.69366
183.48980 408.37125
184.68576 441.11902
186.39974 427.04348
185.85106 420.16335
184.87424 413.68228
183.45649 408.50270
201.13081 407.05739
203.49893 409.29822
205.80320 412.39945
207.58550 416.10837
216.16182 388.09458
295.39190 333.85916
207.28624 406.82932
209.63743 407.86952
183.97131 369.88101
201.18391 365.19794
185.74606 367.64276
215.11182 320.55010
233.43233 328.48504
207.14513 351.80417
263.11418 197.08427
254.83152 215.85673
247.15906 234.05894
211.14587 427.15941
197.39912 240.97508
200.94152 211.70447
205.81865 183.08964
249.75652 291.17296
275.84436 302.14792
204.14793 285.93937
265.50691 270.56594
195.71409 306.66162
197.83331 351.09594
286.73090 308.92717
268.69592 311.02161
254.65551 315.63715
233.53452 313.61546
217.87363 308.38907
206.08884 302.73642
180.76982 292.18658
284.12141 334.33919
274.26885 269.06463
175.05493 366.42141
202.32923 326.85364
299.87993 280.70076
197.19621 296.48226
208.23335 351.67581
258.75890 279.32736
198.32208 342.40352
289.97781 362.85908
203.95864 281.68689
189.07434 336.56959
256.95474 426.27087
255.83093 437.41976
293.82417 334.66254
270.52961 408.63576
290.93191 261.29860
212.93527 469.50353
174.00762 368.41872
212.32393 335.20990
285.79534 286.84748
239.79169 286.72163
230.77020 287.42613
213.87930 410.83023
281.05451 358.12238
193.22511 485.31245
225.68204 467.15469
239.57346 454.95646
221.63576 286.16951
212.84681 283.90776
206.96146 282.77872
281.98560 266.27129
214.07991 273.64052
223.61295 270.74232
233.06795 270.58087
242.24680 272.56807
247.81824 275.29600
297.58894 253.67903
245.75327 284.76823
205.22504 382.27784
196.41126 359.80612
184.81897 380.21089
242.33572 443.31994
228.13932 456.52181
193.68311 478.67418
269.24272 418.03280
207.10920 278.35076
187.86539 311.98083
210.74590 477.90080
288.79232 360.83261
193.04567 407.56549
195.33666 411.47879
197.08452 416.41749
198.29942 422.50602
199.41923 435.19330
209.72440 406.26277
211.81718 405.42032
213.53998 404.50417
224.64063 396.31804
266.72720 366.29531
188.05673 298.63289
195.51370 273.33340
202.37226 274.30434
207.43764 407.09196
266.84049 393.61019
185.38700 273.66511
205.58954 446.49346
180.03723 306.39016
195.44309 331.08430
188.30530 453.80218
230.41647 422.92245
217.60538 360.84085
219.07537 436.32446
243.33696 358.18405
228.00165 372.50061
252.22215 376.57799
192.10989 467.87670
202.06281 336.92480
239.40317 431.28824
225.15859 445.54473
239.45524 407.66636
277.27602 378.08413
252.77124 408.21315
282.11904 385.30646
236.54134 387.13465
194.89538 319.22672
194.45512 356.85648
201.09899 358.59629
189.44662 349.70677
203.94937 263.08766
222.17489 255.11358
238.54086 253.42269
251.95528 255.81866
261.15415 261.28212
266.50724 282.10551
296.80570 309.31334
258.31888 299.37164
247.21410 302.91949
232.55170 302.78521
218.60342 299.70187
207.73851 295.45583
200.12956 291.49071
298.52140 306.79121
200.81621 361.09191
187.63376 324.03255
186.58777 358.59945
181.09232 364.06832
186.82809 360.11691
197.86432 364.26955
178.71641 365.45640
177.72031 367.43342
200.04877 282.11973
194.11214 285.10593
190.38583 287.51001
251.06813 277.36347
259.20030 271.34311
118.63515 278.45723
130.52911 278.00244
118.52117 267.45022
106.63442 278.92181
118.66531 289.54741
230.01249 278.35166
242.52111 278.80581
230.01901 267.05587
217.57173 277.81106
230.04671 289.65852
