180.43110 374.66225
178.53389 330.85043
178.73611 344.55203
170.12380 294.60713
178.82492 318.76517
179.36519 304.59197
180.90917 271.97345
101.68293 272.17397
181.80782 247.47785
182.50505 233.32454
185.44578 187.00204
180.29480 378.56886
180.06666 381.92675
179.96263 383.77200
179.02559 413.20096
179.04007 417.61399
178.74464 423.58163
178.30095 430.82578
175.91600 443.29078
178.37293 337.90571
167.37213 337.54986
61.68989 232.60111
133.24161 281.05217
121.64772 281.84905
110.79345 280.84702
96.67528 275.46556
143.57660 278.40084
117.58100 248.77052
130.55082 250.27485
105.28581 250.57908
97.13407 255.16984
87.37100 280.87264
128.57242 451.34301
97.79514 269.73282
54.90314 278.38996
75.45456 273.04932
120.63165 322.63527
163.19561 372.35532
163.66830 381.23358
145.83664 376.93263
133.60765 382.27591
149.57216 382.89608
138.43202 385.92476
117.24403 402.25929
168.56134 329.98622
167.55924 318.41813
80.68027 242.47503
145.87228 296.34373
140.02132 326.49160
139.50399 320.92128
87.99270 320.26899
168.71778 305.31314
107.17477 228.54999
91.49860 233.30890
73.61171 212.19860
157.89333 238.99767
141.84969 255.32273
109.57048 385.55211
62.60347 390.24696
148.68661 333.62220
158.57751 338.22429
119.83383 393.84200
122.94954 393.95247
85.28726 226.09963
139.05904 332.00882
128.72406 229.22340
126.84116 220.09344
121.15602 187.65774
80.18949 219.20470
126.21088 204.45684
74.24772 237.90333
68.52293 236.08376
163.09084 377.39688
147.59313 380.24616
135.92662 384.23684
151.46261 336.22770
121.38702 393.88198
127.97561 402.95310
124.44007 394.03139
155.32819 329.63056
140.65355 386.69949
151.50604 384.17646
164.59940 383.08752
156.30088 439.89780
160.55460 428.49676
161.51687 421.39307
162.68674 415.60324
163.99990 411.70854
140.90040 406.24005
138.75366 407.38106
135.98819 410.00542
133.92791 413.69676
124.25193 363.65241
52.17458 332.41585
178.50774 341.23772
133.07493 401.99369
130.54447 402.06623
161.99947 343.25543
142.90563 339.50783
160.35913 340.81660
133.20213 302.12346
114.55467 308.27919
137.06771 326.40773
92.70235 196.55441
98.55611 207.95687
103.11624 219.88751
126.25013 416.17442
154.39773 223.66595
153.52214 205.95963
151.04078 185.25064
101.81396 278.90540
75.97343 287.36105
150.45856 275.59624
86.03542 259.55152
154.57740 289.29417
148.12872 322.08450
62.99348 295.77879
82.79428 293.90148
96.59397 297.35258
118.05959 296.82639
134.60901 293.54498
147.27562 288.94289
170.11785 274.22941
63.45291 318.26808
77.49263 257.12627
172.46698 337.13291
145.22581 306.13956
51.03304 281.00705
156.69977 283.17822
135.99437 327.66236
92.50431 269.25234
147.92152 315.38829
55.17356 360.15547
150.65105 272.20455
158.38903 309.19535
83.80182 415.16846
83.58959 432.78220
53.47366 325.60126
72.01406 398.35725
61.70271 255.90164
125.52566 465.32463
173.80468 340.57352
134.26775 314.10405
66.83755 275.11434
112.23198 275.26678
121.79443 276.15139
125.77903 404.46284
64.20656 342.06601
147.01486 488.75416
111.25082 464.88117
97.80389 450.82770
183.80664 209.08185
174.09650 494.11939
131.50743 275.59315
140.98880 274.10105
147.35756 273.13519
70.04917 255.08854
139.66043 266.67517
129.52285 264.60744
120.25451 264.06362
110.90332 265.09597
104.59653 266.88406
54.72421 254.16614
105.96456 273.72446
178.77302 354.57189
136.43079 356.87148
148.90531 331.42168
160.44605 354.08001
181.22909 260.39474
96.41389 433.44332
110.20397 449.07373
146.85361 477.59773
72.84010 414.56696
147.16323 269.83614
161.78724 290.90266
173.91300 483.12564
126.85026 478.04300
56.01585 351.53824
151.35349 409.37972
149.17041 411.93906
147.10504 416.45000
145.69404 422.45394
138.45302 429.57495
129.43388 389.53049
126.94015 388.65566
124.92199 387.53325
114.88958 373.00587
78.50584 346.68426
162.68732 280.98265
158.48745 261.86618
152.03001 264.46428
131.74198 389.76313
75.94900 377.93260
168.39408 260.11807
133.71500 438.88284
179.90163 293.35753
170.00747 284.83576
180.39711 282.98414
152.11595 307.40204
174.71065 469.24488
175.46711 454.67502
153.33429 450.46174
108.75274 406.35444
126.62338 337.32146
119.55122 424.04923
102.76548 335.76628
115.91348 349.17357
92.78812 355.04355
149.21802 464.13785
144.07968 313.65247
99.99120 417.28575
113.91878 434.90722
101.03799 387.46392
66.30535 363.24345
88.49916 391.15707
61.68972 375.99278
106.15459 363.86188
153.88870 298.52546
151.71466 327.23280
143.65717 330.29360
157.38973 319.61386
148.99349 250.21312
129.82463 242.17499
113.33662 240.78814
99.74126 243.62763
90.28003 249.62192
85.06387 270.82703
52.77551 301.56914
93.11548 285.09300
104.45503 287.93983
119.47322 288.68456
134.15611 286.87561
146.06392 283.48232
154.14945 279.84968
51.01518 306.66813
143.59148 333.71612
160.99542 299.84999
160.30958 328.10859
166.71827 335.18055
160.35690 330.58386
146.64407 337.77941
168.87354 336.23987
170.02601 339.54896
154.84096 271.97519
160.29974 273.63041
163.62928 274.64345
100.75292 268.36329
92.07836 261.06120
189.84907 296.00963
259.35081 282.30127
189.68038 338.82972
302.48033 251.72016
226.82653 287.29391
238.30667 289.33518
249.28293 289.91833
263.93543 286.64960
217.07210 283.62658
247.19787 258.28897
233.99305 258.10422
259.19689 261.62639
266.42721 267.21867
272.71980 294.21079
220.80087 457.78044
263.51022 280.64347
304.97869 297.09753
285.83696 289.00391
238.91149 330.80402
197.36744 373.64329
196.03460 382.28099
213.55482 379.13888
224.65839 384.82424
209.41612 384.59450
219.93570 387.94891
236.37182 409.52076
188.56481 331.32074
190.30157 319.94442
284.70777 257.48470
214.94722 301.50161
217.88372 331.92475
219.00489 326.42112
271.77503 333.09222
190.06450 306.76507
260.79122 239.83793
275.53367 246.70788
292.73122 230.01628
208.17318 243.49522
221.92800 261.63032
244.93744 393.66189
286.34542 405.58235
208.84569 337.69785
198.83743 340.81479
238.00272 396.31978
234.96254 396.34875
282.71753 240.71488
218.45729 337.43064
239.10587 237.80638
242.29551 229.08326
248.87872 198.21154
284.32165 236.48313
241.15688 214.56206
291.48290 254.32450
294.71059 254.57439
196.91551 378.55605
211.51794 382.19152
222.44773 386.45784
205.97087 339.85544
236.49421 396.32390
229.48047 405.65007
233.59073 396.42561
202.10191 332.77859
217.68201 388.61820
207.41678 385.79673
195.04057 384.08672
195.31362 442.46629
195.85481 430.09116
195.64281 422.84095
195.02014 416.94380
193.71339 412.90034
216.15160 408.40743
218.52888 409.91974
221.15095 412.82992
222.87654 416.72494
231.68552 370.16026
300.78546 350.55398
224.02748 404.42744
226.93988 404.64611
195.48305 345.26638
214.25428 344.22901
197.03561 343.10319
227.45927 309.02476
246.17174 317.69362
221.03490 332.23348
275.79053 211.67267
267.23047 222.82974
266.05688 231.92687
226.34674 422.52385
213.92492 228.98599
214.39258 211.00770
219.88546 190.82699
258.40971 289.33054
283.71339 302.79847
210.75164 280.17033
276.88058 273.42101
206.64573 293.25820
209.92578 326.37464
296.40878 312.82920
275.82979 307.75352
261.60541 308.79160
240.25406 305.06530
224.10856 299.43460
212.00002 293.10660
191.75136 275.94894
294.88741 334.67490
285.69528 272.84880
184.36786 337.85505
214.85698 311.15975
307.17069 300.31219
203.41421 286.13977
222.14796 333.65040
268.86749 281.31951
210.77064 319.77891
295.63951 377.23898
211.01280 276.91485
200.44395 312.09007
266.23729 427.83913
263.97451 444.41376
302.56799 343.52619
278.48756 412.65933
300.12605 274.31026
222.23734 472.30865
183.22031 341.08175
225.48414 320.53465
295.08619 292.92455
248.61454 283.84158
239.07331 283.64042
231.40937 407.29139
292.13178 357.95495
200.71489 492.41853
236.32627 472.98805
249.82538 460.64117
229.46874 282.09405
220.24801 279.74559
214.12084 278.22581
293.47395 272.37495
222.90716 273.05891
233.17915 272.24388
242.57114 272.75269
251.68750 274.73525
257.48548 277.18374
306.75378 273.70496
254.94135 283.17526
220.16035 361.99532
208.74355 335.52198
197.03722 356.32798
252.62466 444.52661
238.18388 458.23748
200.57836 481.40604
275.03683 427.89919
214.92439 275.12039
198.96268 293.62416
220.74874 484.36520
297.53568 368.67344
205.87606 411.20553
208.20785 414.13334
209.87022 418.85633
210.91077 425.16829
213.48793 434.33997
228.78616 391.80929
231.02800 391.11593
232.87994 390.21175
240.46583 380.50230
278.84021 360.44335
198.88492 283.84661
204.41150 265.44146
210.56934 269.12752
226.59284 392.09846
277.56637 391.75387
194.65736 262.21759
217.05288 444.44795
190.87904 286.34486
207.36408 311.36028
197.19720 453.39560
243.69787 415.24732
230.85308 344.27916
231.98862 431.51328
256.13651 346.24582
241.01938 357.40224
264.21495 366.60050
199.65728 467.65931
215.12609 318.63224
251.17332 427.71418
236.35820 443.44180
252.78963 397.30842
287.82858 378.63413
264.78006 403.08700
289.96610 392.10226
249.63815 373.09516
206.44907 302.40547
205.89918 330.93920
213.97327 335.13902
200.60165 322.54193
215.52354 255.47227
235.83875 250.10588
252.62563 250.92863
265.75939 255.60719
274.17383 262.89744
276.13031 284.79978
305.16031 320.02682
266.34487 297.26529
254.68099 298.31682
239.59070 296.72488
225.13801 292.95835
213.80333 288.14093
206.35997 283.45200
304.37250 325.42018
213.76939 338.52112
198.76333 302.52141
197.04391 330.49483
190.19657 336.61201
196.91671 332.95118
210.57661 342.02082
188.04834 337.37921
186.95154 340.49666
206.92125 276.06146
201.06891 276.54831
197.53172 276.86954
260.92992 279.02771
270.45753 273.63087
120.05396 269.30468
133.08975 269.34214
119.98129 259.85150
107.10353 269.20638
120.15300 278.54446
239.55631 279.06041
251.53038 280.64160
241.07797 269.54054
227.59260 277.50232
237.99991 288.51622
