201.50227 424.32047
202.15515 378.31404
202.33751 388.77777
191.26867 333.54106
202.12442 364.88258
202.21552 346.82948
202.50031 303.43348
112.07750 296.94555
202.28848 272.26416
202.25266 255.52167
202.42237 195.78757
201.52990 426.97476
201.47846 429.15816
201.35389 430.65799
201.39715 430.44537
201.46387 433.38708
201.52515 437.00375
201.52555 440.91622
203.61753 464.53191
202.30490 384.57586
188.86587 383.00583
65.69334 248.64370
148.32912 307.47079
135.80099 308.63150
123.53304 308.15189
106.96142 301.28220
158.91027 304.62734
128.61238 272.22975
143.09368 273.84712
115.14372 274.33147
106.53376 279.36833
96.93062 309.36075
154.43443 485.81388
107.29776 293.49734
60.31027 302.95992
82.54826 300.97597
136.83857 361.17627
186.57248 421.41763
187.89495 427.61244
173.77821 422.67413
164.31509 423.70409
176.48422 426.55743
167.16919 425.93468
141.99001 438.64552
190.84169 377.77482
189.29686 364.71627
88.19901 268.23206
164.26702 329.74720
159.69757 370.24787
159.09418 362.88292
99.17383 358.30884
190.20792 347.95566
117.93407 255.06295
100.10418 259.06682
77.31607 227.35873
174.66873 267.60075
155.60980 279.31027
131.30392 425.94325
74.66551 420.97899
169.35982 377.84801
179.98526 382.03135
149.96912 424.82000
152.61745 425.11708
93.15996 251.03684
159.07066 374.80626
142.23835 257.09057
139.77083 247.01027
128.67058 200.65082
85.34857 239.59814
135.67001 223.61834
80.70404 262.85163
73.27568 256.88081
187.06022 425.04788
175.08776 424.74629
165.69908 424.81060
172.37597 379.87212
151.34785 424.96078
157.78131 427.45659
154.00837 425.30003
176.09341 375.75498
168.56691 426.94952
177.86924 427.92484
188.82227 429.34916
185.56974 463.41671
187.21220 439.64485
187.27989 435.62302
187.80415 432.22991
188.78696 429.24822
168.55043 426.86655
166.83565 428.12671
165.13575 429.96180
163.71559 432.28553
145.60080 406.38672
61.61541 357.83817
202.33294 386.81842
161.44886 426.16617
159.64836 426.69351
184.50476 387.12957
163.66776 381.67119
182.31573 384.68565
150.61954 336.55523
129.31145 344.52142
156.83992 367.88496
97.29752 210.81686
105.19686 227.77516
113.40496 245.35035
153.19887 448.60493
169.98924 251.08711
167.05080 223.81719
162.63287 196.34858
113.01632 305.92133
84.31797 318.15778
165.72615 301.73583
94.33973 285.03184
173.42670 322.02543
168.04661 367.22234
69.88674 326.88344
92.99854 326.62685
109.25465 331.01603
133.35350 328.97904
151.25589 323.97742
164.53705 318.26859
190.21559 306.28314
71.53252 353.05329
84.55784 283.61399
195.21299 383.96554
164.46392 342.69580
57.88418 300.85962
174.44992 311.85395
155.86432 367.95874
101.99686 293.99327
167.76817 358.13973
66.19579 388.93987
165.23394 297.66791
178.83289 351.84121
99.23717 452.97843
101.33768 467.11706
61.40541 356.45573
83.97167 434.92779
66.57934 278.04032
151.77139 499.88595
196.64248 386.20524
152.54410 351.44014
72.04247 303.06694
124.54390 300.92399
135.31290 301.64339
156.08496 428.59110
73.55961 378.83852
176.00042 518.93651
137.08776 498.82966
120.42568 485.66866
202.34495 224.77535
203.81712 522.09683
145.75180 300.77355
155.58811 299.16645
162.05362 298.41396
75.41069 281.12089
153.18016 289.08110
142.19046 285.42262
131.32601 284.42734
120.38546 286.08814
113.73095 289.05998
59.84850 271.78133
117.23301 299.14881
202.51959 398.14405
158.66594 400.01305
169.45784 376.35661
183.66396 397.88360
202.39908 287.57660
116.62539 471.02599
133.56728 485.54996
175.13754 509.83320
86.91961 446.97584
161.34621 294.24532
181.65775 326.71803
203.72797 512.97782
154.75401 510.54065
65.61644 384.58654
177.78965 427.83536
176.12602 430.07310
175.08701 432.92759
174.41616 436.57117
167.41884 457.33114
159.63165 425.50229
157.98370 424.89017
156.66494 424.27862
135.75928 415.06459
88.85464 385.87233
182.10648 313.33192
174.83072 287.87381
166.75508 289.52137
161.52639 426.21863
87.71755 416.66130
186.43555 287.35625
160.57739 471.17791
202.37196 331.83376
190.61716 320.47430
202.46632 318.01506
172.11664 346.56762
203.63178 498.55665
203.56586 480.60089
181.48975 478.89951
130.38805 445.11199
145.08816 377.82577
144.33296 460.03165
115.84175 375.61002
132.88315 390.32662
104.77045 395.76250
176.99600 495.89843
163.98212 352.84479
120.05295 455.99090
137.20781 471.81674
119.13067 428.36612
76.80183 400.80774
103.50559 430.93003
72.08698 410.76776
122.42840 405.78928
173.38568 334.57640
172.07487 373.49813
163.72051 374.92441
177.91805 365.71386
164.32150 276.38043
143.05672 267.74756
124.43615 265.82226
109.09111 268.43200
98.74044 274.65417
93.66819 297.21469
59.12872 329.47890
103.98773 314.55414
117.22363 318.12160
134.21370 317.99475
150.10221 315.09619
162.41795 311.10835
170.85567 307.23470
59.32076 328.97962
163.90699 377.46023
181.31123 338.93436
181.32524 375.39862
188.17167 381.44601
181.33417 377.12938
167.51881 380.76922
190.87831 382.94075
192.12669 385.07378
169.97665 297.99071
177.22099 300.55266
181.60774 302.47268
110.05035 291.47677
101.27302 285.70750
213.53476 333.60913
294.39270 299.30298
215.99609 383.02968
339.30092 251.00198
258.19710 309.93419
270.53497 310.96303
282.59407 310.56376
299.28265 303.47130
247.93953 307.13325
278.21053 275.98978
263.98540 277.38423
291.43681 277.93317
299.85119 282.66166
308.80951 311.86036
252.63687 486.70210
299.13914 295.83968
345.15411 304.95191
323.01369 304.22173
268.41576 361.87484
216.95877 422.16835
215.56408 428.35665
230.18288 424.22577
239.35143 425.80819
227.08805 428.00299
236.11458 427.82217
265.24609 439.13682
213.55770 377.81338
214.97391 364.77343
317.09915 272.82778
241.12698 330.15040
245.01236 370.71970
245.66341 363.33585
306.00971 359.29909
214.31026 348.00687
288.65784 258.56149
305.80269 263.53315
327.27535 229.63966
232.15160 267.78885
251.51466 282.54295
275.57049 426.44606
330.52353 422.70470
235.59536 378.23579
225.06256 382.39078
251.97414 427.72116
249.42474 427.74975
312.87079 256.12057
245.75542 375.34628
264.97520 258.90647
267.49027 249.13922
276.27728 201.90078
318.87459 241.95944
269.04736 224.97001
324.39144 268.02227
331.44180 259.30191
216.45718 425.80838
228.75580 426.31674
237.86381 426.85844
232.59357 380.27529
250.66036 427.74118
244.66160 429.60156
248.09414 427.78837
228.72135 375.87649
234.40117 428.59445
225.37304 429.17638
214.46121 429.99166
221.66561 463.62109
216.35921 440.13363
216.10481 436.11856
215.43945 432.76511
214.45028 429.78638
234.27677 428.38781
236.22982 429.67836
237.87045 431.42564
239.19121 433.69936
260.20531 406.90061
343.88382 360.00281
241.01151 428.08223
242.86293 428.74849
220.62122 387.48838
241.43871 382.31331
222.76424 385.06390
254.70413 337.12345
276.10756 345.29480
248.00819 368.44730
307.53223 212.68137
299.06086 229.92558
293.48976 249.29622
254.04278 449.10459
236.85078 251.46250
237.83165 224.35779
242.43481 196.93193
293.05214 308.23352
322.11372 320.90673
241.34338 304.27258
311.53286 288.33855
231.98830 322.28434
236.55724 367.47597
334.91234 328.49692
312.88395 328.71312
296.24825 332.74670
272.07844 330.57086
254.46632 325.42044
241.27014 319.71901
214.81976 306.38820
333.27950 354.46383
320.86632 287.38245
209.41946 384.01160
240.68478 343.11574
348.05187 303.09652
231.61453 313.17144
249.19781 368.56182
304.50905 296.32940
236.93512 358.43861
339.15489 390.87292
241.80893 300.33662
225.79144 352.00601
306.81206 454.40269
304.27845 468.85983
343.70186 358.11378
321.41277 436.23874
338.66074 280.10988
255.34809 501.12108
208.08353 386.26130
252.58812 352.00607
333.81062 307.36883
281.91143 303.59840
271.17710 304.43271
246.29787 430.76897
331.38653 380.14239
231.37798 519.77503
269.91756 500.46190
286.13453 487.42263
260.89470 303.65556
251.30421 302.10543
245.01087 301.26475
329.67152 285.41084
253.70632 292.97074
264.49718 289.78849
275.13435 288.83110
285.76843 289.96639
292.38815 292.26016
345.62859 274.06722
289.22626 301.60551
246.96484 400.51111
235.47840 376.68350
221.72546 398.19333
289.92676 472.54641
273.32767 487.07991
232.05124 510.46489
318.24596 448.63512
245.68424 297.37279
223.45112 326.86931
252.46750 511.96909
339.31385 386.09159
225.41161 428.92951
227.20490 431.08858
228.31211 433.84143
229.17809 437.38491
239.77680 457.64226
243.20477 427.68106
244.89540 427.24159
246.33736 426.76065
270.58750 415.61041
316.27483 386.91575
223.15128 313.53763
232.15069 289.57622
240.29922 292.13762
241.10672 428.17602
317.70935 417.74927
219.84371 288.21531
246.42513 471.80484
214.35032 320.54119
232.83024 346.91314
225.53806 479.22228
276.19511 445.93512
260.14854 378.45926
262.58270 460.80722
289.49268 376.43332
272.69413 391.02481
300.81970 396.69836
229.97986 496.40273
241.06323 353.24274
286.57032 457.14401
269.68513 472.93207
287.12032 429.19080
328.29720 402.02490
302.45243 431.98639
332.91706 412.10968
283.62244 406.53446
231.72142 334.90294
232.65240 373.63164
241.08177 375.35120
226.56300 365.83819
242.94430 278.20389
264.01402 270.41250
282.29034 269.15494
297.29858 272.12717
307.27978 278.29659
312.24285 300.18064
346.04321 331.28263
301.64585 316.81277
288.38696 320.27140
271.63715 320.00374
255.98610 317.09626
243.91819 313.10243
235.64548 309.04664
346.49857 331.11516
240.90107 377.93034
223.56613 339.09574
223.27122 375.46334
216.57974 381.54193
223.48728 377.24055
237.46819 381.27317
213.81783 382.99151
212.64967 385.13291
237.06696 300.34093
229.39438 302.18863
224.57470 303.68151
296.20956 294.15465
304.89803 288.54410
134.08163 292.43387
146.47930 292.12050
133.89687 281.91506
121.52237 292.73706
134.19670 302.84575
270.69485 297.56710
283.10127 297.73650
270.90622 287.82189
258.30456 297.35631
270.55832 307.19634
