161.43657 375.98729
158.93626 345.19059
160.17440 350.92739
150.19824 305.85121
158.60015 334.55295
158.80672 318.50173
159.58743 277.33493
84.48512 266.48418
159.35111 248.16733
158.92619 232.97246
158.75545 169.86077
161.73034 378.97922
162.08156 381.54223
162.44811 383.14286
162.64255 383.38336
162.80677 387.79343
163.09882 392.85070
163.53187 397.92317
163.85013 410.99276
159.43156 349.34491
149.12799 346.70214
51.36026 214.78274
114.22980 275.06495
104.42302 275.87714
94.60628 275.78419
80.47534 270.05518
122.44312 273.30061
98.05289 247.83420
109.94159 249.48227
87.07664 249.03063
79.86674 252.63436
73.38378 276.15382
126.78512 424.77927
80.21281 263.98201
48.23568 263.00682
62.49084 268.04134
108.64234 323.09552
148.89167 373.37510
150.70796 380.25464
138.53145 374.17615
131.13902 374.56464
141.47006 378.98656
134.19814 377.79765
117.87063 384.78290
150.10154 344.51339
148.50291 334.15416
66.41914 242.89888
129.57851 296.64903
125.99410 333.95615
125.82427 327.20258
77.84229 318.66247
149.13921 319.19857
90.34736 233.55130
75.92483 236.26566
57.80631 197.49984
136.93534 245.47016
120.01113 253.91143
109.26215 374.40654
65.14461 358.54265
133.83800 340.30771
142.67947 344.51796
120.00793 374.27921
122.40203 375.17780
70.94836 228.81699
126.03484 336.71228
110.31158 235.85332
108.74946 226.92993
95.14575 175.32597
63.82568 212.61250
101.67117 200.92123
61.33905 237.29105
56.09691 226.00408
149.60063 377.27224
139.89982 376.66784
132.54127 376.14011
136.36085 341.85073
121.22421 374.73214
126.60407 378.73814
123.64898 375.64225
138.57848 340.44199
135.70556 379.19178
143.04191 380.71433
151.95743 382.15873
150.22559 409.52138
151.20441 396.63352
150.98102 391.44589
151.32697 386.55309
152.15392 382.42813
135.78269 379.14961
134.16370 380.66695
132.54356 382.92805
131.39137 385.64569
118.65569 361.11590
52.13290 304.73563
159.85213 350.27741
130.11386 377.59018
128.32927 378.04433
146.58076 349.01087
129.96452 341.97181
144.71400 346.90008
119.05463 301.67019
101.91642 308.22143
124.49676 330.45477
71.14394 183.97874
78.06728 203.64338
87.14816 224.76696
126.04217 394.31750
133.84933 231.17150
127.80399 200.76271
123.58592 170.95994
85.79307 273.81241
63.48178 282.72128
127.63507 271.23829
70.62095 256.24273
136.55677 290.92421
131.95213 333.24798
54.66914 287.48990
70.10860 290.72149
82.85136 295.64461
102.15823 294.89847
116.48143 291.18253
127.04227 287.01567
149.60979 279.56668
56.48017 310.21435
63.81904 254.21018
153.89606 348.84151
130.00629 308.52611
48.16404 257.32667
135.05496 282.10839
124.09473 329.36429
75.93810 263.95603
131.87728 324.81364
57.01215 330.86998
126.98184 267.51431
140.28697 321.24975
84.23587 392.18496
87.34431 401.16409
50.18409 308.31155
71.71043 375.50410
52.06493 242.68925
125.24097 435.64208
155.32531 349.74846
121.07017 314.96115
55.16193 268.97912
95.26626 269.11002
104.01344 269.39150
125.14964 379.70676
59.45317 331.32645
144.52518 450.86959
115.13309 431.33810
102.42030 418.60371
158.69994 200.87025
165.57040 453.60808
112.21702 268.77535
119.78957 267.93296
124.69222 267.80174
57.85976 251.07853
117.83984 261.63963
109.07664 259.14550
100.32169 258.39127
91.49200 259.36160
85.85086 261.24142
48.58964 233.57525
89.05544 267.97883
160.97285 357.57725
127.84999 357.10044
133.63692 339.59703
146.44069 357.09297
159.77683 261.46763
98.42780 408.30422
111.23466 421.96469
143.03413 445.00823
75.70853 382.25838
124.00890 265.11932
142.72777 297.59312
164.62238 448.24478
128.56593 442.93239
54.81408 331.72691
143.24104 380.84822
141.74575 383.81015
140.77666 387.60308
140.37315 392.27971
136.58858 403.20291
128.22501 376.52815
126.56814 375.44160
125.28503 374.45946
111.86992 366.82945
71.25816 339.92050
143.18793 284.62569
135.90068 261.08908
128.79676 261.80011
130.15266 377.70824
73.01448 363.24182
145.87478 262.00666
131.18571 413.23139
159.14340 304.66849
149.78168 293.45909
159.38007 291.62188
135.42793 313.95121
164.17983 437.48933
163.94065 423.40091
147.15743 421.24403
108.39984 389.47279
116.27509 336.97936
118.93413 402.44807
92.15553 334.60748
107.36015 347.08290
84.75566 349.84180
144.12406 434.46155
129.66491 317.82884
100.33405 397.55746
113.34220 411.81100
99.04453 375.83247
63.72302 348.90994
86.29306 376.71766
61.38866 353.87580
100.35133 358.70384
136.53022 302.82890
135.18188 338.66433
129.10278 338.12907
139.62321 333.67793
127.43858 251.87904
110.20412 244.59346
94.97340 242.55889
82.52464 244.09889
74.03907 248.50493
70.22773 265.96852
47.85396 285.55356
78.76502 280.99911
89.60429 284.49418
103.14414 284.65479
115.70655 282.58223
125.36399 279.81606
132.11360 277.03444
49.89850 280.52655
129.64740 339.47144
142.30479 309.20743
142.60143 341.68053
148.36787 345.99545
142.69092 342.21695
132.68375 341.95398
150.47507 347.72367
151.77135 348.62032
130.95294 268.40405
137.40089 271.75775
141.16965 274.43667
82.56240 262.77772
75.47313 257.25940
168.48624 305.63318
242.42618 264.57627
170.89626 346.41658
280.28541 212.07756
211.14867 274.74694
221.93530 275.06025
232.54672 274.40345
247.13966 268.06895
201.92531 273.21963
226.67762 246.95412
214.02881 248.94927
238.70994 247.62254
246.54834 250.75963
255.62946 274.20975
203.22375 424.54315
246.65466 261.83513
285.29426 260.91766
267.36228 266.22679
216.37485 321.97788
174.52369 373.46142
174.41085 380.36266
187.15636 374.47291
196.27101 374.90035
185.14621 379.20452
193.77013 377.98118
212.27008 383.50020
167.99163 344.30070
169.08969 333.87356
260.81466 240.87110
193.43597 295.83213
195.53825 333.50535
196.09054 326.65780
249.57896 317.10761
168.80176 318.92428
233.64558 233.07877
249.82753 234.82113
270.33786 194.83464
183.71238 246.13668
203.33911 253.68538
220.68401 372.94573
274.69623 357.59701
187.78064 340.03155
178.76395 344.29092
209.91088 374.37796
207.40257 375.18668
255.11104 227.02678
196.45148 336.29193
211.91222 236.23511
213.11191 227.04680
225.39096 173.54548
262.19608 210.01125
217.74127 199.12674
266.42638 235.19639
273.21914 223.60683
174.69753 377.37813
186.25251 376.98559
195.14285 376.42110
185.41778 341.64931
208.60717 374.79150
202.85056 378.60424
206.10309 375.60453
181.44393 340.07191
192.54836 379.19197
183.94607 380.77831
173.95137 382.18969
178.21899 409.30007
176.58271 396.56921
175.92204 391.36697
175.04440 386.49065
174.07314 382.38210
192.65113 379.03760
194.39441 380.51529
196.24160 382.69985
197.74409 385.31655
207.99262 360.23895
286.41841 303.01532
199.14977 377.48023
200.96996 377.94024
174.80384 348.85850
193.27598 341.67975
176.66202 346.73600
204.85728 300.64852
223.20571 306.91472
198.33049 329.91166
253.23501 181.55725
244.80975 201.25160
236.68674 223.84543
203.45790 393.47087
186.27586 231.65796
189.97504 199.80642
194.89165 169.97967
241.76505 272.15590
267.17517 280.84983
195.92872 271.47522
257.08286 254.18704
185.60294 290.26200
188.07315 332.74169
275.84109 285.43969
260.02650 288.81483
246.18430 293.72733
225.00152 293.44892
209.20764 290.03586
197.36140 286.08632
170.23433 279.22357
274.43027 308.39627
264.76917 252.31533
165.04649 348.66390
192.72277 307.81588
288.38222 254.86862
188.29688 281.31640
199.54951 328.77856
251.58088 261.86056
188.63494 324.26312
282.41138 329.54744
196.17625 267.89508
178.76590 320.77532
250.08331 391.70145
249.43969 400.60314
284.46170 306.49539
263.84757 374.74965
279.58183 240.39280
205.43235 435.58988
164.35710 349.59371
202.71861 314.10074
276.23294 267.47022
231.46915 267.96634
222.12447 268.78713
204.57004 379.54634
272.75645 329.80898
187.07420 450.74148
218.65005 430.93957
232.76038 418.23575
213.07082 268.52867
204.52071 267.99212
198.90739 268.13844
271.57142 249.06514
206.40292 261.34909
215.74393 258.42475
225.06881 257.33630
234.46658 257.87146
240.49361 259.40113
285.69835 230.82707
237.87429 266.37388
197.19077 356.46411
187.50507 339.28257
176.53590 356.92341
234.89814 408.09397
220.61900 421.88770
186.93217 444.98242
263.05198 381.43711
199.48154 265.26576
177.62527 297.11515
203.86657 442.60744
280.81962 330.21292
184.10205 380.79666
185.77598 383.67124
187.12650 387.39753
188.19354 391.96531
192.28561 402.57135
200.90324 376.56549
202.46467 375.55477
203.68804 374.64009
216.46915 365.62536
258.83712 338.56494
177.80849 284.15899
186.44901 261.14554
194.11311 261.92963
199.10846 377.63633
259.89604 362.15861
175.30006 261.94190
198.20907 412.87818
169.45602 293.15550
185.77907 313.48444
181.50115 421.05593
222.08316 388.45872
208.77219 336.13569
211.18575 401.76591
234.60059 333.35092
219.33257 346.03433
244.24464 348.55273
185.08865 434.38205
192.70950 317.19953
231.41158 396.79625
217.39406 411.34275
231.15386 374.63352
269.93045 347.60626
245.33996 375.67128
274.94502 352.68361
228.23035 357.48642
185.01437 302.27536
184.71603 338.27017
192.26615 337.76890
178.96709 333.22745
194.78683 252.11104
212.86403 244.50859
229.31628 241.79980
243.09474 242.65403
252.68501 246.53631
258.26629 264.05562
286.14478 283.53199
249.83886 279.16377
238.35460 282.88472
223.68007 283.52021
209.81704 281.85984
199.01519 279.37897
191.41460 276.68747
287.98213 278.29615
192.32578 339.12485
177.39547 308.77523
176.15997 341.32544
171.14757 345.79351
176.78951 341.98050
189.80956 341.67267
168.67084 347.49933
168.06762 348.35916
192.01862 268.70045
185.32794 271.54664
181.17671 273.87855
244.00169 260.72254
251.54151 255.15296
100.69190 263.64775
111.31854 263.57610
100.32146 254.40771
89.88868 263.64933
101.00536 272.81324
226.15165 262.72503
237.63408 262.30354
225.49327 253.99209
214.61475 263.09250
226.74960 271.41937
