132.86201 315.72370
133.20786 298.50398
131.35494 306.30979
126.48376 266.33466
133.48434 288.65021
133.48125 276.04411
133.23452 244.79931
74.01249 235.21694
132.82185 223.76910
133.19275 211.60150
135.21069 153.83509
132.43721 318.47571
132.04662 321.05629
131.80538 322.54988
130.39925 337.60833
129.97593 341.72885
129.35417 346.75181
128.55686 351.88839
130.65720 363.98267
132.78042 303.44416
123.62240 301.65008
46.99619 188.20545
96.14141 244.99230
87.56407 244.84862
79.58033 243.42507
70.14954 237.72716
103.70831 243.68785
86.58766 219.88026
96.30615 221.66017
77.51467 220.72953
71.51636 223.61196
62.34501 241.82882
98.85773 376.66769
71.45021 232.76130
40.40731 231.62762
53.83312 235.17130
89.00179 281.26862
120.32696 312.82530
120.27683 319.23627
107.89501 313.21463
99.59610 314.07098
110.29140 317.84228
102.75169 317.17969
88.32848 336.14327
126.35056 297.63237
125.91419 288.07124
60.69008 215.78826
107.51272 260.30188
105.28221 289.92196
104.82822 284.46171
62.12946 276.62359
126.01181 276.30089
81.48354 208.78335
69.38925 210.59619
56.29755 172.83517
117.58358 219.99941
104.34420 226.05118
81.65199 324.80435
44.73845 321.48965
110.98686 296.29920
117.97989 300.34975
89.26849 316.79248
91.72199 317.53052
65.63702 204.72936
104.52444 292.89406
97.42458 211.24732
96.75831 204.13848
89.14896 154.21482
60.87135 186.90505
93.69667 178.06577
56.40970 211.23271
50.96060 198.12327
120.01328 316.30196
108.97717 315.68932
101.05127 315.69383
112.91771 297.98282
90.54422 317.19095
94.47922 324.51911
92.79917 317.85740
115.81530 295.74514
104.24337 318.08213
111.60913 319.16173
120.88337 320.90096
118.41728 361.76424
115.74137 349.32448
116.93687 344.25440
118.41957 339.40415
119.79361 335.83235
103.85633 328.14833
102.04348 329.44661
99.52784 331.63020
97.47322 334.27272
93.46550 312.55783
37.53559 271.65779
132.00039 305.10859
98.91930 323.88626
96.73410 323.99280
120.63206 304.27431
107.15137 297.80733
119.41990 302.46665
98.53729 263.98646
84.05136 268.26282
103.05679 287.57917
69.65910 161.19563
74.57891 180.07070
79.50754 201.77654
96.59569 346.54962
116.26162 208.35198
112.97035 178.40273
110.24139 151.90255
73.32436 241.12020
52.75229 246.36319
108.77632 242.13176
63.18632 226.49040
113.75456 255.75888
111.01330 288.61506
44.30202 250.76064
57.25113 252.67380
67.13631 256.87292
83.10196 257.72548
95.48098 255.90192
104.88470 253.06789
125.28614 246.31787
43.21026 270.45923
56.84475 224.53159
128.44242 302.63673
107.83287 269.95274
38.52259 228.14807
112.08893 249.43269
101.88046 287.27668
67.69747 232.77147
110.60938 281.77633
39.80204 295.62811
109.35637 239.27096
118.45001 278.28293
62.62350 349.34907
64.08131 360.21652
37.29446 271.95584
51.11452 334.57212
45.13390 213.23864
98.42314 387.22403
128.41278 304.35755
99.81537 275.12718
46.88250 235.59197
81.28349 238.83045
88.19796 240.22638
92.51507 325.28045
43.11756 290.14514
114.00805 401.58095
88.70436 385.93419
77.65160 375.39465
134.74846 180.61932
130.68604 404.56676
95.43308 240.36517
102.46382 239.83293
107.07745 239.68043
51.32767 221.79362
102.06076 232.12433
94.90505 228.86557
87.65499 227.73995
80.43371 228.46369
75.92171 230.18702
41.29234 205.76367
76.88049 237.00258
131.84727 311.33500
102.76812 309.48808
111.05701 295.37094
119.78439 310.18189
132.99156 233.04789
75.10540 363.77049
86.26431 375.56402
113.42669 395.47852
53.42022 343.36650
107.05616 236.45213
119.88178 260.57321
130.76397 398.87001
100.48273 395.11191
38.71353 293.70845
110.99316 332.47420
109.06528 334.94348
107.01433 338.67982
105.39883 343.21522
106.29696 355.42884
96.52977 317.03993
94.86580 316.11753
93.44982 315.07636
85.71751 317.41574
53.79015 296.78477
119.65473 250.56069
115.86811 233.17026
110.79929 233.69850
98.16147 317.67001
53.05847 320.29534
122.69840 233.60484
101.86810 365.57487
133.39497 265.67162
125.95093 257.02400
133.32127 255.82641
113.02151 273.67891
130.61440 388.88228
130.39970 375.92309
115.59992 373.12924
82.67143 342.15635
94.65443 293.60777
91.36477 355.10569
73.95361 290.79061
86.00487 301.83477
65.72840 304.91965
113.63457 385.54621
107.37511 277.33523
76.72377 351.59369
87.68864 364.79460
75.19564 328.20904
45.11112 307.31220
64.92050 331.57259
42.67668 314.60940
78.18335 311.70695
113.90167 265.11852
113.37135 293.68540
107.67706 293.74044
118.16242 288.23713
110.23802 224.97197
96.83910 218.16388
84.56337 215.99528
74.23691 216.96300
66.97683 220.36711
61.70151 234.00563
37.84241 251.54721
66.29906 245.84241
74.22758 249.20957
85.26615 250.68043
96.14691 250.04532
104.84751 248.17046
110.88335 246.06797
37.50034 249.57257
107.60965 295.38375
119.56358 269.26389
120.01019 295.73710
123.62228 300.60865
119.30998 297.05449
109.70129 297.84100
125.56561 301.75900
125.62912 303.38828
112.10987 239.79894
115.84906 241.92705
117.87163 243.52395
73.40429 231.57780
67.75612 227.38139
140.53894 267.44297
194.06044 244.95438
141.09329 303.12731
217.03217 201.24935
167.55432 251.50337
176.35437 253.03577
184.86889 253.03127
196.41987 247.64704
160.39764 248.63626
185.26531 227.01987
174.33781 227.14070
194.40754 229.41203
199.54250 233.23592
201.81873 253.28142
161.09241 381.54762
197.45052 241.99471
223.53836 245.65489
211.17062 247.25669
175.68283 288.61384
145.26810 314.43064
143.38978 320.63001
155.89840 316.13375
162.66483 317.45488
152.46403 320.24423
159.12792 320.23927
172.57370 344.35475
140.13199 298.73585
141.46557 289.25789
211.50009 227.54174
158.41782 264.24833
161.05476 294.79448
161.87176 289.25879
201.14101 288.29545
141.03161 277.38982
193.53436 218.86889
205.00099 221.79935
209.13700 185.33515
153.85746 224.60009
164.63322 230.40428
179.82925 334.47601
210.98064 333.52515
153.90518 300.08962
146.52386 302.90033
171.25156 320.28098
168.70354 320.88976
209.72260 216.11456
161.14243 297.87718
176.89430 219.34628
179.22455 212.31257
179.98569 163.29647
205.52399 198.47182
174.77268 185.16762
216.01696 223.16599
214.82105 210.98275
144.41917 317.83236
154.13624 318.33975
160.96527 318.86722
151.68137 301.46952
169.94225 320.56809
164.94804 327.82415
167.59632 321.20055
150.29823 298.52645
157.52312 321.12691
150.89825 321.42354
142.33852 322.20979
142.82238 364.12113
141.07292 351.00423
141.38924 345.82767
141.20750 340.82048
140.64411 337.10082
155.97931 331.01976
157.51728 332.48566
159.26147 334.85375
160.35164 337.72131
170.19161 320.11471
221.98437 284.88246
161.05133 327.04266
163.06446 327.21814
143.17051 306.40306
158.06385 302.65417
144.74842 304.80938
167.01370 269.37686
181.00193 276.37601
163.07384 292.65382
197.31846 172.73867
192.25044 189.85877
197.04506 211.87341
164.32938 352.90111
158.21136 213.46285
156.48468 182.46595
160.27519 157.21937
192.09332 251.41492
209.22523 259.57343
155.88249 246.16563
206.09379 237.23477
152.67391 258.73549
156.01891 292.37251
219.10549 264.82685
203.71193 266.01305
193.22044 269.04605
177.15511 266.91530
165.26974 262.59575
156.83475 258.15014
141.33064 247.52364
219.14143 284.72790
211.96323 236.43153
137.28939 303.45896
158.16982 273.97374
223.26050 241.76116
150.80578 253.50241
163.44521 292.48369
200.47737 242.47274
156.50116 285.60742
218.09967 308.22379
156.12946 243.01334
148.79253 280.68006
194.92115 359.44450
191.37703 369.95899
225.02575 286.39805
206.32805 346.48466
219.78413 226.60222
161.69746 391.88579
135.66158 305.01241
165.31746 280.51835
217.01042 248.27912
185.08976 248.49574
177.24953 248.66723
166.48624 328.73400
217.55047 304.04675
146.86958 403.68131
169.24404 391.71617
178.96751 383.04796
169.70867 247.19289
162.65041 245.01927
158.11672 243.90549
216.94370 233.97730
165.37560 236.04291
173.68973 233.46097
182.01576 233.54504
189.68170 235.66169
193.86932 238.40205
221.60740 219.08094
190.44136 246.96920
161.54366 315.16565
154.14024 299.22406
144.59381 312.69559
182.89467 371.84551
172.65930 382.39631
147.65797 397.78989
201.68655 354.43132
159.13765 240.23153
147.16129 262.69295
159.02573 398.98569
221.88343 307.85255
149.07349 334.62490
150.44621 337.34621
151.46175 341.27940
151.75209 346.08922
154.66221 359.86035
164.56890 320.38855
166.20174 319.53104
167.77657 318.69483
177.06253 326.54937
207.18521 309.24809
146.83090 252.68745
151.40728 236.36342
156.15326 237.27237
162.92290 321.12820
205.43266 332.30284
144.53911 236.34913
158.14877 370.60877
141.02692 258.08925
153.74016 277.01640
144.91619 375.86032
177.25468 350.19435
169.93961 300.10571
168.27358 361.76154
189.14246 300.57029
177.67445 309.89073
195.50297 315.68507
147.07695 388.12338
158.86127 281.50101
181.99986 359.55831
171.37848 371.53085
185.13966 337.83911
213.88504 320.50989
193.92975 341.86448
216.10004 327.96603
184.20078 321.20854
152.50809 268.19543
153.01884 296.94300
158.17142 298.27230
149.04499 290.68465
159.42810 229.43051
175.09724 224.71300
188.53695 224.55412
198.70388 226.95704
204.69418 231.07775
204.82555 244.73603
225.44197 265.89171
197.12803 257.22440
188.21136 259.72361
176.76201 259.19827
166.06499 256.39476
158.10081 252.90239
152.79831 249.82150
222.97955 263.07481
157.70279 299.81970
147.33627 271.49660
146.60683 297.80064
142.03182 302.14402
146.83056 299.32428
155.33466 302.07771
140.17273 303.00481
138.73363 304.48024
153.28022 243.27824
149.01981 245.00691
146.61587 246.79777
195.97561 240.36716
201.91498 237.36217
87.47663 232.98718
96.30735 233.47764
88.12586 224.40381
78.54406 232.44883
86.78587 241.54667
178.29380 239.70200
187.71366 240.66186
178.95012 230.94134
168.81981 238.68497
177.58335 248.49908
