184.44353 378.38589
188.92686 334.86201
187.55478 347.43380
181.06128 297.46586
189.53975 323.05848
190.11104 308.16134
191.24452 272.77971
112.29511 266.84400
192.35906 245.05216
193.02757 229.87921
195.41326 178.45518
184.15697 381.89673
183.94102 385.20058
183.95006 387.31697
183.82640 387.76240
183.64462 390.55812
183.41556 394.11959
183.17976 398.53391
183.71179 417.93651
188.39180 341.29020
177.74839 341.00381
64.72402 226.91306
143.73226 277.87354
132.46646 279.15804
121.53879 278.49243
106.93000 270.82795
153.36544 274.68425
126.40728 241.33259
139.40416 242.64699
114.55658 243.93194
106.81173 249.19083
96.30972 278.63620
142.08574 438.94136
108.06280 263.06598
58.83838 276.74537
81.93960 268.99184
132.85751 326.65799
172.71848 375.65477
173.35312 384.15697
160.82458 378.63115
152.38462 381.88138
163.96621 384.32804
156.09216 385.10969
134.99446 399.69458
179.66505 334.31316
178.90190 322.99243
88.84399 236.76461
156.85629 298.35816
154.34951 331.94009
153.76129 326.06058
98.71784 325.43996
179.99401 309.17273
116.22638 222.75917
100.31606 227.51843
78.57956 206.01430
167.31224 234.72457
150.78331 248.33589
126.91299 389.42152
65.77190 389.86219
162.24336 338.46442
170.58313 342.10220
141.73549 387.02684
144.13080 386.95050
92.99957 219.41226
153.60090 337.34665
138.03894 224.05825
136.00990 214.46487
129.37067 180.80723
87.61701 216.06273
135.15846 200.65943
80.79445 231.07523
74.15813 233.10980
172.76723 380.42069
162.35294 381.71298
154.15788 383.51401
164.68004 340.77683
142.96899 386.97805
148.26263 388.23152
145.43056 386.94120
167.69802 334.14621
157.70069 386.21275
165.32886 385.99018
174.15592 386.39843
169.63705 416.97790
171.94080 397.14886
172.33493 392.74468
172.97414 389.43681
173.98626 386.82484
157.38472 386.40027
155.95426 387.60102
154.35690 389.40646
152.93377 391.93204
140.37473 368.97031
54.44196 330.85154
187.98822 344.25200
151.51178 386.68750
149.97804 387.33651
173.66623 346.79725
157.08013 344.60934
172.19331 344.47873
144.53249 305.14244
125.73751 312.40345
151.61832 331.47489
99.31968 190.05764
107.03294 204.65571
111.68062 213.40313
143.82375 406.52282
163.88553 218.93480
163.15660 201.61181
160.25890 177.70398
112.24121 275.78152
83.42476 287.16057
159.63422 271.65624
94.90976 254.04796
165.26449 290.67991
161.29510 327.17510
69.62885 297.66644
92.31756 296.10955
107.98996 300.89668
130.14680 298.85207
145.92455 293.76142
157.61137 288.25276
180.67247 275.29756
71.08762 322.22720
84.62730 251.61093
182.79014 340.67068
157.43541 309.23534
53.22019 277.28083
166.61455 282.18786
150.47540 332.63457
102.33720 263.22385
161.14404 320.15030
57.82318 359.95239
159.40179 267.53186
170.44294 313.33966
91.81316 414.64834
90.93122 430.14235
57.97556 327.06563
78.05484 399.05269
66.02018 253.20751
138.18840 452.43076
183.62402 343.63541
146.93706 317.88095
71.35971 270.85827
123.17672 271.71952
132.55996 272.79017
146.63013 389.60833
72.45788 346.15831
158.78948 470.58337
123.60050 455.51697
108.34426 445.25352
194.15596 203.58547
183.35737 473.20075
141.94864 271.79287
150.92682 269.59418
156.70333 268.46491
75.11051 248.73539
148.75238 258.11573
138.68759 254.37424
129.08084 254.06213
119.83917 256.18775
114.17228 259.07843
56.86777 249.33026
116.79304 269.43846
187.04969 357.79773
151.55309 361.96215
162.34544 336.30876
172.31170 357.95770
191.70320 259.43611
106.83061 429.92206
121.98797 441.46331
158.55911 460.08352
77.37878 413.13165
156.09468 263.84573
172.82526 292.93126
183.19795 462.38312
139.77970 464.20768
61.05825 353.35226
165.07148 386.30101
163.55377 388.25128
162.48518 390.97423
161.67087 394.82641
155.25320 412.54547
149.53916 386.03421
147.59515 385.34285
146.02171 384.54002
131.65353 378.45648
88.40316 351.30726
173.23782 282.08106
167.47755 257.39324
160.55976 259.12951
151.68573 386.60333
85.08054 380.68134
177.79176 257.15976
148.58730 425.66253
190.51027 295.93751
180.69662 286.82226
190.84936 284.62264
164.42638 310.89812
183.47387 448.48898
183.65491 432.31870
165.84510 431.10556
122.98069 405.55720
140.25795 342.11279
134.63220 417.39884
114.19677 340.13944
129.00617 353.88221
103.35321 359.68186
161.24618 446.60967
157.35370 317.71986
112.05461 415.38502
127.05295 428.09998
114.47578 391.15254
74.61652 366.64873
99.28346 393.28689
66.70625 377.35467
119.38884 369.67452
165.43718 300.90077
164.47107 332.09458
157.64530 335.56129
169.53216 324.40069
158.07760 244.75240
139.10747 236.14654
122.70654 234.97118
109.22592 238.17625
99.80800 244.21769
93.36103 265.91236
56.72878 301.60601
103.29239 284.06632
115.39623 288.01146
130.79918 287.98049
144.95803 285.00839
155.90070 280.89164
163.47938 277.15421
53.44776 303.92402
157.67643 338.93518
172.45681 302.88722
171.97908 332.58922
177.25561 338.82143
171.95219 334.80929
160.57138 342.66795
179.34673 339.84445
180.14135 342.79695
163.46960 267.83728
169.35541 270.54535
173.34402 272.94235
110.80772 261.19771
102.02575 255.08823
199.74187 298.15684
265.79202 275.62602
198.07458 341.95846
312.73946 235.07144
237.09453 283.79068
247.31268 285.41510
257.26915 285.26733
270.38288 279.94429
228.46580 280.02318
254.01050 249.74366
242.10991 249.95423
264.94733 253.05359
271.68745 258.70892
280.09983 287.61559
225.96080 441.66112
269.55982 272.82216
316.28152 284.83362
293.82221 279.74361
243.24997 331.21367
196.63160 377.49706
194.97198 385.90389
208.48093 382.48314
216.46227 387.11201
204.53735 387.72915
212.30245 389.83396
234.46628 404.29816
198.00815 335.08796
200.08760 323.82114
288.72541 248.82551
222.03806 300.89633
222.08326 334.95712
223.14006 329.06377
276.95196 332.30270
200.01115 309.90977
264.35567 232.37415
278.84149 238.66536
302.31138 213.96704
216.46026 238.96463
231.45895 254.52452
243.68770 394.81060
302.75610 397.52631
213.10743 340.97777
204.61420 343.83718
226.12932 394.08290
223.74397 393.60042
285.55854 231.80709
221.90679 340.51254
244.31003 231.19001
246.59793 222.07929
258.29237 186.12162
294.19626 223.15304
251.43919 205.32750
296.12579 244.40431
304.87131 240.44517
195.93608 382.23044
206.50831 385.36287
214.46584 388.50269
210.35450 343.06706
224.90869 393.83909
219.62684 394.08499
222.39362 393.34715
208.69482 336.18101
210.57542 390.56601
202.95377 389.06264
194.02292 387.99398
197.78299 418.23147
194.86229 399.02095
194.83923 394.51265
194.61372 391.11653
194.01634 388.40298
210.71161 390.78790
212.15786 392.17617
213.57086 394.20196
214.72208 396.90115
231.74871 373.16402
315.11491 339.44534
216.52595 392.04144
218.01008 392.92737
201.26543 348.20431
217.47524 347.55901
202.88745 346.08499
233.41142 308.58568
251.47443 317.33745
224.50220 334.74385
285.16092 197.16275
277.28424 210.97121
268.91397 223.75080
224.90079 410.09990
220.55410 223.54674
224.62436 204.15666
229.51437 180.73365
265.53264 283.74240
291.75146 296.15030
222.71389 276.52396
282.50429 264.62995
214.72025 292.57338
216.13840 329.62790
306.25043 305.77983
283.36551 303.67756
268.80937 306.70631
248.37463 303.65410
233.78885 297.99246
222.85007 291.76118
201.39103 276.06888
303.73033 330.51316
292.11349 263.19685
193.87294 341.16503
220.55994 311.80469
319.28697 285.64810
214.68998 284.88367
225.25035 336.00093
274.90850 273.24751
216.86481 322.55543
311.09666 368.19159
222.77351 272.48514
208.82923 314.87931
278.49153 420.62776
277.91544 435.89967
314.72124 335.32794
292.72352 406.04511
310.85119 260.91338
229.40719 455.00726
192.31655 344.05483
230.00526 321.32263
303.97741 282.69312
256.22945 278.94445
247.74961 279.43694
221.13912 395.68312
301.08045 354.39693
208.12044 471.94618
244.34505 458.82172
260.29079 449.62487
239.21638 278.10815
231.16546 275.58779
225.69387 273.97360
300.89122 261.39856
232.48577 264.93141
241.54743 262.62725
250.44475 263.06649
258.93158 265.57350
264.05384 268.56015
318.00111 257.60570
261.84106 277.38708
221.49051 365.29609
213.34747 338.83505
201.61464 359.45276
262.44245 434.68286
246.65802 445.12401
208.19110 461.48393
291.25862 419.92429
225.86645 269.29037
207.70937 294.27482
227.58684 466.57516
310.65675 361.47723
203.08355 389.38711
204.38972 391.52504
205.16449 394.36794
205.69309 398.35411
212.70712 415.02425
218.60134 391.73975
220.60886 391.34373
222.36942 390.78217
239.63701 383.39617
285.41349 358.73053
207.83376 283.41590
215.54582 261.42238
221.92476 264.01931
216.39040 391.94771
286.89573 387.89948
205.53705 259.72821
219.67222 428.30083
200.71199 287.54414
214.13637 313.03956
201.67261 432.44059
246.79100 410.37433
234.21148 346.07090
234.33559 421.17715
260.59389 345.94353
244.40067 358.63364
269.81628 366.08740
205.92867 448.07425
220.01308 320.41738
257.69436 420.36415
242.07134 431.93565
256.50200 396.84215
297.94826 374.62364
271.99575 399.54759
304.51585 385.21378
252.86066 375.14156
213.82972 302.86926
212.25822 334.35404
218.29023 338.37848
208.79432 326.05395
224.70235 249.90846
242.62220 243.13889
257.91265 243.39635
270.28148 247.56805
278.57336 254.48538
283.07066 276.18649
316.98110 309.86767
273.63363 292.08431
262.63042 294.47625
248.49886 293.70435
235.37906 290.19322
225.25568 285.49106
218.23530 280.97339
317.25313 312.46686
217.65222 341.77406
207.48603 304.26349
205.32379 334.04447
199.11285 339.83563
204.76406 336.39937
214.31301 345.26591
197.19013 340.65526
195.65645 343.49179
219.02151 272.27744
212.97559 273.93816
208.88347 275.25218
267.05247 270.81276
275.78764 265.15353
132.36976 262.91010
143.34779 262.85799
132.44770 252.40320
121.08909 262.87576
132.14466 273.38781
244.98380 270.07540
255.77936 270.64976
245.77911 260.62573
234.44694 269.43122
244.30700 279.65841
