180.62138 442.76930
171.87849 396.70577
174.37187 405.65323
162.43832 351.27503
171.43000 383.86963
171.71656 365.48238
173.34190 319.08813
96.07758 307.49397
173.43426 287.75174
173.07938 271.38947
172.85049 200.86097
180.75533 446.78547
180.91057 450.63761
181.18517 453.33594
181.14614 453.87699
181.32341 460.30631
181.42904 467.53186
181.59155 474.40155
178.63548 487.57079
172.67151 402.21639
161.39090 400.44578
59.23922 251.23872
130.20226 317.46783
118.82917 319.37311
107.60481 319.54621
92.67015 310.99329
139.36680 314.53316
108.44515 284.12779
122.15139 285.25870
96.87346 286.43820
90.03441 291.13476
84.50342 318.68413
136.29641 501.15054
91.52277 303.05143
54.84509 307.40334
72.70485 308.05157
117.67778 375.89175
166.40965 439.67888
168.32396 449.55634
154.17866 442.00693
145.90824 443.73573
158.06793 448.61714
150.08945 447.84247
124.60043 455.46057
162.07245 396.02615
159.96033 383.69228
75.30964 281.04474
141.35618 343.03174
136.72579 387.26820
136.25086 379.53691
85.46919 371.77706
160.96884 366.49995
98.17379 271.52462
83.89854 274.06629
67.95744 231.75243
148.10127 284.24540
134.26262 290.20506
115.44006 441.52085
72.33744 422.91087
145.43365 394.92016
154.37819 399.32604
134.30222 445.82714
137.10304 446.51819
78.52011 265.11548
136.65134 391.62191
118.94688 274.09899
116.28956 264.05284
108.49922 207.27980
73.90711 248.25638
114.87616 235.37225
69.59366 273.36459
64.03967 263.20544
167.10344 445.20730
156.01126 445.42739
147.83262 445.75138
147.99467 397.04968
135.72981 446.19780
140.83954 450.39344
138.51513 446.82853
150.33882 393.14018
152.02705 449.57082
159.94390 450.97853
169.64186 452.38701
162.10844 485.99565
166.29709 472.72335
166.77546 465.90065
167.90184 458.86455
169.40548 452.83872
151.78289 449.40564
149.15539 451.93041
146.51066 455.13085
144.43167 458.60107
126.83517 422.70655
59.48063 357.89377
173.40931 404.08913
145.84044 448.10370
143.27250 449.21098
158.48215 404.24350
140.68945 398.42582
156.45077 401.89250
130.05560 349.48707
111.33976 357.93203
134.77119 384.23211
83.50927 216.82516
90.13248 238.40164
94.15073 261.23491
134.25604 467.53109
143.29395 268.33555
141.60143 234.87580
137.27579 202.40361
98.14449 316.77058
73.38034 326.93385
144.84812 311.96339
81.22761 295.25975
148.74546 335.85467
142.86446 384.69634
60.70286 335.16658
80.31265 337.78637
94.09678 344.23886
115.53820 342.31849
131.11395 336.72595
141.81623 331.54628
162.40170 321.73422
62.23711 362.42862
73.34915 292.64994
166.52025 401.67669
141.36396 357.26124
55.37031 301.34809
149.81543 326.24403
134.33569 383.61893
87.76155 303.22810
142.71980 375.20512
64.21631 389.34410
144.05155 307.47164
151.38641 369.66099
92.17657 462.87035
95.45794 474.03083
55.60251 361.24995
78.80873 442.91903
59.03866 283.15457
135.20533 513.00290
168.30536 403.52361
131.54453 365.76353
65.35179 307.99531
108.05571 312.48742
118.19008 312.50448
138.67065 451.72313
65.48477 388.02951
156.13491 531.51973
124.29962 508.69808
111.26709 494.21190
173.00373 234.81510
180.28893 535.12784
127.86732 310.64220
136.80132 308.39729
142.12059 307.77284
66.94309 287.68131
132.59573 298.07208
121.98128 294.20832
111.44390 293.75671
101.74303 295.85192
96.28820 298.98666
55.40716 273.35365
101.07487 310.46849
175.24580 415.15894
137.30137 416.91726
145.29301 393.47286
158.38757 415.21498
173.78948 302.07814
106.95072 481.74845
120.42191 497.26086
154.78559 524.54105
83.22111 451.57945
140.31654 303.88548
154.96189 342.78017
179.72490 528.44579
138.45745 522.00862
60.18759 389.52181
159.62959 451.10058
157.08923 455.51400
155.05596 460.82149
153.72948 466.87281
146.27262 478.32573
143.69604 447.12181
141.42942 445.95370
139.63219 444.78063
119.14886 431.03342
78.46861 398.14917
155.68476 328.02160
151.16062 300.23997
144.74180 300.23218
145.94973 448.34735
80.30539 427.40809
159.49570 302.59641
140.89676 488.93968
172.33820 349.71849
162.29012 337.27808
172.85147 334.98701
146.93501 362.68955
179.19682 516.56002
178.94041 501.10020
158.86089 498.60986
115.60091 460.13122
125.12314 393.35898
127.20596 476.02420
100.30010 390.63591
115.54718 405.97896
92.55463 409.98303
155.56334 513.03219
140.76206 368.35097
108.11350 469.13842
122.00056 485.77955
105.72557 442.89096
70.18297 409.71037
93.53991 443.85991
67.29877 416.52889
107.98704 421.11177
148.37650 349.78795
146.60484 390.96617
140.29680 392.02350
150.57652 383.86516
140.94774 289.68029
121.17081 282.06918
104.28190 280.52902
91.46961 282.56321
83.81088 287.32501
81.40305 305.80985
53.61971 334.08647
90.51151 325.23627
102.04435 329.92993
117.21682 329.53278
131.14908 325.96710
141.35910 322.16607
148.19065 319.10716
57.29126 328.91403
140.74261 394.49514
154.10770 355.95170
154.02227 393.32789
160.51651 398.95110
154.56844 394.62388
143.86576 397.82959
162.78862 400.61440
164.32945 402.47433
147.92704 308.70229
153.34564 313.07289
155.85344 317.38869
93.40149 301.32691
86.50562 296.19303
182.95523 351.08922
262.30587 307.42413
186.01412 400.29189
307.82434 247.70589
226.42052 320.47376
239.57338 321.00616
251.95211 319.77622
267.09127 311.40026
215.15432 317.88684
246.02533 284.17469
230.68607 286.10427
259.52719 285.84295
267.59859 290.33750
277.96820 318.66707
225.54796 501.95404
266.45727 303.19817
315.93100 305.03177
291.60080 308.94449
238.03696 374.93565
194.89634 438.87434
193.70049 448.83742
207.69106 440.47105
216.29925 441.73502
204.30916 447.23312
212.50822 445.96838
237.65518 455.22458
182.14149 396.00111
183.29746 383.51226
285.27491 279.87319
212.35218 342.35837
213.58980 386.99774
214.83435 379.11420
274.43254 370.41110
183.09559 366.27668
257.24976 270.18656
274.27679 272.49588
294.12239 228.08027
200.79800 284.78041
217.38409 292.11140
246.56200 440.95623
306.77910 422.24280
204.84022 394.76393
195.19108 399.05986
228.50048 443.15187
225.65084 443.94707
280.32969 264.02217
214.92493 391.32084
233.33269 273.39205
235.52235 263.51008
243.27171 204.45975
284.81663 245.46298
235.13227 233.25161
291.86052 273.65714
299.38541 260.62224
194.53264 444.45754
206.06079 444.01530
214.50047 443.80854
202.29872 396.87066
227.02374 443.58471
222.08241 447.97675
224.20231 444.32281
197.44190 392.98874
210.92516 447.67002
202.73193 449.57565
192.89906 451.67904
196.29692 486.16225
196.87330 472.13511
196.02839 465.22589
194.67730 458.13012
193.00766 452.07699
210.95823 447.50644
213.78172 449.98474
216.49803 453.16090
218.70457 456.66235
230.06454 422.05499
319.97162 356.09283
217.09015 445.95679
219.60796 446.91743
191.25757 404.06344
211.67234 398.15394
193.14419 401.68769
225.01232 348.63522
245.20926 356.80683
217.54425 383.81800
273.65137 213.28081
264.16393 235.78047
261.25982 260.10826
226.86964 467.54795
204.92805 269.00200
205.87351 233.66685
210.74474 200.77217
261.81732 316.79993
291.89777 326.71453
207.81763 315.34516
279.31139 294.95179
203.43981 335.29069
204.98144 384.45005
305.14042 333.23249
284.22045 336.19913
268.57494 341.82449
244.02880 341.16621
225.74635 336.82338
212.27968 331.84925
185.40649 321.44264
303.59203 360.85644
289.15852 292.81908
179.11631 401.65609
211.56225 356.61654
320.84108 298.61349
202.20842 326.25279
219.44843 383.11807
271.49645 303.64492
206.12253 374.82786
315.55042 388.09173
207.30831 311.00839
194.72759 369.38348
277.76295 463.35817
277.96694 474.37671
316.76613 359.59353
293.07354 442.80078
308.22701 280.59178
227.70180 514.19399
178.61328 403.42161
222.92521 365.01229
301.72785 310.50270
250.63513 312.99764
239.62757 314.44951
224.37523 449.21851
301.75926 386.84231
205.61413 532.24161
243.02898 509.72882
259.19188 495.13333
228.46861 313.93025
217.67694 312.39843
210.67957 311.81907
296.98198 289.38481
219.42165 300.18171
231.00994 295.49208
242.90848 294.30011
254.13164 295.92215
260.52277 298.89297
316.10529 270.02968
257.69728 310.35648
217.22868 416.41820
204.28850 393.35493
193.05178 415.10075
261.15299 482.86030
245.24925 498.57967
205.81881 525.31327
293.47546 451.29364
211.13207 306.74425
193.74918 342.39741
225.69548 522.96127
312.80407 388.41012
202.89461 449.67227
205.66545 454.09386
207.84756 459.46232
209.49116 465.63350
213.46020 478.37234
219.05888 444.83374
221.13003 443.56546
222.88406 442.36658
240.38185 430.34154
285.01987 397.04189
194.25781 327.61862
199.23067 302.53030
206.25088 303.10213
217.06371 446.16291
287.30938 426.77511
189.57895 303.44762
220.17262 489.36397
184.28669 337.03202
203.12922 362.32076
200.20130 498.91531
247.78778 460.23711
230.24542 392.60740
235.49648 476.40388
257.83747 389.57462
241.89516 405.14044
268.82156 409.09680
203.98758 513.61270
211.45262 367.78754
257.51480 469.72917
241.96571 486.63603
257.22240 442.54187
298.67788 408.82933
272.02951 443.62398
305.96571 415.86804
252.22757 420.27862
202.59209 349.34706
200.98373 390.83566
209.63758 391.87461
194.65269 383.68819
209.55553 290.99356
231.45117 281.88977
250.53030 279.51415
265.54586 281.10992
275.15192 286.09313
280.11230 306.33249
318.06681 331.98936
271.50166 324.71495
259.04053 329.20561
242.00651 330.06328
225.57474 327.81895
212.85120 324.42002
204.17704 321.07700
321.28328 326.57909
210.03263 394.27176
193.25880 355.65478
191.46900 393.30694
186.13714 399.02774
192.25859 394.66630
207.35952 397.54758
183.25729 400.60751
182.86379 402.35257
203.17757 311.87169
197.47749 315.01905
194.51113 317.58490
263.91434 301.23727
272.25811 295.90393
114.57666 301.55170
126.16615 300.81849
114.23162 290.21082
102.93722 302.27236
114.88176 312.96681
237.66096 303.52699
250.17977 303.06968
237.38487 293.25357
225.27588 303.93164
238.08983 314.00839
