202.79377 469.75677
204.19075 424.56652
204.48933 434.68570
192.56413 375.05505
203.88153 410.48872
203.65002 390.33463
203.23196 339.69209
112.17373 333.49625
202.41451 307.02474
201.82079 289.46008
199.79885 216.45352
202.97047 474.31302
203.15872 478.62048
203.37559 481.50098
203.37055 482.12945
203.63365 488.50837
203.89000 495.94210
204.16821 503.31114
206.13304 521.37311
204.40166 430.60111
191.15221 428.91074
64.75485 276.56179
149.11669 342.99404
136.43515 345.21947
124.09756 345.52039
107.64421 337.90985
159.96723 339.46701
125.96123 308.34088
141.28092 308.93067
112.67527 311.34504
104.74823 316.56399
97.46418 346.38694
158.86093 539.84662
107.19795 329.54168
61.51886 336.80026
82.11840 336.43323
141.14227 405.13270
188.00629 466.17325
190.46757 477.72138
175.14078 470.17287
166.66861 474.26964
179.82084 477.53631
171.49733 478.16852
147.62730 493.84863
193.19532 424.14153
191.23495 410.61483
85.41430 306.38336
166.17479 368.26801
163.38449 416.08235
162.80268 407.76324
104.37378 402.83130
191.79903 391.84257
114.12031 293.97083
96.51936 297.99971
75.32856 254.11064
173.76114 304.20192
155.01949 313.82775
138.15176 480.47661
79.52076 463.93140
172.87319 423.85288
183.03188 428.08580
155.34931 480.71775
158.24301 480.57195
89.03658 289.19528
163.02675 421.10660
139.41547 295.13476
136.55468 284.82613
124.98539 224.61795
84.45482 271.44269
133.56554 254.02979
77.79734 299.61341
72.98012 288.90573
188.96324 472.80013
177.45581 474.23056
168.97585 476.30975
175.82262 426.02644
156.83876 480.66832
162.38142 482.86170
159.76788 480.46477
178.89313 421.31794
173.50805 479.52544
181.86882 479.71733
191.88257 480.66999
188.93898 520.68651
189.16105 501.97257
189.49356 494.58795
190.38597 487.29809
191.68556 481.13071
173.42731 479.39952
171.04443 482.27397
168.64134 485.89302
166.69807 489.96275
152.25986 457.34237
64.31683 393.72509
204.47147 432.71106
167.19103 479.69435
164.77472 481.20068
187.45434 433.49101
167.70161 428.57696
185.27407 430.85203
153.41515 376.23146
133.03505 386.36674
160.85014 413.17102
94.28181 236.28353
103.69961 259.22598
109.10723 283.60320
158.27820 504.31864
168.58360 287.64763
164.92819 252.53067
159.07328 218.58687
113.66884 343.15394
84.53344 355.66351
166.94458 336.33684
93.18100 321.59001
174.82006 359.69436
170.95047 412.67837
72.13583 365.42497
93.86890 366.09291
110.60331 371.62918
134.91983 368.51192
152.40440 361.98250
165.15816 355.75100
191.08246 342.98634
75.69082 395.15217
82.96995 319.66812
197.51610 430.16820
167.19566 383.50484
58.87934 332.26666
174.93147 349.25338
160.05341 412.78452
101.85734 330.03578
170.60474 402.47879
69.88970 427.70400
166.53465 331.64980
180.83364 395.83163
104.40880 503.91940
105.95009 517.32463
64.86271 395.51814
90.04961 483.12241
66.84683 310.31424
155.79220 553.92365
198.88218 432.22408
156.05490 393.51465
71.97430 337.62272
124.78094 337.94085
135.71354 338.00274
160.29522 484.83080
79.45278 423.02054
179.80728 572.97562
140.34822 552.16768
124.03101 537.88357
200.72731 251.90898
207.97749 575.12368
146.44672 336.00998
156.80866 333.42959
163.54311 332.42251
74.20973 315.80133
153.18146 322.67025
141.07515 319.33792
129.55193 319.42994
118.94886 321.97962
112.86055 325.24205
59.84196 301.11781
117.38972 336.08095
204.64611 445.42634
164.04842 449.67161
172.85328 422.15775
186.90216 445.99733
202.94586 322.04773
120.69077 523.49530
137.23932 538.97958
179.21934 564.17628
92.13604 494.08854
162.28832 328.07433
183.06604 366.25616
207.46410 566.32608
158.34223 564.65972
70.12384 426.26455
181.63582 479.85960
179.41320 484.58123
177.66312 490.20254
176.51241 496.83959
171.65863 513.95940
164.86038 479.20512
162.41770 478.47944
160.38975 477.54346
143.20101 467.99842
96.15864 432.30345
183.12155 350.37978
175.21626 322.96405
167.24350 323.91043
167.27085 479.86668
95.03666 464.99349
186.66023 323.75152
165.01682 526.03018
203.52711 372.93936
191.66193 359.71496
203.39504 356.76455
174.51015 388.71198
207.05280 552.24512
206.58062 535.46359
185.34536 534.29812
135.32501 498.80020
149.83973 423.92582
148.69698 514.18316
122.08906 422.07490
139.14614 438.43537
112.43591 444.17931
181.26606 550.38352
167.18090 395.53133
124.52665 508.84541
141.20922 525.29517
125.37649 481.29376
83.50834 446.62008
109.90786 482.24249
77.54093 455.25108
129.97873 456.60433
175.32509 374.57901
174.96168 419.21790
167.29082 421.00290
180.28267 411.31862
163.66350 312.07104
140.88747 304.68668
121.51834 303.90416
106.42405 306.91943
96.85770 312.55001
93.26672 333.14071
61.39824 365.81063
104.85014 352.54129
118.18663 356.56828
135.26093 355.62798
151.03203 351.47457
163.20660 346.90949
171.62613 342.97936
61.06041 362.46053
167.64313 423.84754
183.00539 380.71041
183.81231 421.42596
190.39335 427.28995
183.86667 422.79755
171.27560 427.37428
193.21312 429.08017
194.43953 431.10772
171.03069 332.45414
177.92164 336.12251
182.08477 339.44699
109.59097 327.60766
100.38557 322.22666
214.66072 374.27852
291.35010 324.27359
217.85099 428.00366
342.40952 266.95859
255.99632 338.33822
269.38534 339.53112
281.93035 338.47296
296.83994 328.48890
244.28421 334.70302
275.89760 300.98900
260.44292 302.38915
289.33250 302.92508
297.46479 307.18214
309.51176 337.10545
255.18002 536.87825
295.80620 319.62492
349.12365 327.16796
324.67106 325.44247
267.86201 401.00516
217.60849 464.94791
216.17947 476.71819
231.25179 468.01561
240.07805 471.33011
227.12574 475.71668
235.63614 475.61857
263.20667 490.33322
215.23933 423.44772
216.65840 409.80386
317.64702 295.81981
241.72188 365.54561
245.65361 413.68137
246.16138 405.21078
305.00015 396.16393
215.65521 390.97694
287.23045 286.46902
305.28648 288.76502
329.45423 245.21950
228.69896 302.29873
246.85547 307.97592
272.07561 476.36491
335.95676 455.33470
236.23913 422.04658
226.14292 426.94987
251.82003 476.37534
248.88084 476.53763
312.47566 278.84330
246.09043 418.77720
262.01248 290.09956
264.16683 279.35020
275.64148 219.31638
320.72399 262.57456
268.56079 248.68422
325.38403 288.05237
334.09138 279.55414
217.19147 471.65699
229.20010 472.23989
237.97428 473.55214
233.25005 424.44801
250.30495 476.49064
245.12787 479.33567
247.34837 476.57838
229.96811 419.69851
233.84411 477.06478
225.34492 477.99053
215.23556 479.77025
223.51879 519.68506
219.41792 501.06413
218.41656 493.60137
217.01660 486.32838
215.37712 480.22639
233.79890 477.02229
236.58096 479.69873
239.22787 483.08990
241.37764 487.05496
257.48028 454.21731
349.74072 384.46007
240.09430 476.67519
242.62962 477.93658
221.78913 432.71383
241.58363 426.58423
223.91636 429.93607
254.66721 372.74515
275.49706 381.63133
248.28392 410.61232
308.28358 228.75037
299.86759 251.59044
291.60461 275.12051
253.12901 501.36418
232.50526 285.41537
236.61255 249.77357
240.72865 215.74027
291.63185 334.83907
324.36962 346.11510
236.58875 331.52263
310.48737 311.16515
232.83108 357.45849
237.75032 410.59204
337.84103 356.61958
315.80601 358.29148
299.45892 365.59337
274.57638 364.07353
256.10950 358.21623
242.41940 352.33279
215.65647 341.98473
334.90070 386.64715
321.84940 308.60327
211.33919 429.71559
241.12450 380.96217
352.84973 322.39567
231.95469 346.19273
249.05170 410.16177
301.62941 319.69261
237.94624 400.30356
345.12028 418.74450
235.99113 326.40698
227.10182 394.29086
309.05708 497.03020
309.23172 510.34486
347.73457 386.15991
323.41621 475.15013
342.01469 300.78185
259.03496 550.77188
210.09029 431.85690
252.50507 390.34460
335.82401 325.86177
279.68136 330.69441
268.81176 332.21127
247.40032 481.09157
331.87317 414.62179
236.13934 571.33919
275.37003 547.69331
291.53137 532.24919
257.57504 330.97946
246.46099 328.41303
239.30134 327.34409
331.04279 303.70680
248.51898 316.41451
260.61287 312.86750
272.49676 312.58030
283.33305 314.32522
289.53827 316.66373
349.53861 291.23089
286.65630 327.59356
245.61584 447.37318
236.15250 420.32408
222.68166 445.13081
293.30132 517.96881
277.07886 534.59423
235.91011 562.54558
323.25165 486.10803
239.82697 322.31482
224.39278 364.74384
257.57217 561.49720
342.93594 417.19420
225.46635 478.17129
228.14404 482.77428
230.32803 488.31712
232.05975 494.98011
240.30636 511.74806
242.33185 475.85907
244.61689 474.92122
246.64181 473.82733
266.62949 464.26388
314.48193 424.91382
223.99086 348.80953
228.02124 319.01522
235.16796 318.84543
240.09853 476.75798
316.91082 457.37011
218.14110 321.74296
248.01064 523.38509
215.37758 358.81367
233.70884 386.77782
227.96402 532.98851
276.32492 494.50111
259.54971 420.57713
263.71685 510.62481
287.49252 416.56618
270.71995 434.29058
297.95849 437.99023
233.06751 548.89122
241.44356 393.09900
288.30437 503.65933
272.12414 521.20143
285.56625 476.38255
328.54168 438.31512
301.81046 475.85064
336.01089 446.53375
280.21511 451.88057
232.52083 372.58254
233.83884 417.35288
241.76479 418.84614
227.99446 409.79504
238.32378 307.38002
260.68279 298.53948
280.14999 296.47104
295.60398 298.23120
305.67661 302.78530
311.80206 322.75719
350.29621 356.20734
302.48508 344.37078
289.91547 349.92080
272.42615 350.39329
255.63297 347.12418
242.57103 342.73735
233.63972 338.99502
351.96373 352.88646
241.45008 421.74016
224.63905 379.24554
224.70211 420.06981
218.41438 426.42220
224.87366 421.49606
237.86911 425.54589
215.64743 428.32855
214.53175 430.41932
232.01603 327.67538
226.57516 332.47214
223.73909 336.72996
293.06236 318.32507
302.28996 312.10036
133.44681 327.00127
146.74055 326.03821
132.65356 315.12699
120.07278 327.96554
134.15749 338.99193
268.20396 320.10412
281.44215 319.44848
267.31522 308.18745
255.03536 320.45492
269.16309 332.04586
