205.80257 452.00731
202.40836 416.94823
202.95951 427.84748
192.81398 368.88173
202.49316 402.45239
202.95001 383.09574
204.58274 336.26894
116.52864 327.84425
205.04153 304.26828
205.26149 285.71649
207.57423 210.24531
205.77888 456.10588
205.55492 460.07126
205.34366 462.63562
205.27808 462.84116
205.37925 468.98306
205.30990 476.36169
205.09910 483.94676
203.57429 501.39371
202.60074 423.66046
190.37444 421.77363
67.54735 272.16546
152.31231 340.28421
139.38564 341.58467
127.08524 340.71384
111.52282 332.42291
163.52483 336.90186
132.89283 301.24494
148.02335 302.64067
119.32391 303.91848
110.84693 309.32324
100.73528 340.69626
155.70760 526.49945
112.13067 323.68930
62.71154 333.01251
86.04787 330.82022
139.35033 397.78296
187.73727 448.57662
189.28966 458.73661
170.59379 451.28756
158.89232 454.45536
175.33931 458.25903
164.35859 458.61154
143.79424 475.96908
191.62917 416.19558
190.21583 402.09769
92.40174 299.41282
167.20199 364.87091
162.68661 407.87472
162.44456 399.98027
100.39870 393.83355
191.43840 384.23637
122.36324 285.31146
104.55520 290.09154
79.77199 247.97620
179.46399 297.18043
161.11476 308.65434
132.65084 462.86131
78.17908 462.97094
171.94408 416.29175
182.17395 420.70800
144.14523 459.66448
147.53074 459.82323
97.42633 281.90452
161.97759 412.62712
146.93696 286.41127
144.47740 276.12427
132.36972 216.22469
88.61312 264.43123
139.84374 245.75125
84.68871 293.35081
75.55633 283.36971
188.23726 454.25741
172.96020 455.07842
161.49190 456.59402
174.77122 418.40054
145.87804 459.75866
152.78896 462.88288
149.39161 459.91580
178.02581 414.14761
166.67030 460.09623
177.56118 460.37072
190.56750 461.44221
186.55086 500.63476
187.13554 482.47242
188.05942 474.75661
189.29939 467.40051
190.61946 461.70009
166.60781 460.14188
164.01715 462.82057
161.05228 466.52897
158.61818 470.81930
147.19337 444.10759
64.16522 394.07456
202.78304 425.91519
158.47987 459.98300
155.74674 461.27870
186.34338 425.96997
166.23731 419.84636
184.35107 423.43348
153.24134 371.92702
131.41534 379.79798
160.10333 405.10951
100.58759 228.74206
109.29134 251.24835
117.78548 275.34693
155.13969 485.79819
175.09063 279.70289
170.95931 245.07176
166.83732 210.64230
117.05947 337.81306
87.32715 349.63568
170.85460 333.63461
98.67294 315.25482
176.31458 356.52520
170.37509 404.79917
72.45280 359.44465
95.92687 359.76947
112.21542 365.43179
136.45538 363.66719
154.33643 358.22948
167.66765 352.19142
192.56450 339.27697
73.68808 388.00895
88.33806 313.45695
195.95573 422.90505
167.51224 378.67975
59.69241 330.86798
177.81501 345.44274
159.08847 405.12625
106.71613 324.26775
170.48656 395.10105
69.74817 428.19870
171.04617 328.97098
180.71918 388.34942
102.33298 494.44909
105.69806 510.67798
64.72724 391.84249
86.42982 476.21009
68.62933 305.88984
154.01777 540.46588
197.47138 425.20722
155.53600 387.69616
75.43719 332.44158
128.36967 333.21039
139.15292 334.37033
150.27509 464.81104
75.48869 416.17594
177.67436 558.37246
141.14677 541.25529
125.00980 528.91208
206.26228 246.41731
203.10622 560.99057
150.11888 333.31377
160.71668 331.11196
167.65643 330.02830
79.25895 310.31516
158.90731 318.51390
147.46803 314.16731
136.16424 313.42496
125.18426 315.58725
118.65878 318.90606
61.62526 298.20119
121.31559 330.68941
203.09764 437.18202
160.91478 438.25196
171.98367 414.77010
185.21716 436.67508
205.00949 319.63142
120.12757 512.68970
136.55883 526.91639
176.18331 549.57344
90.67769 490.37022
167.19650 324.81660
183.97685 361.44066
202.95356 551.91449
158.00094 551.50682
68.97397 422.65824
177.62447 460.58907
175.20564 465.08064
173.06251 470.83507
171.44912 477.76643
169.19978 494.46731
155.51048 459.17036
152.67057 458.20084
150.35777 457.11943
136.58876 452.19644
89.70466 423.54472
184.74384 346.96246
179.94521 318.75890
172.34485 320.07527
158.54001 460.09089
89.30829 456.30795
190.55480 318.87124
161.81554 510.66864
203.52508 367.13066
192.57079 354.77541
204.04304 352.20378
174.68848 382.81933
202.97244 537.96486
203.27365 519.09295
181.75361 518.04824
132.93918 483.96691
148.03325 415.31656
146.63461 499.47192
117.24389 412.54608
134.81418 427.94185
105.74315 433.53960
177.32932 536.12727
167.13618 389.49107
123.09079 496.11828
139.60851 512.33423
121.22003 466.66750
78.72932 439.83669
105.98165 470.27412
74.96541 450.87944
123.41838 443.26211
176.11350 369.94324
174.11880 411.64228
166.40857 413.01536
179.57694 403.18244
169.59621 306.19670
147.83160 297.30879
128.78131 295.96648
113.48611 299.03334
103.32542 305.23832
97.73944 327.48563
62.00011 362.14516
107.71205 346.77752
120.52537 351.23142
137.50514 351.50256
153.61270 348.37268
166.28371 343.99898
175.02940 339.89495
61.21270 362.07190
166.56810 415.64551
183.28391 374.60275
182.75554 413.62471
189.46189 420.07630
182.84114 415.49513
169.92614 419.10916
191.87728 421.69747
193.33034 423.99005
175.47561 329.48744
181.75613 332.71832
185.40702 335.31796
115.00898 321.44036
105.88226 315.69765
214.42855 369.25419
296.53339 332.02844
215.71853 422.24677
350.08258 277.91661
260.25951 342.89840
273.06133 344.51300
285.42003 344.21856
301.67659 336.63600
249.28725 339.45612
281.91116 305.22222
266.40533 305.83692
295.52516 308.58636
303.69807 314.41836
312.71327 345.03835
251.39491 529.13423
301.38854 328.13001
353.39587 339.67357
328.41926 335.53837
270.77182 400.51083
223.76888 449.02607
221.56051 459.23254
240.56686 451.93895
251.42238 455.36920
235.07781 459.00460
245.50327 459.49441
264.85099 478.48291
213.38851 416.63376
214.85210 402.54566
322.55107 305.22480
243.52298 366.26934
244.94067 409.62412
245.74073 401.66987
311.38049 398.44942
214.63878 384.59898
292.07545 290.53417
310.27625 295.74883
337.41843 253.06418
233.34449 300.31011
252.86376 311.34191
276.26006 465.88987
337.91843 469.35674
235.54565 417.61133
224.90081 421.63651
264.54417 461.05700
261.07719 461.04072
318.03363 287.12021
246.02100 414.49845
266.84489 290.96856
269.32174 280.33620
283.44901 219.05495
326.15264 269.45181
273.24260 248.46119
330.95401 298.67607
339.95033 289.21774
223.08280 454.77349
237.87349 455.86654
248.62418 457.51153
232.62397 419.65337
262.77892 461.05597
256.15451 464.08601
259.19223 461.05449
228.53648 415.09402
242.77625 460.88410
232.41168 461.04059
219.88567 461.87396
220.86780 501.42481
222.64381 483.07940
222.00443 475.26844
220.96690 467.84713
219.65289 462.10435
242.59692 460.92130
245.31387 463.79511
248.22204 467.66702
250.50307 472.11030
260.83114 446.47671
353.18565 400.79246
250.33015 460.92143
253.19907 462.35637
220.46806 426.74129
241.88224 421.62402
222.56633 424.29795
257.59875 373.93701
279.72453 382.84816
248.43066 407.04109
316.13288 232.87210
304.69840 255.36101
296.96357 280.02624
253.04538 487.94252
237.78812 282.66721
241.72523 246.45127
248.58813 212.11773
295.71696 341.83373
326.69475 354.51483
242.06100 336.34960
315.73188 320.50547
234.21378 357.53084
236.36859 406.12809
342.00088 365.48696
317.23335 364.43124
300.20568 369.53904
275.38104 367.03422
257.44392 361.07200
244.25563 354.82151
216.96445 339.73659
340.22395 394.12587
326.49402 318.72035
209.33650 423.15674
242.27866 380.09100
358.20594 337.33290
234.24468 348.02597
250.01029 407.13153
307.03780 328.90731
236.97295 396.40737
347.15850 434.80524
242.04326 331.62849
225.91041 389.18646
309.10621 500.10149
307.12077 515.96628
350.58017 398.59207
326.35555 482.52888
347.27843 312.10389
253.00842 543.36260
208.18843 425.39892
254.44316 389.70202
339.77683 337.44568
284.23637 336.82468
273.50192 337.42360
258.70918 466.16751
338.16894 422.39991
228.81927 559.67904
267.81879 544.48070
285.79368 533.13734
262.73109 335.93079
252.25208 333.63216
245.31032 332.69373
336.29840 315.10702
255.25134 320.78678
267.02102 316.47862
278.58733 316.29033
289.38873 319.08418
295.50616 322.90942
356.17553 304.37083
291.49238 334.65093
246.86809 439.97529
235.29582 416.04816
221.58179 437.43191
289.74807 517.51072
271.88007 530.88151
229.96230 551.12374
323.99177 496.28056
246.25480 327.40639
224.89280 362.15816
249.41074 553.79895
345.72044 429.39359
232.17719 461.21278
234.54967 465.83651
236.62711 471.73777
238.15307 478.78649
238.50887 495.92239
253.78787 460.13447
256.71001 459.26666
259.23446 458.24203
271.79916 455.08222
322.34050 428.98508
225.28041 347.72341
233.36406 321.07801
241.18129 322.57777
250.49483 460.98136
322.86052 462.08188
221.88770 321.24383
245.62331 512.76031
215.75069 355.15966
233.70177 383.96755
225.01502 519.12822
275.94409 487.41968
261.09470 417.74124
261.63909 502.26455
293.19972 416.40884
274.44755 430.99860
304.96448 438.20896
228.84010 537.58802
241.88819 390.92344
286.42768 500.39349
268.72459 515.83960
288.16501 470.66648
334.61703 446.07335
304.70252 475.27636
339.07680 457.50632
286.02885 446.99652
233.22089 371.01846
232.42210 412.75130
240.94348 414.59674
226.23244 404.07942
243.95488 309.17447
266.16111 301.26077
285.63026 300.73401
301.05952 304.38138
311.25598 310.84733
316.21356 332.29005
353.67923 368.91553
305.10135 351.04783
291.78363 354.97130
274.54986 354.59356
258.48705 350.99678
246.09962 346.48951
237.53795 342.25061
356.53693 368.66621
241.00986 417.25316
224.43034 375.33738
222.84076 414.41547
216.35539 420.64407
223.23432 416.32696
237.75161 420.61266
213.62815 422.10347
212.48374 424.32775
237.64507 332.13671
230.99456 335.02043
226.79012 337.82516
298.80172 325.72110
308.19160 320.80835
138.61888 322.58768
151.46196 322.39624
138.34508 310.56184
125.55236 322.75293
138.79878 334.65994
274.99011 326.13180
288.19316 326.31778
274.97535 314.46046
261.75662 325.88860
275.07056 337.93151
