220.79414 468.20249
220.24230 429.86109
219.55457 440.13199
207.14053 380.59436
219.90928 415.89124
219.09858 395.72234
216.86155 344.52712
119.36944 333.65735
215.47172 304.99778
215.10642 285.47582
213.20831 210.13178
220.95281 473.29716
220.99366 478.39448
221.01278 481.63881
220.94302 481.90203
221.44136 488.04264
221.80230 495.01096
222.09567 502.26534
220.40561 511.95696
220.15075 435.76950
207.56402 434.28448
67.71110 271.22563
160.13244 347.53907
145.81908 349.11956
132.16582 348.44724
114.48367 338.59547
172.29236 344.03467
135.43992 304.15294
152.46444 306.20522
120.72591 306.76617
111.97061 312.65488
103.52092 348.03526
173.66090 532.18470
114.46857 328.64945
63.72352 334.75375
87.88486 336.01842
151.97852 410.00780
204.62581 465.73585
206.27565 478.04146
188.99427 469.62758
178.32294 472.99706
193.40030 477.83398
183.10239 477.83430
162.20370 491.42570
209.50626 429.53362
207.34836 416.09711
90.89454 299.28377
177.67028 373.33250
180.05317 422.02831
178.76376 413.68312
110.53809 407.20655
207.12875 397.24927
120.29395 285.73975
102.04635 289.52469
79.73609 247.89975
184.18077 302.76564
167.50358 313.26462
152.06481 479.92540
85.51948 459.84816
189.95328 429.75693
199.98929 433.90004
163.93176 477.10863
166.95512 477.52988
94.61421 279.33161
179.86823 426.96694
146.98981 289.27769
143.74404 277.38066
133.71261 218.02816
90.10982 264.93195
142.97683 248.00777
83.35220 291.72638
76.93670 283.35447
205.14651 472.49933
191.13729 474.00340
180.59619 475.46048
192.93767 431.92051
165.49892 477.32537
172.77581 480.88462
168.62035 477.75821
195.37624 427.00325
185.03810 479.58866
195.39655 480.37517
207.50674 481.25843
203.77940 512.10727
205.99647 501.29762
206.20435 494.02849
206.74915 487.16054
207.52860 481.45876
185.17028 479.40314
183.22313 481.72063
181.09618 484.97050
179.49372 488.81216
166.82185 460.18850
66.94457 390.20905
219.89286 437.80768
177.36736 478.59326
175.09467 479.60887
204.16370 439.22781
184.29383 434.15509
202.18616 436.64304
163.97096 381.23120
141.69120 391.23773
176.87125 418.88104
100.57349 229.74875
110.93389 252.26849
115.11739 273.84188
173.19061 499.95204
178.05566 283.70473
176.37555 247.71828
170.18201 212.18682
120.80968 345.04062
89.54826 358.08627
180.05191 340.70890
99.38857 318.35543
186.66751 364.67163
187.08265 418.38679
75.57365 366.40448
98.78730 370.16329
116.45126 377.14680
143.15936 374.99468
162.80217 368.69655
177.07153 362.09935
204.13377 347.80615
79.61318 397.13056
88.65710 315.80922
213.55094 435.37129
180.35266 388.87736
60.12143 328.14863
187.57903 354.98606
175.44978 418.42812
108.74744 329.18021
186.09966 408.23027
74.45018 424.35404
180.08693 335.33362
196.01608 401.30522
116.82204 500.03321
118.40236 510.60159
67.85346 394.64139
98.50503 480.62088
69.60572 306.85970
172.33075 542.57412
214.73752 437.34992
168.70206 398.69631
77.47405 337.31412
132.80566 339.83298
144.94029 340.87575
170.83192 482.53347
84.33816 424.57864
195.93442 556.79689
158.04658 539.85507
140.42131 528.35257
214.16509 247.46433
221.44536 558.23382
157.22358 339.50339
168.98364 337.14167
176.60901 336.21483
79.79045 311.63154
165.75315 323.64741
152.72245 318.72790
139.84378 317.75612
127.77919 320.02102
120.88069 323.60621
61.76097 296.71876
124.75806 337.04498
219.69121 450.32095
179.75574 453.70936
189.84147 428.06778
202.97946 451.02269
215.95626 323.56122
136.27128 517.23078
153.89289 529.90924
194.67494 551.67015
100.59627 488.93749
175.47719 330.71119
196.42492 371.57299
221.45269 552.75111
175.94331 549.99942
74.54494 425.10115
195.52266 480.40388
193.74751 484.64536
192.40358 489.84090
191.63362 496.25496
186.94989 507.23932
174.62918 477.65425
172.24418 476.49792
170.26761 475.27657
156.95018 469.30990
102.11164 435.28921
195.46727 355.26287
188.36003 325.12793
180.60689 326.04852
177.21790 478.78104
103.09360 465.27880
199.27364 326.09230
179.31262 519.98434
218.35151 378.48685
205.52257 365.21345
217.63133 362.30231
188.51316 394.25328
221.24017 542.17095
220.79814 526.75226
199.48117 526.59281
149.65291 497.10623
163.71255 428.91628
163.38456 510.34583
130.69360 426.33216
150.88498 442.39013
120.61788 447.25976
195.68826 541.47463
181.62004 401.19726
139.14443 505.57985
156.42495 519.51100
138.23177 481.45393
89.70716 447.21039
121.42062 481.72771
83.35082 453.57424
141.23132 459.21608
188.44152 379.88123
191.39238 424.91724
184.27913 426.89677
196.40477 416.87428
175.42672 311.19683
150.45051 300.42678
129.23991 298.10272
113.00464 300.92483
102.94963 307.35132
99.66249 332.47540
63.62893 364.61536
111.09365 355.34777
125.41198 360.67174
144.25136 360.74378
161.93917 357.06673
175.56434 352.36318
184.73603 348.10504
62.67673 358.50456
184.69558 429.70402
197.05228 386.15226
200.22996 426.95136
206.67241 432.63852
200.14350 428.28652
188.24931 433.17153
209.35416 434.33179
210.58469 436.37641
184.66514 336.36604
191.48141 340.48907
195.14398 344.06261
117.15398 326.35037
107.14315 319.48879
229.50338 379.80070
312.01179 326.92303
231.76524 433.28187
352.37098 261.69971
272.28854 343.21636
286.27288 343.98542
299.59243 342.58267
316.54090 331.09910
260.49140 340.29183
294.16232 298.18499
277.16212 300.96590
308.96388 300.13761
317.85239 305.58788
326.56112 339.85724
267.30396 528.26786
316.70192 320.99119
361.15672 324.24312
340.28476 327.25005
283.56967 405.28186
236.01512 464.29692
234.91306 476.74222
250.66161 466.61222
260.25279 469.04288
246.65412 475.33193
255.80779 474.40206
276.60983 487.06082
230.73974 428.70578
232.19165 415.16659
335.56361 293.10061
256.17767 370.52152
257.84633 419.47650
258.41190 411.05123
323.24577 399.41831
230.93555 396.35364
305.83369 282.38746
324.04845 284.77416
341.01524 239.54149
245.31207 301.52723
262.79086 308.96856
286.28181 474.83368
346.63326 449.73735
248.28937 427.89488
238.72176 432.63724
273.17146 471.84716
270.21911 472.55205
330.20183 274.63920
257.91213 424.43225
280.27560 286.92190
282.32043 275.41947
290.85235 213.34785
333.87618 257.41144
283.92181 244.15021
341.85535 285.23024
346.57375 274.65974
235.85685 471.11492
248.75045 471.29787
258.15978 471.75363
245.35533 430.25299
271.64275 472.21145
265.44257 476.35121
268.53694 472.94627
243.59489 425.31165
253.87649 476.31169
244.67567 478.05806
233.76441 480.05549
236.57834 510.91386
237.40237 499.86487
236.51729 492.58866
235.22983 485.76854
233.66113 480.17040
253.73893 475.98049
256.16965 478.12392
258.60908 481.17610
260.47710 484.84684
271.54605 456.38850
359.30232 379.47420
260.60023 474.53235
263.05843 475.32318
234.88021 438.27831
253.71204 431.96769
236.70898 435.60387
269.88586 377.46300
292.37899 385.79042
260.31665 416.19605
321.93782 222.96415
314.15023 246.46970
309.84657 270.60192
266.10255 496.40759
249.51377 282.72832
251.65244 245.60028
255.71189 209.63392
310.60748 338.40731
340.06881 349.05081
252.91427 337.42523
329.32761 310.90690
247.13489 362.49801
251.33899 416.24619
353.17207 356.43787
332.26028 361.52906
316.01974 369.43137
290.37971 368.82980
271.18739 363.73378
257.24849 358.25653
229.55648 346.94317
351.45030 387.24692
338.67458 308.26934
226.57947 434.82637
254.69989 386.31403
361.81064 317.32811
246.79752 352.08271
261.24477 415.66381
321.64966 321.10635
251.42368 406.04333
354.73132 413.91537
252.70850 332.10474
241.74884 399.68488
320.67245 491.74261
318.87492 502.11259
360.91777 383.82350
336.97742 471.12767
354.22618 297.19776
268.98978 538.42186
224.98702 436.94579
266.46041 395.34859
350.31688 328.06887
298.63902 334.61503
286.54445 336.33495
267.51109 477.81390
348.39759 414.83906
246.33449 554.35721
282.39516 534.10327
298.91631 521.30038
274.55516 335.45188
263.14151 333.57025
255.90667 332.97165
346.27425 303.53998
265.38158 318.28520
277.77793 311.77825
290.88222 309.98295
303.22044 311.88344
310.30421 315.63909
358.79466 286.39275
306.67987 331.09653
259.10278 450.91164
248.51894 426.19273
236.46802 449.97180
302.65441 510.31976
286.30653 524.38462
247.68970 549.35363
334.38808 479.45934
256.66152 326.86851
238.77853 370.07619
265.50208 545.70129
356.29985 414.52705
244.59327 477.93685
247.02365 482.00510
248.93813 487.08097
250.37414 493.41051
252.77911 504.68191
263.16394 473.42726
265.44051 472.03526
267.38612 470.62633
281.25797 464.69011
332.50415 426.68157
238.19499 353.80289
243.74011 322.79511
251.30248 322.77921
260.62770 474.81289
332.43858 456.36584
232.99531 324.84217
261.03854 516.63540
229.74559 364.32820
247.69908 392.29917
241.63348 524.85866
288.98215 491.64644
273.03012 425.08300
276.17404 505.79505
305.04600 419.86402
286.12788 437.44011
315.54630 439.90379
246.24282 539.36126
254.42512 398.75038
299.57401 499.04676
283.49712 514.28243
299.64473 475.29968
344.23343 437.54439
315.80219 474.09127
349.70130 443.26947
296.14936 453.42676
246.58981 377.88979
247.51403 422.96944
253.98429 424.65550
242.61378 415.21378
254.82784 308.48023
278.22700 296.62504
299.09335 293.31826
315.26271 295.13300
325.44463 300.77214
329.39971 324.15525
362.94749 353.73150
319.92950 347.63235
306.43314 353.88908
288.33385 354.98780
271.10339 352.32952
257.98148 348.50853
249.03197 344.91323
361.17938 347.60512
253.35109 427.46235
239.36229 384.66234
239.36732 425.45134
232.90954 431.58905
239.17117 426.87888
249.99511 431.15846
230.53043 433.45999
228.90639 435.60857
248.22860 333.39059
241.96960 337.96880
238.58054 341.99855
314.05101 318.57237
322.59357 312.02519
144.54284 327.97276
159.25096 327.64761
144.87746 314.64105
129.75341 328.31182
144.14802 341.40336
286.35768 322.66199
301.57352 321.75214
285.63773 308.99264
270.92338 323.48435
287.02453 336.45912
