154.04716 337.99291
150.15754 309.54281
150.82834 316.34581
143.66302 274.67600
150.22804 299.85962
150.79521 285.79251
152.70826 249.57039
88.67084 240.23766
153.66928 223.86882
153.96127 210.30556
156.08530 152.86744
154.01146 341.29241
153.82732 344.33957
153.63855 346.17813
153.56153 346.20871
153.64507 350.11055
153.61789 354.66623
153.50803 359.55916
150.11005 368.41148
150.39964 313.68238
141.95579 312.14489
52.57017 191.40100
116.41573 249.86265
106.59103 250.87813
97.12940 250.24663
85.27464 242.88049
124.64609 247.61320
99.34332 221.79022
111.16134 222.73850
89.38181 223.81687
83.58389 227.47017
77.45935 248.25075
117.38910 382.73415
85.32144 236.56936
47.76868 236.18866
66.69046 239.43499
106.85138 292.99347
142.75762 335.33991
143.59676 343.18698
132.02186 336.93758
124.51030 338.78953
134.67918 342.40130
127.48130 342.06257
112.76809 352.23898
142.68684 308.97433
141.45660 299.57284
70.20219 220.22003
125.99569 268.15482
123.98347 302.35363
123.73914 296.42809
78.78446 289.50728
142.47896 286.41120
90.95583 213.50895
78.35462 215.31101
61.86964 175.76750
133.09400 223.00738
121.47779 227.05426
105.94953 344.12167
61.68687 327.06166
130.66036 308.29905
137.15660 311.44709
114.16187 341.67466
116.21236 341.95211
73.56475 208.39400
124.07034 305.58457
108.75517 215.26498
106.75857 207.47282
99.87775 156.35614
68.68620 190.26701
105.58635 179.95793
64.95926 213.86789
58.69779 202.13199
143.00573 339.74605
133.33919 339.89050
125.92954 340.46361
132.61633 309.76972
115.20174 341.81976
120.03761 344.35078
117.35735 342.12147
133.99294 306.99724
128.69352 343.24678
135.88356 344.05575
144.27299 345.19503
139.41537 367.61930
142.70092 358.35249
143.07823 353.37059
143.61868 348.90980
144.29891 345.26919
128.70468 343.36098
127.31474 344.89183
125.77436 347.10736
124.53617 349.81643
115.37992 329.32077
50.01539 276.26492
150.62458 314.94846
123.23154 342.78902
121.68836 343.45078
140.02094 315.24844
127.07790 310.73995
138.63294 313.41536
116.51735 273.19851
100.74957 279.39576
122.54375 299.90513
76.82100 163.77217
83.64734 182.38852
87.66039 205.47365
119.70842 358.16098
129.52493 210.56356
128.45079 180.16817
125.38074 152.98538
89.40206 247.58938
67.54270 254.04837
129.84062 245.58493
75.24738 230.56548
132.20010 262.48207
128.45319 300.48745
55.33804 259.27720
73.55943 263.00517
85.36693 268.59346
103.67056 267.90911
117.15490 264.13318
126.59067 260.27228
143.91885 251.34574
57.60414 281.30719
67.66956 228.24992
145.68594 313.21554
126.63553 279.20470
46.05018 231.11619
133.65728 256.23963
122.03592 299.48414
81.47726 236.58365
128.54051 293.15575
54.76263 301.09867
129.67617 241.89275
135.03904 288.79043
79.92635 357.06445
81.36528 365.24896
49.83137 279.15069
68.71452 342.17767
52.66327 217.33709
115.44550 391.61048
146.84328 314.41964
118.58615 285.66370
59.30559 238.94279
98.01008 244.99077
106.42635 245.68876
118.62690 345.56614
60.56604 301.22620
131.45893 404.89527
106.20491 389.54314
94.99828 379.64315
154.86141 181.18430
149.93473 407.65353
114.76549 244.62545
122.75541 242.92433
127.71488 242.35701
61.33182 223.82589
120.31868 232.91400
111.17410 229.28176
102.11382 228.95938
93.94434 230.81750
89.41774 233.36616
47.49088 208.78004
92.41569 242.86787
150.92081 323.06037
123.72318 324.69377
130.40161 307.27134
139.34385 323.13420
153.40715 235.67522
92.13932 370.60885
103.42680 381.13712
130.59221 399.37232
70.79351 348.74842
126.75855 238.46521
137.55851 267.87158
149.63861 402.07535
117.79863 398.43132
54.00274 301.27956
135.94879 344.15888
134.63953 346.91198
133.63536 350.40956
132.89636 354.83502
128.52174 363.61801
121.50125 341.89134
119.93089 341.07979
118.68183 340.22588
109.05843 336.10717
72.40610 309.38812
138.14869 256.25624
135.20464 235.93516
130.04478 235.72562
123.20963 342.69903
72.40736 331.08923
142.20745 237.65199
122.44156 373.15062
151.45330 273.65865
143.63430 263.70259
152.05623 262.12835
131.29900 283.43562
149.62202 392.74770
149.83522 380.14024
135.63196 378.70331
103.03426 355.74544
113.90220 306.62085
111.98778 365.61144
91.84801 303.85004
105.09357 316.03231
84.57895 318.66749
131.99354 390.44701
126.71215 287.86165
94.92138 361.72563
106.08726 372.80069
95.69122 344.26548
63.91756 317.67595
83.95834 343.69816
59.42678 322.02435
98.39323 328.21027
132.21412 273.31316
131.16356 305.33706
126.62363 306.06602
134.30593 299.79641
126.95991 227.14895
110.35482 220.87400
95.93298 219.66166
84.85675 221.27092
77.95288 224.84343
75.19788 238.03185
47.26154 257.43311
82.53881 253.60986
92.09177 257.77460
105.04665 258.29171
117.11313 256.11597
126.15196 253.27351
132.21355 250.89654
47.69035 253.20187
127.12133 307.85462
136.92211 278.16849
136.62931 306.99112
141.24117 311.09735
136.92022 307.98865
129.54816 310.29726
142.86754 312.34200
143.95650 313.64092
132.72012 242.90289
136.79142 246.19641
138.94245 249.37792
87.02856 235.16918
80.53753 231.30976
159.49758 274.94797
225.13500 243.34391
159.96650 312.52160
267.07273 194.84651
195.89386 252.75023
206.06891 253.64990
215.93555 253.16666
228.98594 246.25718
187.29276 250.51339
212.26034 224.37351
199.99622 225.41448
222.97470 226.34551
229.61479 230.26267
237.46154 252.24219
184.66852 384.54735
229.06696 239.89159
270.10255 240.52785
249.10093 244.44134
199.71212 294.77609
165.05712 335.98344
163.71976 343.87564
175.29787 338.11715
182.14962 340.49503
172.14565 343.63063
178.80262 343.71529
191.87675 353.78387
157.93008 309.28203
159.22012 299.87340
242.25067 223.65414
181.34058 269.08945
179.74905 303.43954
180.63402 297.45117
229.85368 292.53648
159.35785 286.66837
218.31873 215.58723
232.47387 217.92204
256.04520 178.71353
174.14711 225.47499
189.51383 229.90695
199.44433 345.87172
255.62292 331.36906
172.74595 309.15161
165.72780 312.05071
191.11486 344.19519
188.98872 344.30102
237.55876 211.28351
180.08052 306.70917
199.28279 217.42064
200.84531 209.60949
214.30397 157.99411
246.15448 193.35131
205.76748 181.54298
248.19948 218.10763
257.85875 205.84682
164.64325 340.44391
173.78702 341.16959
180.59654 342.16274
170.69923 310.56814
190.03374 344.25595
185.54731 346.45841
187.77153 344.36912
168.51301 307.66749
177.26116 344.75188
170.58462 345.18853
162.70015 345.82305
161.59608 368.19776
164.03934 359.02872
163.78133 353.99842
163.30600 349.51175
162.58079 345.83541
177.17819 344.87303
178.70575 346.55478
180.25539 348.88347
181.42904 351.65499
189.24261 330.74766
270.70137 280.88226
182.22063 344.60389
183.86686 345.43900
162.49679 315.78261
177.18797 311.84504
164.06005 314.01847
191.04471 274.49015
206.99148 281.42177
182.19728 301.04370
239.30742 166.13994
229.49823 184.87010
221.49349 207.68725
183.75557 359.55407
177.19553 212.83464
181.85344 181.03811
187.63345 153.89316
224.24533 250.74964
248.67344 258.81783
181.72012 248.41367
238.72835 234.25618
174.85715 263.17692
174.36008 301.35604
258.18473 263.42527
241.69008 266.79919
228.57252 271.58841
208.89743 270.51010
194.53212 266.63825
184.18335 262.63020
161.91869 251.64211
254.77823 285.45011
246.58432 232.59207
155.23523 313.42315
179.59381 280.09749
275.41307 235.31422
176.34094 258.22573
183.42947 300.62540
233.02959 240.18416
175.10337 293.98951
264.85338 305.76321
181.84887 244.76392
167.57574 289.37706
228.65703 360.31136
228.88774 368.42957
266.53766 283.77487
242.55594 345.87236
264.89114 221.32738
186.50158 393.62922
154.47036 314.57079
187.86176 286.90069
257.84456 245.05984
214.88103 247.70152
206.13157 248.36018
186.97536 347.77845
251.52067 305.26374
169.06479 406.07001
198.42535 391.82092
212.17188 382.36529
197.61882 247.45593
189.37765 245.94935
184.11148 245.40430
253.82059 229.02491
191.72191 235.89293
200.90791 232.07722
210.28097 231.51621
219.12490 233.28338
224.27068 236.07015
273.19618 212.59492
220.90200 245.72552
180.27605 325.75805
172.74154 308.14102
163.18458 323.68485
214.22563 373.57091
200.77865 383.69492
169.60031 400.56876
243.03831 352.38800
184.98718 241.41079
167.54959 268.35161
184.43431 400.21001
261.59261 305.84213
170.51458 345.25670
171.85108 348.09812
172.86417 351.66567
173.58720 356.12054
173.57141 364.61019
184.17019 343.87918
185.90351 343.17017
187.30850 342.35315
196.06088 337.71907
236.94250 312.69316
168.32412 256.77303
174.76801 238.42099
180.86799 238.50821
182.21691 344.52593
237.24823 334.39536
165.88338 239.72293
179.78641 374.55910
160.79340 263.96304
173.40656 284.22548
164.99052 379.48885
202.05558 357.89653
191.78096 308.08765
191.79824 367.46294
215.01917 306.28167
200.76789 317.89572
222.82707 321.40334
168.24407 391.54025
178.70123 288.73069
210.77661 364.35031
197.79409 375.04628
210.24664 346.63846
247.85352 321.51477
223.29267 346.55484
254.75751 326.29460
207.81379 330.30323
173.52289 274.01894
171.32665 306.11372
176.75047 307.08395
167.37718 300.39218
182.56944 229.78683
199.37372 223.24627
214.42430 221.88073
226.59698 223.69424
234.73259 227.75412
239.75437 242.43355
269.82040 261.98318
231.81057 257.15798
221.35845 260.91607
207.68150 261.16944
194.90371 258.93847
185.23866 256.02488
178.61562 253.35166
273.77336 257.53082
176.53308 308.84809
166.88280 278.68998
164.78183 307.58007
160.44698 311.59412
165.07978 308.67802
174.22166 311.22107
158.35008 312.71118
157.61474 313.91470
178.37530 245.54914
173.43448 248.46324
170.33502 251.20984
227.02184 238.17630
233.40072 234.59839
107.25662 236.33923
117.99472 236.31103
107.02722 226.80050
96.32459 236.43656
107.39503 245.99061
209.02017 238.85113
220.57939 238.91840
208.71667 228.51411
197.41907 238.73854
209.29924 249.26366
