137.08612 283.81883
136.95405 255.33853
136.12395 263.83010
130.78151 226.99625
137.37302 246.45370
137.72945 235.05227
138.28883 207.88281
79.13375 207.24068
138.79581 188.24144
139.31783 176.65507
140.71670 131.01261
136.97391 287.07140
136.62395 290.10472
136.25116 292.02233
136.19319 291.96884
136.25768 296.62706
136.09912 302.15921
135.73182 307.76256
133.15862 315.11956
136.65605 259.83086
128.74950 259.36384
45.74046 170.69548
102.36795 213.76431
93.85801 214.60618
85.78197 214.14025
75.20030 210.30722
109.87882 211.53894
90.12363 190.49900
99.80418 191.30296
81.15592 192.09571
75.34427 195.52583
67.79123 215.14421
102.08900 328.63744
76.19611 205.53171
41.84312 208.55808
58.06689 209.98008
94.29872 247.42902
126.13275 281.13447
126.72641 289.05634
115.25977 283.49065
107.55344 285.90400
117.95617 288.76943
110.70628 288.93313
94.82217 298.97674
129.92961 254.91734
129.34756 246.41765
62.65489 188.53917
112.18795 226.63634
109.92477 251.78250
109.52016 247.23294
68.78291 246.07577
130.04228 235.84265
82.96157 178.38104
70.95351 181.90392
54.63098 154.96651
120.61446 185.82571
108.30611 194.69554
88.52002 290.59119
50.21224 288.73885
116.14618 256.79954
123.04382 259.75503
97.08856 289.30836
99.23312 289.44425
66.14282 176.76714
109.28756 255.32141
99.30637 179.00938
97.64371 172.17838
90.67180 134.56709
61.03961 164.30691
95.86358 152.34808
57.57394 185.22235
51.67663 176.69105
126.30698 285.61515
116.63873 286.38267
109.09805 287.48654
118.08852 258.38318
98.19097 289.39198
102.83944 291.60938
100.43985 289.50998
120.48394 254.31036
111.83730 289.95692
118.99959 290.27158
127.15442 291.04553
122.11044 314.57355
124.23480 306.41401
125.08516 300.78923
126.05876 295.30078
127.13994 291.00395
111.88955 289.82296
110.06026 291.70722
108.06991 294.25723
106.36617 297.22232
99.42258 276.92589
40.48946 246.97486
136.42299 261.73540
106.49091 289.70265
104.74855 290.56499
125.59407 263.27051
112.16684 260.37353
124.42031 261.59848
102.84070 231.36016
88.77465 236.72018
107.78999 250.89801
68.97609 142.55733
75.14720 155.68691
79.83236 171.93331
102.19091 305.02471
117.64260 174.46381
116.70900 151.97458
113.73159 131.12564
79.10022 212.86135
58.82655 220.74537
114.84464 209.29161
66.70392 199.50878
118.53713 221.17075
115.47252 248.93142
48.94887 224.82405
64.53263 225.88749
75.36647 228.47599
91.56947 227.52063
103.77586 224.44830
113.03292 220.54684
130.14819 209.92536
50.07760 242.74865
59.84485 198.52934
132.49641 259.42969
112.67175 234.75352
38.59031 207.93617
119.84845 215.89377
106.96058 251.41512
72.00397 205.72116
115.26881 243.44684
43.93739 267.72113
114.91233 206.49280
122.63148 238.79511
68.44136 308.27825
69.45560 317.78074
42.48347 245.17879
58.18179 296.85777
46.40119 191.30901
100.60682 336.84616
133.15530 261.31099
104.68572 240.81160
51.05716 211.86814
86.91562 209.32141
93.88839 209.81322
101.08792 292.92883
51.47950 260.10207
115.18178 347.92778
92.05945 336.82189
81.88989 329.05432
140.08733 152.77995
131.45951 349.59015
100.99202 209.19595
107.87250 207.92446
112.49379 207.19955
53.76117 197.28778
106.79097 202.15638
99.31913 200.70026
92.43053 200.48596
85.50782 201.56936
81.00011 203.17579
40.81784 187.29348
82.31521 208.30374
135.70979 270.48537
108.23470 272.37453
116.19178 255.42518
124.31714 270.52657
138.44573 197.91188
79.26748 319.62992
89.63731 328.33154
114.67784 342.70378
59.26280 305.39569
112.32551 204.59122
124.36092 223.24704
131.84598 344.29579
102.72100 343.43970
45.37196 264.04537
119.00926 290.18403
117.14221 293.46416
115.57655 297.58602
114.30831 302.51912
111.05424 310.47576
104.75770 289.15889
103.05963 288.46836
101.64016 287.68552
92.23054 283.01822
61.94484 264.57065
124.50162 214.92393
120.84586 199.80934
115.91100 201.09699
106.44239 289.79374
61.02147 284.92031
127.97301 199.13097
106.30843 319.57437
137.96107 225.79099
130.42159 218.83175
138.15110 217.12426
117.86428 236.44788
132.34397 336.04903
132.80471 325.13620
119.03129 324.33765
87.83590 303.32713
99.80727 258.22225
96.34515 312.69353
80.32623 257.15359
91.33498 266.65659
72.63293 270.82565
115.88565 334.77065
112.39131 241.03748
81.28238 310.11739
91.75641 319.88548
81.17480 292.50249
53.62178 274.64940
71.47176 294.02452
49.83092 281.22652
83.83258 277.32533
118.70078 228.91630
117.94702 252.76264
112.48109 254.64143
122.06632 247.28270
113.97586 192.19510
99.67040 186.64241
87.25517 185.73205
77.00092 187.95337
69.95153 192.39852
65.91983 207.74279
40.98361 226.74661
72.46997 218.32295
81.05836 220.38134
92.37725 220.55534
103.24342 218.77202
111.93258 215.90948
117.82205 213.01533
39.06375 227.35313
112.49660 256.78029
124.08139 230.86429
124.06142 253.48047
128.33997 257.96965
123.91866 254.93620
114.79091 259.35701
129.90380 258.76478
130.55509 260.69951
118.00492 206.53966
122.24593 208.28301
124.73233 209.32354
78.32717 204.41671
71.62345 199.89315
145.05075 227.35809
196.02954 208.53993
144.27844 259.59397
226.65467 175.48438
173.22438 215.67709
181.82971 216.62737
189.84515 216.05374
199.51146 211.49980
165.78006 212.81462
185.97745 191.40647
176.40584 191.84478
194.75753 193.11107
200.12801 196.53616
206.88598 216.96359
163.11382 329.61591
198.69029 206.45289
228.71478 213.59572
216.07890 211.06882
178.92698 249.67802
147.51311 281.94325
145.69711 289.89583
156.95741 284.89817
163.18414 287.96619
153.39252 290.23926
159.55579 290.95412
171.12165 300.71011
143.95417 255.23444
145.40014 246.83543
213.44053 188.19007
162.67574 227.93783
163.38893 253.24769
164.00451 248.72665
204.05837 249.70621
145.28535 236.21949
195.11756 177.72559
206.20780 181.45627
220.75525 159.37735
157.06853 183.78045
167.75411 194.96739
178.08223 292.79365
214.30261 292.38417
156.77459 257.89176
149.72320 260.44530
171.69357 292.66722
169.55072 292.58353
210.98634 175.92662
163.32982 256.90582
179.21107 177.63393
181.02491 170.71029
189.56512 137.39699
215.72517 167.90555
183.95311 154.46794
218.14794 184.69017
222.84476 180.99845
146.86280 286.47640
155.22489 287.88392
161.53104 289.52620
154.59861 259.36667
170.59928 292.64604
166.41240 294.46007
168.34016 292.51292
153.04158 255.07009
157.93399 291.87852
151.83183 291.67465
144.62205 291.83520
144.37080 314.99275
146.56114 307.34079
146.33460 301.64152
145.67147 296.11085
144.54263 291.76052
157.87626 291.78267
159.84664 293.88483
161.80375 296.65326
163.29045 299.75160
170.14610 278.67156
225.32561 251.62485
162.54281 292.09436
164.51320 293.21104
146.79237 263.87722
159.82433 261.80602
148.16783 262.23655
171.45244 233.20940
185.20246 239.36939
165.13599 252.57506
209.21405 146.38771
203.47301 158.65959
198.39709 170.97042
164.08977 306.23473
160.26338 172.35321
163.54972 153.15197
167.41285 132.67961
196.04230 214.52707
215.68917 223.09331
160.89612 210.11970
208.37188 200.02408
156.99643 222.13654
158.54791 250.06934
223.29749 229.41436
210.50912 228.79567
200.27559 231.52901
184.44669 229.95039
172.40911 226.08061
163.24245 221.59059
146.36310 210.34791
221.51262 247.21511
215.15691 198.85423
140.86255 259.57015
161.64176 236.01105
229.09513 212.88324
156.56642 216.52572
165.54322 253.14296
202.68462 206.52653
158.93821 244.59055
221.18388 271.91278
160.51910 207.10698
152.29755 239.52575
196.98381 310.54212
194.83707 319.93711
226.50476 249.74851
207.75802 299.84899
225.86400 196.10338
163.56883 337.73161
139.70109 261.46072
168.88416 242.54407
222.72449 213.08125
188.75808 211.40131
181.79378 212.17282
168.07037 295.93865
218.70189 264.21930
147.93620 348.37807
171.75697 337.78993
182.21400 330.49358
174.54372 211.40581
167.58645 209.50166
162.98227 208.20274
220.57592 197.38711
168.29164 202.80249
175.73825 201.80001
182.93378 201.96126
189.78770 203.08367
194.07397 204.43769
228.93605 192.29436
193.12926 209.95935
162.37132 273.75990
156.98259 256.50252
147.26661 271.10831
185.52032 321.35447
174.73998 329.54961
149.44276 343.24471
205.11346 308.23197
162.98616 205.11316
151.43775 223.92939
160.73922 344.09237
222.36617 268.21436
151.80625 291.58897
153.64881 295.03151
155.06438 299.28908
156.00778 304.33154
155.31787 311.17697
164.60796 291.69062
166.46659 291.11074
168.01606 290.37696
175.81069 285.09199
208.83153 268.19408
151.54470 215.64445
155.38264 199.38254
159.90266 201.33028
162.60015 292.17380
206.87356 288.05689
148.76241 198.34890
159.59510 320.40066
145.77625 219.19038
156.73122 237.47804
146.86080 324.79161
178.43030 305.24384
172.01492 260.20384
169.51375 313.99960
192.01364 260.04523
179.70643 268.98838
197.95444 273.91272
149.22109 335.34872
161.43182 242.33904
184.55278 312.04897
173.53103 321.21626
186.06826 294.97370
214.99646 278.33759
195.84581 296.62957
216.85567 284.91439
185.52100 279.97080
156.32598 229.87495
155.78811 253.67758
160.68475 255.95986
152.39391 248.00812
162.73067 191.29343
177.33373 186.31527
189.69295 186.03615
199.52766 188.43623
205.81704 192.86477
208.60208 208.63288
228.85743 231.65801
202.59061 220.48389
194.55154 222.70476
183.47194 222.66420
172.57436 220.40149
163.96091 216.93468
158.15629 213.57390
227.59526 232.23319
160.19111 258.12459
151.21219 231.54304
149.83655 254.02847
144.94580 258.21201
149.66226 255.48620
157.63461 260.54457
143.43724 258.99974
142.29100 260.88375
157.74619 207.02349
153.76685 208.41916
151.66623 209.46870
196.65931 205.49521
203.37568 200.66781
93.16690 204.41909
102.10588 204.31532
92.77648 196.78316
84.03972 204.44522
93.49403 211.97262
179.50690 205.77176
188.26072 206.06800
179.53317 198.47289
170.81014 205.43000
179.49666 213.05267
