140.25959 337.14712
138.27816 301.86568
138.48307 310.57368
132.59033 268.46980
138.57399 291.60733
139.28484 278.24246
141.42139 245.80136
80.70311 238.25272
142.55859 223.19838
143.06940 210.16201
145.50430 157.51994
140.21135 340.72104
140.12295 344.22235
140.10338 346.52234
140.25621 353.61592
140.18040 359.29588
139.99203 366.06341
139.80972 372.73394
138.59230 380.65800
138.29670 307.01314
130.11566 305.95324
49.50508 201.51961
105.26636 246.38895
96.30077 247.39111
87.74208 247.06410
76.92089 241.72091
113.05716 244.22563
92.23188 221.04710
102.63508 221.69546
83.00285 223.12203
77.15761 226.81518
68.96627 247.54767
104.12916 390.47546
77.47324 235.83313
43.62127 244.46484
58.92981 240.89903
93.97076 289.06472
127.12103 334.25027
127.89688 342.68622
115.03532 335.21818
106.56750 336.05368
117.88799 341.36793
110.08862 340.41327
94.54222 349.25002
130.90193 301.32527
130.17145 291.38337
65.37323 220.99235
114.50495 265.85947
110.29598 295.67062
110.11997 290.09881
66.93918 286.11541
131.30768 278.96820
86.71864 211.26755
74.17671 214.69625
58.79459 184.14607
125.50667 219.17745
111.59626 225.38516
87.66226 336.30769
53.60126 336.25182
116.74055 301.85686
123.92612 305.37401
95.36522 337.42482
97.81271 338.42981
69.77606 208.73653
109.56871 299.20437
103.74847 211.91485
102.44608 204.25153
94.44666 161.48333
64.11015 195.04973
99.10446 181.71596
60.49942 216.13779
54.28379 208.83148
127.24039 338.83607
116.34361 338.36615
108.17230 338.20914
118.63855 303.54807
96.60461 337.92745
101.62233 344.59881
99.06595 338.97737
121.35412 300.10701
111.81902 342.08620
119.49165 343.54045
128.87581 345.11907
124.38194 378.81731
125.75008 370.50927
126.44926 363.86874
127.63315 357.16056
128.95844 352.06112
111.90674 346.25088
109.77322 348.18432
107.26015 351.24777
105.36713 354.67698
97.98775 322.06626
43.71185 287.39147
138.40754 308.97008
106.20083 343.14836
103.92099 343.67660
126.53440 309.21328
112.29012 304.51708
125.31109 307.37447
104.44880 270.62623
88.92414 276.05165
108.19645 293.91162
73.07178 170.41128
78.40937 185.50042
84.13376 203.85957
101.80973 360.70790
123.14804 206.38923
120.13275 181.37015
117.68932 157.60125
80.75226 245.26204
58.85210 253.71312
118.11899 242.12031
68.64029 230.88577
121.17891 260.08920
116.03376 293.30426
48.96149 262.19472
64.58662 260.97890
75.66633 265.25005
92.62831 264.40084
105.28885 260.67435
114.66505 256.50620
133.02521 247.95129
48.71899 282.00493
61.65836 229.64083
133.85450 306.48406
114.16014 275.41159
41.97069 243.06421
121.85669 251.80794
107.30272 293.99750
73.81004 236.42488
116.15513 286.50815
47.16076 311.17273
118.15029 238.69818
123.69410 281.85314
70.45944 360.58353
72.63863 372.19301
42.69150 285.45230
59.74216 346.58929
48.59499 225.23022
103.57521 400.48160
134.86639 308.42458
105.41628 281.72929
51.72255 241.59043
89.12762 241.23065
96.61629 241.70285
99.67049 345.77754
49.79033 302.07348
119.79229 416.00007
95.12215 398.30534
84.96431 387.11847
144.30450 182.55763
138.04304 419.29307
104.19674 240.84891
111.49578 239.52701
116.11713 239.13057
55.77284 226.79947
109.64779 232.06155
101.69552 229.49113
94.04428 229.21043
86.58949 230.77196
82.02187 232.97883
44.28497 220.07478
84.17742 239.86285
138.52238 317.31984
107.52949 317.78828
116.88601 300.63603
125.15345 316.87528
142.14214 234.03719
81.82892 375.34767
92.44692 387.64897
118.69623 409.61568
62.72770 356.63656
115.46814 236.00777
126.53755 263.46061
137.78555 412.96572
106.10996 408.51059
45.57112 307.35367
119.58143 349.41365
117.47915 353.09328
115.51031 358.17591
114.18560 364.05369
111.29934 371.17727
103.69549 339.42721
101.70170 338.03669
100.18387 336.71434
90.73751 327.94615
59.72013 307.56643
127.34304 253.39563
124.64745 232.33800
119.26254 232.85842
105.70719 340.74814
60.54039 331.76888
131.68287 233.17864
107.42020 380.01240
140.02544 267.29351
132.75330 258.76878
140.70688 257.02704
119.29173 278.18098
137.93776 403.33352
138.29178 391.23043
121.76136 388.77460
88.65458 354.00235
99.71781 301.50758
97.18712 368.21675
78.74290 299.90642
90.69122 310.80722
71.29154 314.92426
119.19491 400.28552
113.56178 282.78526
82.98414 363.10013
93.64157 377.17342
81.29929 339.14043
52.71286 319.32686
71.69157 342.47450
50.86023 327.81354
83.06437 321.45619
120.65300 269.39439
118.60004 298.18985
112.91771 299.34838
122.73594 292.08710
118.03041 224.37673
103.24694 218.77705
90.15873 217.99897
79.51773 220.22174
72.32872 224.42034
67.35586 238.77910
41.89304 264.75374
73.73543 251.86549
82.56746 254.93705
94.37107 255.10924
105.58823 252.90756
114.42244 249.96520
120.48494 247.21647
42.38932 265.04213
112.87891 301.35907
125.72937 272.48526
124.82815 299.57020
129.53127 304.57579
124.85138 301.09115
115.02983 304.02321
131.12926 305.67985
132.09194 307.58973
121.20003 239.34017
125.26806 242.17175
127.45308 244.56011
79.43098 234.56868
73.54139 230.97355
147.66861 268.91642
203.90545 243.85394
147.10333 306.49938
244.45015 207.27584
177.26400 251.19208
186.99045 252.29447
196.26835 252.00440
207.49054 247.15712
169.22230 248.39134
194.63774 225.62215
183.10444 225.57236
204.32196 228.25559
209.79984 232.30745
215.72479 253.08523
172.79125 393.03673
207.14144 241.60568
246.89003 250.14447
226.24146 246.93767
187.63693 291.79497
153.79217 334.82615
152.61904 343.26564
166.19980 336.32649
174.79431 337.52357
163.01182 342.38714
171.14840 341.71889
184.93544 351.99907
145.85443 301.74440
147.21926 291.89842
224.05323 226.60185
168.68900 267.43198
168.78101 297.62324
169.72967 292.02009
215.99293 290.39061
147.42702 279.44746
203.96914 215.79194
216.32011 219.91484
235.25505 189.47448
161.98883 220.84336
172.76997 228.81460
192.28415 339.32531
231.43627 342.56385
161.73906 303.34845
154.03982 306.39278
186.67734 339.52995
184.19832 340.39319
221.62399 214.27763
169.57827 301.17625
186.31588 215.17667
188.82751 207.82562
198.00247 164.62016
227.57469 200.35500
190.71270 184.82711
229.54033 222.19406
237.49626 214.56831
153.45034 339.44987
164.70394 339.47034
173.14545 339.57031
159.70156 304.91426
185.41426 339.96762
180.02958 346.51564
182.94233 340.87013
156.48142 301.21635
169.40277 343.31457
161.32181 344.44908
151.67879 345.63946
153.00751 379.64676
154.03936 371.38139
153.66920 364.63716
152.86526 357.85939
151.74088 352.68902
169.37399 347.72341
171.54070 349.77890
173.89315 352.96395
175.61588 356.52204
181.15208 324.33547
245.29907 293.43385
175.42883 344.89113
177.76766 345.50389
151.17657 310.04987
166.80679 306.30497
152.49184 308.32957
178.54872 272.71616
194.03234 279.04525
171.69514 295.96377
220.43186 174.89557
212.60262 190.05152
207.79816 208.62117
176.88120 363.00441
166.46479 208.66630
168.90638 182.97699
173.96204 159.28376
203.47939 250.43789
225.14568 259.50090
164.05884 245.78352
218.22155 236.65524
162.21508 261.30637
162.56166 294.81838
237.89452 267.72204
219.46346 266.09270
208.11459 269.39007
190.18627 267.73569
176.72333 263.59837
167.06022 259.03001
150.11862 248.45179
236.32439 287.57951
225.91290 235.65231
142.86495 306.75185
167.80947 276.98751
250.31651 248.87446
160.14296 253.95561
172.92423 296.08775
211.34010 242.11478
163.39119 288.02735
239.89563 317.47157
163.86343 242.41572
155.47863 282.84957
209.93368 365.92926
208.26118 377.76791
244.10557 291.35981
222.14962 352.42006
242.75505 230.88587
173.08228 403.34633
142.00642 308.64011
176.26945 283.79508
233.37788 248.38664
195.21767 246.79733
187.12343 247.30202
181.92444 347.75675
233.99368 307.74738
156.48760 417.58011
183.08310 402.03563
194.48793 391.76756
178.94583 246.30694
171.16602 244.41894
166.19230 243.37295
232.19147 233.25525
173.13257 235.72051
181.90739 233.46108
190.62819 233.64625
198.47654 235.68813
202.94437 238.25468
249.04919 225.87607
200.41128 245.39272
171.15881 319.60244
161.43745 302.15253
152.55318 317.71754
197.17249 379.97899
185.47949 391.58705
157.02822 411.16199
220.19108 362.73063
166.84793 239.65599
155.40070 264.33132
170.92037 411.21619
239.48341 313.35903
161.36209 350.50368
163.37751 354.29171
165.08263 359.50592
166.17388 365.53459
166.64795 372.78846
178.12220 340.99836
180.05264 339.69140
181.59056 338.45453
188.86803 330.63913
222.58598 312.47854
155.96060 254.28224
158.98968 234.89895
163.74893 236.04466
176.11107 342.28022
221.14677 337.05809
152.47244 234.81710
170.02224 382.14900
148.88735 259.23343
161.49925 279.53430
154.93990 389.86585
190.45996 357.45996
180.47321 303.95755
181.13359 371.16233
202.72264 303.54221
189.57001 313.75879
209.80722 319.18634
156.74206 401.64444
167.32990 284.43115
196.16781 367.25064
184.48786 380.67126
198.49571 342.97609
230.21278 325.01557
208.70213 347.17714
232.75772 333.82322
197.20007 324.84054
161.35122 270.64470
159.38204 299.49309
165.68624 301.12127
155.18011 293.10696
167.32727 226.84511
184.11867 222.09741
198.42041 222.30282
209.39833 225.25053
215.96970 230.00554
217.75658 244.46027
246.72203 270.50450
210.73299 256.95520
201.53326 259.42404
188.78237 259.24720
176.66290 256.74219
167.56039 253.26908
161.52586 249.98728
248.49392 270.85430
165.79348 303.09006
154.79273 273.37740
152.44200 300.37802
147.61259 305.18727
152.58934 301.98162
163.64799 305.59140
145.77724 306.13986
144.90915 307.99226
160.90107 242.60935
157.03405 244.66292
155.11116 246.52027
205.36806 240.10232
212.67700 236.71607
96.00672 234.60013
105.52740 234.52153
96.24098 225.56254
86.46978 234.62514
95.72176 243.65915
185.50976 240.31127
196.43160 240.47710
186.01496 230.83730
174.60588 240.08947
185.03174 249.88653
