230.59674 439.03910
238.26136 390.12977
236.40513 398.91511
223.18206 343.36609
237.87982 376.93012
236.43157 357.93345
231.76947 309.95511
134.07922 297.49935
229.21716 278.49608
228.33985 262.25680
224.24338 198.75539
230.80931 442.41257
230.97611 445.43691
231.15956 447.31847
231.18851 447.40737
231.44675 450.62538
231.69263 454.41656
231.97678 458.51094
236.90558 474.45299
237.92067 395.78630
222.55040 394.18753
75.85357 251.43975
172.55351 306.26895
159.73109 308.38882
146.54012 309.31090
127.58303 301.93987
183.52393 303.40880
150.21310 274.60522
165.62268 275.00816
136.17966 277.41636
127.09849 282.35821
116.07074 311.52546
184.45496 495.88038
127.92435 293.85710
70.12763 306.88906
99.27888 302.07248
164.17826 370.40324
213.91343 437.78261
215.64824 445.28264
198.86176 439.89781
188.01453 441.67277
202.58635 445.02361
192.08245 444.85855
169.66719 450.86127
226.49363 389.90128
224.25305 377.13351
109.40329 273.68777
191.34711 336.12796
190.82795 381.94494
189.30056 373.83822
123.15646 367.46445
223.76033 359.35606
141.64410 261.48935
122.82029 265.62937
90.80876 231.33992
201.93353 270.21466
179.29368 279.26985
158.02764 438.84618
80.97863 429.25482
201.06005 389.45534
212.13536 392.96808
173.41840 444.34357
176.30328 444.63740
115.58974 257.83309
189.39727 386.17196
167.36510 261.70628
165.09957 252.65505
147.02809 205.33602
103.82911 247.15219
157.70829 231.16972
101.00694 267.34867
88.69744 263.11933
214.54417 442.00512
200.60796 442.61557
189.93211 443.29062
203.84274 391.24787
174.90012 444.48921
182.03391 447.00465
177.85401 444.80075
209.56181 387.73738
194.11092 446.11573
204.48407 446.70461
216.92700 447.24583
218.00383 474.42138
215.73201 458.21193
215.67965 454.07867
216.12832 450.42991
217.02931 447.34622
194.09856 446.18441
192.34303 447.42646
190.45687 449.30245
189.08015 451.56461
174.79501 418.90577
65.15912 361.05911
237.26018 397.52237
186.04821 445.56611
184.06329 446.17724
217.18375 397.89226
193.43921 392.82301
214.73397 395.47924
177.66856 343.30462
155.75272 352.36544
186.47467 378.61821
113.46274 215.38346
125.91340 235.94214
136.96593 252.40091
182.44561 460.49775
198.07526 254.97264
189.94899 230.20248
182.65321 200.45594
134.70235 306.99450
101.12675 321.12985
190.53870 300.63078
114.23899 287.73596
200.74523 328.32283
200.37890 379.14204
85.31892 333.31392
111.38163 330.91600
129.53391 336.27734
155.87334 333.21193
174.54272 326.94743
188.08194 321.36018
218.94271 312.91927
87.94408 361.09519
102.97669 286.34499
230.41798 395.41406
192.48357 350.66342
62.42547 302.12970
198.90628 315.59178
184.49828 377.95439
121.89795 294.30523
198.85243 369.17301
70.16007 394.23079
189.45620 296.01079
211.11523 363.02870
117.34149 464.72899
116.65261 479.02360
70.46597 362.80559
97.86301 446.13530
78.83218 282.50939
180.81837 509.76519
231.22989 397.09493
180.24760 359.80938
86.90118 303.45869
148.73103 300.99574
160.05765 300.86806
180.32525 448.11042
89.64536 387.88460
207.77665 527.42979
161.83526 509.71723
140.95631 497.15503
226.14207 229.95346
237.79776 528.58451
170.36883 299.20653
180.36147 297.13790
186.76678 296.40681
92.48938 282.71303
176.59161 287.51774
164.19337 284.53472
152.40407 284.79495
141.19618 287.29147
134.49240 290.26795
66.90697 273.48442
140.44694 299.66950
236.26889 408.73435
188.88388 412.19977
201.78944 388.17782
216.29689 409.43260
230.03569 293.28215
138.56473 482.37879
158.69334 496.46527
207.41753 518.51490
97.23519 457.87636
185.38863 292.80646
211.14596 334.97903
237.68555 519.45603
183.40983 520.47120
74.32561 392.47498
204.56715 446.75405
202.93826 449.00968
201.82298 451.92105
201.29042 455.49352
198.31954 468.88536
183.56810 444.66669
181.39876 443.86399
179.66195 442.96718
163.84621 427.97023
110.32077 395.86696
210.05952 319.78172
200.51766 288.63854
191.23313 288.93945
186.00861 445.47470
106.55904 427.46497
213.19766 290.55399
190.93489 481.84307
234.79832 341.39403
220.90949 328.82886
233.31706 326.09394
201.95224 355.99605
237.75657 505.57489
237.29096 488.82227
214.16320 488.69526
156.38621 456.76026
173.12400 388.18729
172.15068 471.11801
142.46550 385.89712
160.80832 401.33226
129.95408 406.55922
209.97151 504.95144
192.96965 362.12642
144.25359 467.34363
163.75415 482.63048
144.46914 440.51000
92.50758 410.67709
125.84422 442.59494
82.06639 420.31306
149.55151 417.51026
202.01844 342.61740
205.36624 385.73210
195.55190 386.85821
211.63720 377.97586
189.45884 277.49737
166.89761 270.97947
147.39596 270.42175
131.17041 273.40679
120.11296 278.89150
112.23084 298.32713
68.57495 334.39127
124.13979 317.10081
138.86399 321.11447
157.30019 319.73469
173.84309 315.62422
186.43273 311.62485
195.42979 308.37640
63.22375 330.73991
195.01197 389.07518
212.32001 348.61526
215.83037 387.73133
222.34687 392.99914
215.34737 389.13685
198.14868 392.10657
225.65467 394.49443
226.19540 396.15773
194.55043 297.17401
202.44347 301.87701
207.23769 306.23934
130.70023 292.40204
121.62976 287.62370
245.85309 342.40964
314.26186 296.39391
251.03989 393.25515
356.59688 241.96173
282.10431 308.21717
293.37022 308.34563
304.77025 307.58245
320.18338 300.22813
272.58569 306.55989
298.03059 276.25056
284.94611 278.04473
310.38689 277.48115
318.51781 281.41418
331.26859 307.59829
286.36105 490.09859
319.04744 293.28546
367.60083 296.38750
345.33040 298.07375
297.88045 364.87019
247.18879 435.75335
246.22210 443.53311
262.48124 435.92194
273.26798 436.36148
259.24634 441.64467
269.42769 440.14088
295.98588 444.92183
249.48052 389.07058
250.71465 376.09398
334.39603 270.89968
269.13781 332.92418
278.13710 378.42837
277.88670 370.27852
333.86319 358.56978
248.49736 358.34988
304.71097 260.61954
321.66219 263.63281
344.30993 222.94906
253.83008 273.53415
274.00967 283.17707
305.85423 432.15718
362.36573 416.21179
268.78705 386.79705
259.04824 391.45718
287.22417 437.31906
284.40972 437.91119
327.76006 255.45421
278.68230 382.66122
282.65157 262.71163
283.97851 253.08101
295.95338 200.92914
337.87263 238.37428
290.66815 226.49006
341.87291 264.47941
350.36282 253.38420
246.96860 440.08803
260.92931 438.97557
271.45810 438.25288
266.05099 388.86060
285.76802 437.61385
279.33427 440.96222
282.89853 438.28961
262.81403 385.66177
267.63142 441.54286
257.50329 443.50762
245.33582 445.60605
255.00687 472.59795
248.04623 456.43356
247.36583 452.27230
246.46872 448.70069
245.29759 445.66804
267.48391 441.66726
269.61674 442.76324
271.63091 444.35541
273.22942 446.47100
291.77754 413.90341
369.68926 349.32884
275.20627 440.07129
277.27776 440.40207
254.53801 396.71072
274.54503 389.69258
256.82912 394.18614
282.08886 339.02169
303.31227 346.29011
280.04632 374.93092
325.52102 208.76862
318.96035 228.88570
308.33749 251.00375
285.68780 455.38866
256.14545 257.77927
260.76428 227.83674
263.47997 198.12158
314.51615 304.90412
344.92230 314.89886
266.35735 304.42183
330.95273 285.40366
260.34142 325.81077
270.45594 376.34629
361.06866 322.71639
336.69286 324.35063
321.33237 330.21301
298.28225 329.81519
281.36010 325.93832
268.86464 321.63473
243.92310 311.90343
361.76331 349.96748
341.02982 283.04761
245.02362 394.94140
270.24834 347.49559
368.08846 291.64971
259.26110 316.39625
280.54311 374.19079
324.53980 293.16344
269.83315 366.31469
368.32524 381.68770
266.76225 300.25124
259.45691 361.08621
340.51141 453.45238
338.98030 466.53021
372.32884 350.79937
355.04597 433.88363
359.00872 272.53418
289.62960 503.44061
243.12848 396.73419
281.89854 355.70502
356.51540 298.45870
302.39079 300.31078
292.77032 301.46808
281.17368 441.86135
361.57574 376.25230
266.42785 523.94406
304.51894 500.67842
320.71530 486.28558
283.69138 301.43319
275.03621 300.78846
269.40640 300.64607
350.30366 279.09237
276.59421 292.35595
286.47263 289.04492
296.32245 288.11287
306.08151 288.93755
312.32976 290.72136
364.09688 263.52241
309.15231 298.47583
279.66042 408.43656
268.67329 385.48137
255.39265 407.96741
323.66502 472.52122
307.26403 487.93579
266.75149 515.16770
352.16275 444.71742
269.81335 297.13954
253.76885 333.17179
287.47514 513.92806
370.61372 380.03187
257.44836 443.57978
259.47717 445.67525
260.90916 448.39817
262.12144 451.95494
272.41380 465.11426
277.56833 438.83018
279.58409 437.71035
281.24944 436.60442
301.14373 421.96258
346.04588 385.52794
251.83251 318.08787
256.70117 292.28800
264.48487 293.02562
275.33421 439.92913
349.29028 416.27076
245.32048 293.47263
279.50330 476.84895
245.15712 327.80124
264.10985 353.47806
259.31649 486.14976
308.41759 449.48604
291.38730 383.35461
295.26593 464.63932
318.80654 378.28833
303.29213 395.36935
330.56912 397.67407
264.43738 501.95256
271.79021 358.92743
319.46835 458.46363
303.09197 474.94126
318.50304 432.62981
359.77124 398.83233
334.41354 432.68053
366.02521 407.72559
313.70408 410.50306
261.67580 340.15591
266.77357 383.19616
274.39339 383.67020
261.50655 376.00466
265.14828 280.86109
283.68256 272.72398
300.42550 270.51708
314.67992 272.10883
324.93565 276.94386
333.48176 295.95170
371.64082 323.08312
324.61911 313.17714
312.33125 317.52850
296.28537 318.18517
281.44547 316.37133
270.16057 313.67266
262.18438 310.75859
368.81242 319.72156
274.11542 385.96770
255.46304 346.81526
258.55019 386.06523
251.85368 391.97657
258.25986 387.50593
270.85236 389.27799
249.28712 393.68638
247.75933 395.40730
262.30775 301.15278
255.73701 304.82088
251.53153 307.82350
316.12382 292.18987
324.06281 286.31988
155.11191 293.43980
168.53537 292.99060
154.76430 282.53398
141.48680 293.87135
155.33553 304.25408
291.65108 294.03686
304.55704 293.21507
290.87128 283.41772
278.76904 294.77409
292.47083 304.63983
