199.63592 443.59472
198.03146 400.70240
198.38336 409.29510
187.15568 353.70604
197.82638 387.74887
197.79422 368.70186
197.79033 320.41753
108.30154 311.90294
196.62807 290.90212
196.15348 274.15264
195.67867 200.94636
199.70813 447.21827
199.64919 450.38156
199.60639 452.29595
199.84878 452.59786
200.22334 457.05441
200.46447 462.18571
200.60729 467.66154
199.36996 482.50846
198.26148 405.98845
185.62595 403.39473
63.05652 253.26579
144.54200 321.89141
131.91871 323.43753
119.72537 323.06210
103.68751 315.55846
155.34179 318.83959
122.73603 290.14628
137.66971 291.45904
109.59449 291.87013
101.58076 295.94037
93.79375 322.48870
152.02186 502.05893
103.60505 308.28180
59.73361 310.10098
79.74281 312.81212
136.82445 378.48991
184.30129 440.38218
185.81695 449.13949
170.46241 442.49407
160.67886 444.57821
174.00241 448.21567
164.41844 447.77150
142.55954 457.17182
187.35332 399.75399
185.47466 387.26511
82.77566 284.95115
161.91951 345.17900
158.31199 389.85020
157.92209 381.90380
100.35905 374.39025
186.21303 369.59980
110.72225 275.72647
93.52235 278.08191
73.01345 232.57498
168.82819 288.37950
151.03378 296.21830
132.47083 445.30961
74.71639 429.82707
167.60184 397.49669
177.72243 402.00305
146.18777 447.33318
148.92898 447.62788
86.78115 269.42625
157.96775 394.10481
135.32212 278.47445
132.72832 268.58776
121.94535 206.35138
81.80194 250.77491
130.14419 236.03915
75.99561 278.31623
70.85017 266.67984
184.84557 445.46340
172.21484 445.61056
162.45200 446.20118
170.49400 399.55669
147.60913 447.48761
154.53864 450.26762
150.42094 447.77800
173.66584 395.87616
165.96626 448.98988
175.62438 449.95258
186.85744 451.30590
183.01509 481.59868
185.61382 466.46130
185.82908 460.83645
186.34566 455.89704
187.14538 451.57324
166.25739 449.03173
164.35973 450.85239
162.42980 453.37794
160.87283 456.48934
146.75288 426.71476
61.79389 363.60983
198.34102 407.70798
158.77101 448.37918
156.67663 449.20335
182.19844 407.42539
162.55305 401.18983
180.03104 404.78609
149.44659 351.99571
129.22534 360.58269
156.01173 386.54574
91.63499 216.41050
100.71742 239.92574
106.21511 265.72103
153.08879 466.56758
163.98059 272.93348
160.91632 235.44859
155.56861 201.65015
109.53555 320.51296
81.20570 330.34137
162.23834 316.04535
90.04741 299.62685
170.30048 337.66158
165.77480 387.59650
70.15992 337.92042
89.47337 340.12823
105.41013 345.79073
129.32645 344.03219
146.92420 338.86526
159.81952 333.62645
185.94363 323.00719
72.88030 365.84544
80.53703 297.27846
191.61063 405.26097
162.52845 359.50895
57.15909 305.13573
169.54230 328.00103
155.29315 385.87317
98.24624 308.28534
165.52554 377.90920
66.65385 395.96055
162.02663 311.79116
175.52608 372.62192
98.30581 466.88751
100.32483 479.59282
62.66788 365.64878
83.81616 447.47029
65.13179 285.88463
149.13451 514.99901
192.98370 406.97117
151.69124 368.17877
70.62038 313.57320
120.54763 316.36094
131.34851 316.87421
152.72350 451.73037
75.37952 392.09077
172.66860 532.75727
135.02057 512.59924
118.73952 498.96781
196.05460 236.03818
199.21294 535.69841
142.06504 315.43438
152.35786 313.30167
159.00001 312.43048
72.72117 293.42029
149.50084 304.29100
137.82455 301.50931
126.52785 301.20357
115.90757 302.79419
109.63346 305.09453
58.38561 275.93314
113.31388 314.38214
198.52985 419.50936
159.00905 420.73200
167.65849 396.08331
181.46602 419.17366
197.39070 304.12363
114.94374 485.49293
131.14211 500.48160
171.71302 525.17097
86.37798 457.88990
158.06285 308.69530
177.97729 344.58992
199.04918 528.12943
152.35568 524.58376
66.91856 394.54441
175.95706 450.08880
174.25956 453.31034
173.05129 457.25924
172.25352 462.28929
166.37195 475.20683
156.39465 447.56743
154.39182 446.78949
152.80692 445.96339
137.12165 435.09561
90.74470 401.44385
178.29292 329.46931
170.54263 304.52930
162.89397 305.13544
158.54224 448.36753
88.76373 431.20098
181.36771 305.66961
158.65783 488.25878
197.84526 352.16302
186.39053 338.99001
197.87811 336.69666
169.47868 365.12324
199.07081 514.91493
199.20459 497.70751
178.42235 496.19455
129.89064 462.59377
145.16181 395.89335
143.12499 477.15997
116.88094 393.12003
133.70347 408.76209
106.28017 412.88267
173.74583 512.42293
162.35015 370.73663
118.89728 471.98669
135.11098 487.93002
119.58066 446.56682
78.30577 414.09900
103.89333 447.17527
72.70183 421.60573
123.56252 424.55183
170.47546 351.76307
169.74429 393.83637
162.12344 394.66672
174.87880 387.12555
159.22157 294.71841
136.97499 287.12741
117.96607 285.23735
103.08435 286.93571
93.57608 291.46548
90.09662 310.48020
59.60738 337.53850
100.57311 328.42457
113.45069 332.59652
130.28112 332.59153
146.07219 329.49612
158.33980 325.64632
166.71230 322.26111
58.95742 333.73637
162.43736 397.04678
177.77255 358.37875
178.43150 396.53019
184.96448 402.05346
178.56437 397.59395
165.98674 400.44677
187.54409 403.94982
188.76025 405.64663
166.37572 312.67590
173.03458 316.28391
176.72771 319.41189
106.16103 306.84374
96.97452 300.87462
208.61198 353.73024
282.67139 308.34128
211.47529 403.54962
336.20101 254.16482
247.62454 319.32123
260.61519 320.60527
273.19133 320.22547
288.31847 312.44989
236.56772 316.18349
269.34177 287.76876
254.27024 288.47802
282.37888 289.90392
290.00865 293.93238
300.84712 320.20854
245.82061 503.20040
287.36621 304.91535
340.17131 311.51049
315.97541 310.26101
260.88710 378.65026
214.42420 440.02697
212.81493 448.89152
227.32536 441.77946
235.84949 443.74001
223.67664 447.68826
232.04879 447.04872
255.02189 457.49935
208.78822 399.94138
210.16620 387.38323
310.84605 283.55590
235.48534 345.03113
239.12971 390.26592
239.54169 382.21537
297.68432 374.72859
209.43355 369.59201
281.21547 274.81968
299.03209 277.02677
324.14581 233.31730
222.78468 288.06008
240.77251 292.81657
264.58377 445.67680
326.38519 431.37286
230.12412 397.84282
219.95868 402.35022
247.65109 446.49511
244.94537 446.76805
306.35860 267.53822
239.79541 394.64020
255.98342 277.81161
258.58318 267.31793
270.85754 206.54855
314.10796 250.76850
262.53780 235.64870
318.48876 275.99970
326.93805 267.09479
213.89228 445.18827
225.53458 445.05064
234.08858 445.43900
227.21755 399.95007
246.26865 446.64555
241.02702 449.47661
243.46152 446.91727
223.58096 396.02795
230.35781 448.20428
221.89948 449.39840
211.70211 451.06212
215.79143 481.77963
215.00179 466.35373
214.34924 460.63258
213.33438 455.64535
211.91096 451.31002
230.35037 448.30470
232.74024 450.19417
234.92572 452.76742
236.62551 455.97352
250.51395 426.94180
339.87331 365.35865
236.57699 447.57806
238.84589 448.39862
215.31341 407.72421
235.39973 401.65756
217.57350 405.12160
248.13106 351.92671
268.47018 360.67081
241.72191 387.00195
303.32374 216.83745
293.54030 239.62933
285.87173 263.78827
244.74933 466.92337
227.28118 272.10758
231.23077 235.28299
236.22806 201.68189
282.91114 317.54579
314.98126 328.69580
229.51930 313.40348
302.81814 297.51219
226.77478 337.44883
231.02420 387.78415
328.79897 338.90984
306.52374 339.24850
290.55499 345.39323
265.93543 343.69977
247.64331 338.17563
234.41646 332.71339
209.92828 322.94256
326.08100 366.72033
314.09377 295.13171
204.92549 405.37118
234.87697 359.48281
344.10842 306.56385
224.45129 327.00917
242.62531 386.27666
293.43261 305.13666
231.29405 378.02365
334.94102 397.62923
229.46632 308.75697
220.51658 372.68984
299.68223 468.57151
298.55853 480.83579
337.49625 366.94223
314.71690 448.99001
333.99219 286.76757
248.59683 516.51724
203.78680 407.06683
245.90839 368.31402
326.67598 311.04533
270.92197 312.74237
260.22964 313.51716
242.91862 450.97386
323.51890 392.90959
225.63277 533.51829
263.25717 513.91702
279.71767 500.42856
249.49554 312.24451
238.99707 310.11373
232.37392 309.34441
323.03790 290.38143
241.85043 300.13929
253.69827 297.39613
265.27545 297.65954
275.65238 299.69582
281.55101 302.07235
342.06279 277.01261
277.86819 310.67812
238.62262 420.82643
229.97306 396.37750
216.01390 419.37617
282.89375 487.47471
266.41128 502.34617
226.32148 526.07548
313.60740 459.14299
233.37905 305.20145
218.34415 344.54518
245.86570 525.68467
332.93933 395.82453
222.02640 449.57433
224.31831 452.83965
225.97186 456.86914
227.26596 462.04814
231.94179 475.41900
238.63784 446.70387
240.65234 445.90861
242.29572 445.07066
259.82360 435.45224
307.39040 401.93141
218.13598 329.37053
221.66694 302.06549
228.82968 302.08213
236.47033 447.52533
309.31289 432.06480
211.82307 304.49416
239.26727 488.89330
209.49214 338.97782
227.36381 365.17017
219.90741 496.56869
267.45967 463.57848
252.71407 396.27456
254.46971 477.96045
280.85132 393.45805
264.01729 409.21528
291.52602 413.48051
224.39658 513.14880
235.09864 370.81974
278.73805 473.43663
262.30376 489.28083
277.53288 447.44873
320.39180 414.97550
293.57246 448.12896
326.72244 422.97585
273.80691 425.24493
226.39701 351.73468
227.33508 393.99241
235.42846 395.08604
221.30645 387.31281
232.14023 292.29695
254.46513 285.15464
273.79054 283.70756
289.02663 285.53025
298.68980 289.91206
303.39183 307.75552
340.47538 338.93002
293.69537 326.52144
281.13101 330.98101
263.68243 330.97287
247.21885 327.74489
234.69890 323.76769
226.25648 320.31032
342.58807 335.36919
235.23631 397.50203
218.37230 358.36974
218.09306 396.72176
211.90559 402.27934
218.41602 397.78128
231.80537 400.86114
209.11643 404.10239
208.15524 405.73701
225.40240 310.00011
219.74261 314.24992
216.82185 318.20535
284.90104 303.75264
294.52632 298.46749
127.73395 306.58956
141.26064 306.21922
127.06882 295.48560
114.14684 306.89659
128.32246 317.66414
259.20573 303.91750
272.42618 303.82361
258.72554 292.81470
246.10694 303.77884
259.76901 314.96404
