167.89643 398.38173
168.47928 364.46513
167.84997 371.89648
162.42702 321.50589
169.34062 352.79495
170.58786 335.67971
173.75884 292.16757
98.48762 275.34700
175.31644 263.90405
176.39499 248.63155
181.59879 183.16745
167.74205 401.61113
167.43129 404.54744
167.18633 406.44271
167.21809 406.66248
167.11618 411.45814
166.81806 416.97832
166.41065 422.58141
163.17140 437.78992
168.13287 369.25435
157.37182 366.25747
63.31512 219.96657
128.19007 287.89623
117.13502 288.12742
106.70116 286.78640
94.25502 278.66250
137.77261 286.14621
112.03628 256.60804
124.99683 258.84813
100.60374 257.49485
93.62720 260.77481
84.41596 284.44741
121.12655 449.97760
94.99036 271.72019
53.87042 271.17730
72.97364 274.28278
116.02889 339.40175
153.89796 394.51902
154.67387 402.48377
140.89261 395.57584
131.81001 396.50564
143.83746 400.86002
135.21251 399.69732
114.69634 408.90305
159.37322 363.04010
158.82653 351.57276
77.84579 249.66484
140.83093 311.58920
134.89042 352.13680
135.02586 344.81411
83.87042 332.72247
160.57347 335.71678
102.19121 242.68239
87.40911 243.98604
73.64793 202.11535
151.29266 258.30389
136.20980 264.34690
106.84907 396.80575
56.12909 378.83351
142.27969 359.80105
150.61471 364.26551
118.84855 397.22366
121.44561 397.87878
82.18608 235.57909
134.05540 355.66785
123.13304 246.61500
121.54248 237.37065
117.55330 182.50173
79.89852 218.77515
122.69273 209.75884
72.50964 242.96769
68.78917 232.13564
154.03501 399.00718
142.28816 398.36666
133.38552 398.08375
144.54826 361.65634
120.17520 397.56335
126.00545 400.79192
122.79395 398.18771
147.72142 359.08516
136.74527 400.98375
145.36039 402.62945
155.53115 404.63666
148.57835 435.65203
152.21540 420.01679
153.06913 414.43958
154.19906 409.12893
155.47742 404.69183
136.78350 400.62712
134.73981 402.27649
132.54947 404.61722
130.77111 407.43193
121.16351 382.01006
50.16414 318.59353
168.01334 370.70094
130.30025 399.42618
128.17840 400.01931
153.98517 369.16172
137.28143 361.87997
152.33768 366.78307
129.25981 316.63579
110.68988 322.66696
132.81966 348.65460
90.75593 189.14351
97.06351 210.65479
98.98298 233.14881
123.27363 419.04849
148.30489 243.59745
149.13179 211.72064
146.89435 180.88410
98.49717 283.60026
72.40842 290.61489
143.98755 284.26968
83.48911 263.31549
148.78354 305.53408
141.61279 350.76707
60.33759 297.31680
78.54663 300.58087
91.60526 307.34834
112.52935 307.82000
128.21307 304.46929
139.71730 300.69957
163.43467 293.66164
59.94638 322.47419
75.05813 260.39006
162.48721 368.22928
140.40687 324.63861
52.19072 266.10587
148.50946 296.30621
131.97543 347.81634
90.35888 271.50737
142.03359 341.81716
51.40937 347.88869
144.33843 280.21141
151.11808 337.68834
76.10784 414.40230
76.82269 425.21543
50.27703 320.91630
63.64585 396.07730
61.38519 249.50217
118.25998 460.54984
163.45058 369.76026
130.05609 331.44312
64.80354 274.12575
108.14763 280.39799
117.25433 281.86087
124.17051 401.84918
59.76224 346.03089
136.94377 477.42001
106.20837 456.75344
92.67974 443.59264
179.24691 214.72693
159.07224 481.80665
126.66818 281.57814
135.79215 280.61242
141.65462 280.52085
68.53992 256.11875
134.18866 271.46534
124.33175 267.60389
114.49630 266.46845
105.33719 267.34717
100.01529 269.17639
56.69488 240.07207
102.32528 277.97609
167.56639 380.12026
132.52452 378.00091
142.52471 358.72351
152.57686 378.59546
174.65944 276.60127
90.37490 431.95580
103.77124 446.23792
136.79305 471.29724
65.03167 404.85707
141.16183 276.74338
155.13662 312.57829
159.62379 475.73627
120.29634 468.68903
51.44656 347.13147
145.32273 402.41747
143.30051 405.59460
141.60066 409.55199
140.30370 414.47054
134.29870 428.42861
128.15917 398.72406
126.24595 397.78267
124.75341 396.87012
111.94925 388.32892
72.92855 355.95643
156.34420 298.85477
151.91745 274.03987
145.56169 273.91235
130.20572 399.71045
69.18525 382.13333
160.48078 276.15250
127.24788 438.79459
171.70835 320.89857
162.77297 308.27360
172.74221 307.05859
146.22235 330.38400
160.64540 464.98778
161.98568 450.59571
143.91603 447.64466
104.23845 412.93119
122.22627 355.65452
114.63575 427.27259
97.19592 350.88365
111.13042 365.89865
86.34830 367.37531
139.11786 461.00084
139.52974 334.85889
94.50387 420.52205
107.60198 435.89465
96.11205 397.54205
60.74432 365.86878
82.20216 397.40821
54.88225 371.95789
101.04921 378.51255
148.01793 318.38332
144.51392 356.91160
137.83349 356.90091
149.60283 350.92897
143.09463 263.68209
124.41306 255.01224
108.06558 252.15243
95.19756 252.84393
86.99878 256.31998
82.68304 272.92963
50.71059 295.68224
89.73546 290.53378
100.17608 295.50560
114.70378 296.88978
128.63164 295.36720
139.48659 292.92373
146.95289 290.55499
50.81256 291.79398
137.79098 358.81427
153.93882 324.97875
151.85983 359.85892
156.90387 365.10983
151.76885 360.89095
140.43966 361.77904
159.03058 366.89315
159.91206 368.41075
147.88404 281.47428
152.90313 285.48330
155.42014 288.82365
97.11839 270.57918
89.62806 264.82172
180.99597 322.95615
251.69866 287.44842
179.52420 367.95035
298.78040 239.36979
219.98788 295.94649
231.09660 297.70458
241.91905 297.86832
255.85040 291.40298
210.70369 292.64052
240.35390 267.01031
227.08831 267.13947
251.66084 269.66518
258.12606 273.94849
265.12155 298.89938
201.85140 456.86094
255.91094 284.23846
300.03370 291.57180
278.30119 290.69797
225.97223 348.20476
181.85588 396.01435
179.63733 404.02203
193.99291 398.24455
201.94513 400.54608
189.88511 403.58944
197.76059 403.60837
215.09433 417.12091
177.74482 364.54038
179.97150 353.27723
275.45167 266.30494
205.47157 316.57061
204.61623 357.78913
205.76253 350.50771
259.23820 346.81328
180.58570 337.22801
250.50178 256.43498
265.74771 259.59595
289.33009 219.90010
199.17262 264.89034
215.18977 270.86522
224.57753 406.33772
278.71009 396.72084
196.00993 364.07162
186.94730 367.19770
212.83372 404.01990
210.14859 404.17826
272.30787 251.85484
204.94891 361.47185
228.72733 257.41155
231.42190 248.33885
246.23479 193.16277
280.05477 235.03410
237.04044 218.80470
282.22434 260.21664
290.55833 250.51285
181.03385 400.60704
191.98625 401.18698
200.00415 402.10403
193.43673 365.58471
211.46409 404.11176
206.06551 406.63763
208.70355 404.24540
190.49566 362.34140
195.82597 404.69556
187.83439 405.21190
178.25706 406.06407
178.08797 438.18208
179.93350 422.24487
179.86043 416.44325
179.30539 410.90827
178.39599 406.23395
195.84823 404.63158
197.88362 406.82631
199.86253 409.69187
201.30059 412.95861
213.54240 389.42879
296.67720 338.97915
201.82096 404.39063
203.96478 405.41918
182.68764 371.49370
200.90549 367.11537
184.71982 369.42687
216.37830 323.45540
234.08105 332.47007
207.41872 354.77300
272.83303 204.16386
263.03729 223.93587
255.00863 247.15110
205.11914 425.82156
203.89743 250.65074
210.05618 216.54798
216.85088 186.62379
250.73655 295.88016
276.18650 306.96509
204.74796 289.80383
268.45081 278.33333
198.24182 309.28004
197.85306 355.19426
288.77322 316.07156
268.55666 315.92366
254.47059 320.54464
233.36848 317.98125
218.00142 312.33181
206.86345 306.81729
184.17703 295.21763
285.09841 340.91091
277.76000 276.94461
173.92890 369.14994
203.82001 329.58410
303.47511 286.69718
198.51190 301.14033
208.44119 354.09142
260.56617 284.89332
198.92732 346.30003
289.77195 367.46807
204.90331 285.65115
190.02879 340.73872
250.89866 428.61715
248.44138 438.77328
295.16813 341.17774
266.38412 412.35492
295.88670 268.96309
202.53347 467.90278
172.70347 370.48645
213.12675 338.06131
286.79122 291.84406
240.96822 291.23265
231.52999 291.42007
207.83374 408.10643
280.74697 363.95221
181.47084 481.23469
214.88616 465.68565
230.06389 454.74011
222.22594 289.78931
213.28571 287.43001
207.52670 286.43409
285.33593 273.41716
216.23794 277.70656
226.63976 275.09813
236.76721 275.48340
245.92300 277.87142
251.03158 280.67937
302.99068 260.32597
247.29858 289.56841
203.16856 383.60336
195.93286 362.93041
183.06112 381.15847
234.18697 444.00784
218.76731 456.09471
182.86290 475.37598
264.15761 420.52418
208.52971 282.39864
190.20961 315.27452
199.18927 475.26043
288.68922 366.52919
187.97046 405.25458
189.70847 408.92365
191.01905 413.34266
191.81087 418.65318
193.01988 433.26753
204.08815 403.76762
206.17515 403.05405
207.95488 402.29606
221.27883 397.18239
265.84647 371.39398
191.06248 301.49461
197.88900 278.67576
204.50042 279.16406
201.75561 404.48062
263.83769 397.64099
188.55113 279.89836
197.91343 444.68942
182.71424 309.80871
196.66076 334.33579
180.34618 450.75883
224.42052 422.81901
216.90696 363.32940
211.92723 435.31452
242.78691 362.59593
226.36110 375.26486
250.49657 380.65488
182.59832 464.81668
202.97675 339.85481
232.47665 431.90192
217.00092 445.06040
234.91384 408.86552
275.50254 383.07942
248.38462 410.76265
280.08018 390.12042
233.86150 389.38450
196.83105 322.17634
194.00361 360.71656
200.87997 361.98040
189.50380 354.07533
207.63135 269.94591
227.30632 264.18069
244.13125 263.78670
257.17815 266.32090
265.32251 271.03236
268.31531 287.85738
299.23284 316.27807
258.79279 304.17478
247.52826 307.55391
232.61174 306.82650
218.69464 303.26438
208.14124 299.14763
200.96105 295.58661
300.77018 312.29521
200.60508 363.88790
189.24504 327.69217
185.95281 362.49113
180.12502 366.94259
186.03847 363.51222
197.60072 366.42606
177.62014 368.33305
176.54966 369.65810
201.21162 286.41455
195.55778 289.71065
192.32379 292.75954
253.83052 282.69054
261.78519 278.63298
117.73458 273.23067
129.14239 274.27931
118.37711 263.37114
106.23332 272.17550
116.99226 283.19233
232.06958 281.38065
243.57558 281.97224
232.48517 271.76676
220.66079 280.64013
231.76093 291.06950
