228.61545 468.90699
228.82430 427.32614
228.31962 437.79293
214.77496 378.20450
228.45283 412.82573
227.45582 392.82271
224.30778 344.46416
129.98672 339.70410
221.58500 316.76239
220.58719 299.15637
217.73452 217.65775
228.74911 471.56804
228.70048 473.93387
228.62907 475.50226
229.18502 475.16700
229.49733 478.18185
229.65194 481.85497
229.62299 485.86303
232.36270 514.41877
228.75129 433.94478
213.21433 432.27481
70.33256 282.77743
167.90122 349.04810
155.00339 350.57728
141.89727 350.93957
124.23549 344.57520
178.43002 346.51084
143.88007 319.94634
159.21516 320.40532
130.39813 322.50434
122.17876 326.89103
112.02007 353.07708
179.97874 543.88494
124.56977 336.92338
66.67325 345.33970
94.56096 345.11980
156.51126 408.57865
210.26736 467.77183
212.23026 474.22252
193.71738 470.36143
182.42480 472.71523
198.10493 474.63515
187.11620 475.21831
165.11596 492.17384
216.71931 427.05178
214.85976 413.04994
99.74307 318.75390
184.01370 372.75114
180.50529 418.11828
179.57935 409.79234
115.26012 406.37362
214.73285 394.44182
132.23033 308.58998
112.77045 311.65735
83.14227 259.15598
194.19025 319.30680
172.75066 324.33588
151.99931 479.94200
77.98888 479.47124
190.87260 426.42182
202.77023 430.84528
168.06579 476.92632
171.14825 476.84302
103.65615 302.74015
179.15317 422.72643
159.32559 310.58458
155.66119 299.85591
138.71638 227.08956
95.44833 277.79547
149.66644 258.70108
90.06011 311.53595
81.39842 296.08224
211.05804 471.43852
195.87779 472.71542
184.68204 474.03732
193.91227 428.49200
169.68341 476.89194
177.41801 478.53049
172.89062 476.74665
199.30873 424.65639
189.26620 476.11361
200.18295 475.94225
213.56612 475.93163
214.10892 514.68045
213.13789 486.24714
213.37215 482.07552
213.67908 478.49232
214.29008 475.55504
189.83794 476.19021
188.22753 477.71817
186.32278 479.85445
184.75894 482.36931
167.31929 458.93676
64.38174 407.26693
228.46908 436.07057
181.57371 476.59995
179.60326 477.43789
208.40427 436.35671
183.86104 430.21410
205.63731 433.72269
170.27106 380.32798
148.42395 389.89168
176.77703 415.03012
104.99911 240.06568
117.38712 264.70001
126.11530 297.70682
178.59035 501.59638
188.42666 303.09407
182.41336 256.29695
175.05996 220.09910
130.85406 348.95817
97.48332 362.34814
185.02353 344.15523
108.41747 331.66783
193.46927 364.47883
190.41896 415.42415
80.17219 372.49636
108.09955 371.70328
126.35459 376.67352
152.55424 373.95614
171.17549 368.07200
184.36389 362.35535
211.27204 347.97062
81.78157 401.81666
96.22928 330.10067
221.08421 433.53936
184.46117 387.22329
62.02850 341.78367
194.25044 356.39158
175.37925 414.77321
118.28502 338.09188
189.40032 405.16482
68.54522 442.97625
183.76422 339.84610
202.11391 398.71001
112.01171 513.16182
112.94692 530.03921
67.06327 406.32650
92.05024 494.16728
73.77551 318.00003
176.81262 559.95425
222.12310 435.55777
172.29667 396.94458
82.64697 346.70872
143.22993 342.90723
154.36893 343.07390
175.54473 479.75352
82.53471 431.18401
203.52027 578.82867
158.48228 561.67372
137.69191 548.91151
219.26139 255.36898
232.66299 579.96183
164.91019 341.83684
174.74422 340.32253
180.97827 340.09027
85.31253 326.15783
170.74233 331.03408
159.00516 327.83558
147.61977 327.83056
136.87228 330.14934
130.68515 333.10805
64.15246 308.59758
135.55907 341.53583
229.02938 448.10401
180.97118 451.36122
191.29775 424.95206
208.71967 448.44267
222.84282 329.49602
134.12925 531.78507
154.66979 546.33717
203.15234 568.31746
93.63994 508.49497
179.43492 336.31421
203.26392 370.28385
233.21803 569.29072
179.82791 572.29301
70.29142 438.38162
200.82004 475.73786
199.48280 478.11876
198.49380 481.18408
197.85865 485.02135
194.69825 509.57960
178.46790 475.90227
176.03946 475.36238
173.98925 474.67622
156.70753 468.49410
101.57447 438.11184
202.61481 355.35060
193.87347 332.72722
185.01998 333.14101
181.28326 476.36544
98.65016 472.90725
206.18674 334.25936
186.72458 526.64971
226.41933 375.99200
212.97687 363.54246
225.45093 360.45828
193.46618 392.09691
233.11183 553.14738
232.67158 532.77055
209.76302 533.01227
151.51408 501.06659
164.78282 426.36267
168.14693 515.96276
133.84395 425.53315
152.75039 441.24674
120.73474 448.52089
205.28506 552.63999
184.23389 398.50505
139.20058 514.09704
159.48661 530.14388
137.93018 483.90860
85.12038 456.05710
118.81236 487.65749
77.07187 467.79398
141.28844 458.91900
194.07649 378.57652
195.05794 422.29790
185.02078 423.34756
202.00061 414.14113
182.68081 323.95936
159.84309 317.51665
139.88425 316.41175
123.64532 318.81100
112.99110 323.80995
107.93521 341.70732
65.38230 375.56199
120.66447 358.54189
134.99911 362.11827
153.33667 361.30163
169.85805 357.73324
182.09636 353.87923
190.51223 350.46501
63.05549 374.01781
184.69325 425.83571
203.87447 384.12219
205.93429 424.59749
212.92960 430.93115
205.34000 426.28896
188.25122 429.34108
216.20284 432.50224
216.99580 434.47508
188.82503 340.90877
196.70188 344.33773
201.35974 347.52387
127.21690 335.27459
117.18616 331.75976
237.94112 377.39488
311.03099 332.72471
242.91049 431.48380
358.51905 274.21144
273.55823 344.85729
286.31988 345.67946
298.95255 345.15990
315.85616 336.97777
263.13380 342.55910
296.14406 310.28956
280.82523 311.95772
309.41600 312.28415
317.31403 316.82934
326.08855 344.92829
281.84638 539.83736
315.98663 328.75689
367.19321 336.67078
341.23241 335.51721
294.13665 403.83423
246.17904 464.71830
244.55192 471.42725
262.04410 464.28339
272.51315 464.80790
257.79205 469.37858
268.08177 468.18826
293.77376 487.63850
240.60966 426.37876
241.79286 412.15535
336.13200 308.12109
264.10415 369.88996
273.72703 415.59274
273.62323 407.05211
332.21160 398.99976
239.92015 393.51749
306.99374 298.12215
324.64534 300.82910
346.21059 251.48101
249.53502 313.03983
267.49538 317.62988
305.05637 474.94318
363.13113 471.21347
263.97014 424.61082
252.72803 429.71283
285.99521 466.67324
283.08212 467.05356
331.83509 292.05538
274.80621 420.27806
282.34237 301.46820
285.24345 291.01640
294.05757 222.52190
337.16209 270.39560
285.97072 254.12346
343.66679 301.28177
350.65559 288.20755
245.61244 468.45502
259.92946 467.09218
270.39153 466.53033
260.91285 426.92123
284.49981 466.86739
277.60841 469.93863
281.51759 467.22209
256.27204 423.08486
265.89996 469.42229
255.56892 471.13210
243.16009 473.44966
249.94300 513.24660
245.06026 483.86991
244.84260 479.73195
244.28390 476.19311
243.45065 473.29748
265.94653 469.77821
267.62996 471.21952
269.39487 473.07649
270.77422 475.44921
289.40509 455.04702
369.72636 398.47119
273.65459 468.66739
275.55328 469.22718
247.87357 435.47872
270.30822 428.05722
250.23872 432.72278
277.70454 376.51774
299.83031 384.55812
276.25102 412.21785
325.84480 233.60996
316.28074 258.40214
311.86664 287.63927
282.10857 497.72711
254.74757 296.50259
254.90710 253.81170
259.37762 217.64105
309.62096 342.37616
339.57381 353.20499
256.54762 340.27953
329.32655 321.85977
254.62432 362.26253
264.36691 413.25078
359.13291 363.74040
330.21472 363.20701
313.56471 369.19550
289.05273 368.09942
271.33693 363.30717
258.76250 358.31279
237.16064 347.04494
360.34827 393.01107
339.60986 320.14391
236.27155 433.09042
265.48568 384.52851
368.41087 332.64688
249.39529 352.77060
276.84737 411.85917
321.12663 329.39212
264.10129 402.84656
368.66756 434.20697
257.10002 335.87126
251.95945 397.01739
339.44907 506.03934
337.35332 522.89284
370.88611 397.31763
355.29536 486.46782
359.07100 309.61370
284.85950 555.80573
234.62714 435.22805
277.60612 393.44681
352.08175 336.83055
297.99880 337.62356
286.87377 338.48919
279.36118 470.93242
361.47723 422.61899
260.45840 576.44977
299.60635 556.20111
317.17395 542.58364
276.15649 337.70454
266.12575 336.45429
259.84008 336.30507
348.52218 316.12188
269.75364 325.15657
281.27040 320.28771
292.92609 319.10480
303.83517 320.90628
310.10951 324.11430
365.12504 299.53488
305.63842 335.45168
275.84933 448.45117
263.67740 423.11331
249.40479 447.33417
320.83961 525.51790
303.30920 540.99234
261.68178 565.98446
352.11368 500.81508
261.27116 331.74045
247.06435 368.71496
281.58088 568.06293
369.88635 429.63578
255.77331 471.25377
257.24811 473.58233
258.35326 476.54272
259.12448 480.32895
267.81444 506.61651
276.32575 467.36686
278.41338 466.45746
280.30509 465.48092
300.15830 463.90810
346.36897 430.38373
245.54881 353.84015
248.46729 328.25343
256.07715 328.27750
273.67278 468.26557
350.15994 465.21841
237.89226 330.20979
275.08773 523.06265
237.74577 362.60499
258.32797 390.01264
254.41924 531.11424
305.71052 495.68011
287.88074 422.46469
291.32278 511.25902
317.26367 419.40974
301.08688 436.39919
330.79002 441.82030
259.45110 550.45337
267.22667 395.87889
316.81461 507.89547
299.30904 524.93694
317.36987 478.07608
360.40149 447.74931
333.93863 480.70579
365.92441 459.43314
313.35391 453.46280
255.87745 376.51587
260.44364 420.39033
269.76634 421.14485
253.67583 412.47992
259.02538 317.52618
280.92937 308.75683
300.20396 306.48691
315.42609 308.39828
325.25989 313.41680
329.65648 332.62635
370.26538 366.60107
318.62655 351.05383
305.27919 355.56496
288.00925 355.88084
272.09430 353.24522
260.26591 349.93033
252.23903 346.75352
368.74034 364.98840
269.82219 423.71578
248.32881 382.54222
250.57265 423.24244
243.56693 430.07358
250.73665 425.06297
266.32098 427.41703
240.79814 431.79800
239.42897 433.83933
252.62183 336.94410
246.16874 340.67986
242.40855 344.03293
313.50131 326.67101
321.93984 322.21511
153.13697 335.10181
166.21310 334.44115
152.15816 323.86344
139.65354 335.67132
153.93073 346.30671
289.54860 327.70284
302.88051 327.39553
289.58865 315.92876
276.09618 327.91283
289.53876 339.50976
