152.15934 357.70147
150.61393 320.25021
151.41845 328.29529
143.28605 284.13830
150.67138 309.95088
151.12926 295.36225
152.55016 258.46827
86.50172 252.26088
152.81600 233.09768
152.78522 219.32594
154.42973 162.42141
152.16792 360.85671
152.22789 363.62642
152.37689 365.43543
152.18806 365.83754
152.16277 369.18899
152.14286 373.26306
152.19104 377.82988
152.39463 392.62122
150.86215 324.84644
141.29134 323.44038
51.50420 206.23845
113.06272 260.28813
103.55405 261.30574
94.24434 260.96292
82.37796 255.59402
121.06517 257.88911
97.66761 234.07936
108.58339 234.93907
87.77362 235.78660
81.59507 239.46156
73.98435 261.54221
116.64907 405.54545
82.97488 249.90261
46.16233 251.56156
62.99144 254.20182
104.27789 305.12474
141.74464 355.32140
142.92590 362.80721
132.26699 357.97705
125.52505 360.49693
135.00488 362.84287
128.51745 363.26851
109.99719 371.83617
142.38151 319.72036
141.08512 309.86887
67.18089 230.09455
124.18014 278.71024
120.25172 313.40717
120.00648 307.36402
76.11329 302.49848
142.09151 296.19604
89.10354 220.65775
75.94730 223.57475
59.47313 189.35364
132.02060 230.44042
118.17966 238.67093
103.02974 361.99286
58.35429 346.59110
127.63236 319.42659
135.40988 323.03090
116.29264 364.13812
118.31596 364.21360
70.68313 216.62176
120.11371 317.15435
107.42267 222.23125
105.47425 214.02398
96.38622 167.59475
65.25480 202.33236
101.69336 190.22145
61.54496 224.89221
56.33870 215.33594
142.13741 359.64901
133.57688 360.60816
126.90978 361.90856
129.92027 321.17142
117.32249 364.17231
121.56219 366.02580
119.43336 364.27730
131.96178 317.52517
129.89268 364.25580
136.26876 364.27279
143.77895 364.72440
139.81437 391.54313
141.74464 376.83161
141.93999 372.21507
142.52273 368.36766
143.46595 365.14099
129.57179 364.42449
128.03188 365.82833
126.44984 367.88911
125.21308 370.55618
112.62063 344.22095
47.85176 294.36421
151.08394 326.50550
124.76722 364.36526
123.16356 365.07765
138.81873 327.29065
123.78120 322.99263
137.17330 325.27378
114.29027 284.14100
98.41285 291.03654
118.60400 311.35499
73.40545 176.07886
79.52300 193.39375
85.55793 212.44501
117.65277 379.37602
128.68671 217.40630
125.65517 189.73804
122.58884 163.43162
86.68317 259.14908
63.89827 268.12165
126.12415 255.52324
72.21584 242.94070
130.86040 272.65689
125.85784 311.06540
52.56175 273.59770
70.09181 275.53835
82.04391 279.74970
100.34593 278.45613
114.00371 274.40014
123.98284 269.98757
143.24611 260.72117
54.45306 295.85371
64.40290 241.09239
145.71529 324.39258
124.37526 289.90467
45.55139 248.24255
131.43134 265.05930
118.29478 311.15582
78.57280 249.95967
125.86665 303.69508
51.53493 319.76178
125.65688 252.12399
133.69956 299.00399
77.37243 376.85318
78.35880 386.64039
46.94682 295.53892
66.08627 361.04986
51.00959 231.61166
114.48213 415.73162
146.89758 326.00857
115.84712 296.91676
55.13135 255.34962
95.55520 255.10929
103.55039 255.63412
120.14198 367.39829
57.23449 316.66685
131.91051 431.06308
103.89291 413.56675
92.12627 402.38319
153.44325 189.91877
152.54855 433.86208
111.37735 254.81819
118.78745 253.29709
123.48823 252.61583
57.57198 238.24266
116.73061 246.28059
108.29173 244.25255
100.24585 244.12876
92.50919 245.53992
87.77763 247.45775
47.10967 224.75200
90.24400 253.79975
151.68750 335.62303
120.93951 338.39626
127.42053 318.07756
138.35925 335.86804
152.95104 244.88515
89.62808 391.77545
101.48799 403.74623
131.17557 424.47070
67.73959 369.18114
122.75706 249.68477
136.53106 277.60907
152.23407 427.54947
116.54521 423.75822
50.71181 318.47084
135.91273 364.58967
134.34856 366.97401
133.29227 370.12716
132.61123 374.22576
127.33058 386.44633
123.25935 363.73022
121.59160 363.09225
120.32073 362.37437
106.37960 352.36279
69.66970 324.11407
137.18406 266.02608
132.57724 245.28349
126.76181 246.16340
125.01750 364.32954
69.52178 348.19267
140.64464 245.66171
121.66564 395.41179
151.65134 282.82091
143.10352 272.97277
152.11150 271.04216
129.41066 293.86056
152.12398 417.00652
152.22732 403.94945
136.42909 402.16906
100.43096 375.01877
110.66930 319.25928
109.98214 386.42116
89.48772 317.21538
102.53787 329.96284
82.25539 333.54787
132.76080 414.33569
123.83636 298.65332
92.23338 381.68708
104.18662 394.22443
92.97050 361.92849
60.59825 334.27500
81.09559 361.58374
56.33899 340.12113
96.02744 343.59895
130.60508 283.55695
128.87222 315.86689
123.18565 317.07974
132.90214 310.19862
124.60883 236.58215
108.36595 230.31599
94.33212 229.08984
82.92859 231.03709
75.42344 235.50500
71.78113 251.93789
45.14535 273.32315
79.18151 265.99956
88.73979 269.08370
101.63911 269.08364
113.78764 266.72945
123.09489 263.54817
129.40585 260.59960
46.46743 270.93143
123.61057 319.24432
135.89534 288.10879
135.49491 317.57635
140.68641 322.18472
135.69507 318.64523
126.47056 322.12076
142.57846 323.48589
143.62766 325.13358
129.22492 252.60241
134.17381 255.37026
136.91123 257.60735
85.03900 248.87998
77.86132 243.83416
160.22342 284.15623
220.86829 251.58532
161.32320 323.46567
266.42757 205.25689
195.08109 259.94756
204.30652 260.82935
213.65714 260.50896
225.94054 254.92010
187.34397 257.50741
209.28802 235.49129
199.05173 236.25221
218.78570 236.76295
224.89959 239.84110
235.83247 261.05224
188.96068 406.60581
224.70435 249.24330
269.15641 251.97316
247.83275 253.82698
202.45452 305.30051
163.00639 355.67220
162.13905 363.25348
173.35506 358.80997
180.71487 361.79749
170.69225 363.76621
177.67886 364.60129
196.79015 372.16827
159.05818 319.79731
160.40870 309.91982
239.99034 231.17537
182.72205 278.57296
183.68221 313.69237
184.50801 307.55881
232.11131 302.80924
160.35983 296.22282
215.34469 223.86314
229.54314 225.55589
256.74678 188.15530
173.20995 236.03711
189.92908 239.50778
203.94408 362.25141
256.09927 347.51614
176.20830 319.63670
168.12007 323.12955
190.64799 366.33006
188.59286 366.22535
235.38833 217.87185
184.17430 317.48185
196.72927 227.02286
198.27640 218.24331
214.74216 166.74081
247.91892 201.48644
206.74125 189.46880
246.73309 225.41463
258.49818 215.06609
162.72075 360.02501
172.04482 361.53057
179.29259 363.22586
173.82770 321.36312
189.59388 366.28078
184.85774 367.74082
187.45876 366.18779
170.89938 317.69743
176.37206 365.49636
169.50080 365.13339
161.53171 365.14788
165.46642 391.78414
163.10367 377.33198
162.74238 372.63778
162.19638 368.74189
161.40044 365.49530
176.32938 365.54895
177.94173 367.03945
179.47856 369.18123
180.75206 371.91284
193.35807 344.39012
269.07115 294.81518
181.63120 365.81704
183.24390 366.66515
164.67494 327.42803
180.67435 323.28105
166.34818 325.39709
192.82638 284.06440
209.10148 291.13983
186.25804 311.64045
240.43643 174.90006
231.46461 192.44431
218.79531 214.81506
188.80538 379.78823
175.93513 223.07251
181.62421 189.33893
187.03487 163.00116
221.40022 258.66290
247.40749 267.82103
182.48412 255.21850
235.75076 242.98997
175.81966 272.51694
177.19169 311.24906
258.93878 274.02511
240.22231 275.47823
227.21736 279.79319
208.07586 278.53585
194.28275 274.35540
184.27615 270.00433
162.27271 260.64144
256.05476 296.40615
244.75440 241.35471
156.19029 324.41949
181.67194 289.83972
273.00380 247.89471
176.67396 265.32677
187.18456 311.42724
229.52232 249.36319
177.90076 303.77690
264.37484 320.50806
183.12991 251.85652
169.26219 299.07564
231.87328 378.16523
231.97398 388.02325
266.60632 296.32543
244.54543 362.15534
264.30572 231.61928
191.19937 417.09458
155.33450 326.00696
190.49087 296.98130
257.12535 254.90976
211.61895 254.49662
203.85150 255.03783
186.34284 369.17167
253.16650 317.34712
173.45863 431.78824
203.46000 415.01508
216.61647 403.98106
196.49982 254.24045
189.47543 252.77889
185.09738 252.22007
252.61501 237.90933
191.79652 246.00871
199.81094 244.16613
207.43442 244.13897
214.82421 245.37715
219.47005 247.00553
271.26350 224.02359
216.94045 253.13123
184.17064 338.56894
176.13460 318.34509
165.75011 336.04835
218.43780 393.39804
205.32550 405.39350
173.70181 425.27009
244.62005 370.18532
185.96301 249.34517
168.49063 277.57042
189.49271 424.91365
262.09987 319.41664
169.48203 365.33173
170.96015 367.76075
172.01942 370.96440
172.85175 375.12557
178.45958 386.72536
183.46145 365.35320
185.07964 364.76727
186.42375 364.09219
200.20244 352.50585
239.08729 324.56929
168.92230 265.95041
175.32893 246.38893
181.63623 246.47468
181.71371 365.86841
239.88460 348.83054
166.24255 248.08944
184.00195 396.12376
161.35192 272.93009
175.35159 293.93121
168.53858 402.59331
206.53594 375.76733
195.40668 319.55376
196.39121 387.22776
217.77358 317.55507
204.17937 330.28873
225.69049 334.01149
171.95075 414.96500
181.55589 298.65754
215.24844 382.85094
202.24841 395.46223
214.28783 362.55271
249.87575 334.94486
227.05417 362.40346
255.75309 341.11408
211.23763 343.91592
174.94453 283.53603
173.95301 316.02238
180.49834 317.38577
169.28748 310.25884
182.29507 239.03081
197.64114 233.02361
211.22482 231.21879
222.87421 232.35214
231.15035 236.19489
237.55401 251.55139
269.27005 273.96340
229.92366 265.73026
219.92873 268.89979
206.71058 268.92210
194.54436 266.54522
185.40225 263.40777
179.07745 260.54646
271.62547 270.94283
180.34236 319.53194
168.09524 288.13265
166.56436 317.68955
161.69868 322.34011
166.85012 318.86271
177.63847 322.33551
159.50771 323.56687
158.76922 325.15215
179.47501 252.51451
174.14378 255.68446
170.81424 258.34867
222.36243 248.30454
229.30362 243.77458
102.63126 249.18021
111.94011 249.13579
102.44678 240.35725
93.06005 249.25253
102.71714 257.99819
205.45871 248.26743
214.61593 248.53857
205.54958 240.00448
196.44489 247.86288
205.45390 256.49698
