259.52561 535.26191
256.60474 489.45717
255.87392 499.84369
241.21198 430.65757
256.52612 473.46144
255.89440 449.55092
253.80345 388.21354
137.04087 375.13069
252.91482 344.89404
252.73675 323.60646
251.84148 243.80555
259.55823 539.96597
259.20117 544.71149
258.72178 548.05483
258.57461 549.27862
259.02242 558.25396
259.22086 568.54650
259.07494 578.57105
256.69858 595.13410
256.44418 495.86711
239.44283 493.00457
80.32224 305.81016
182.78588 388.22596
166.46260 390.24850
150.99213 389.59177
130.61421 379.85857
197.03355 384.13480
157.89304 344.92565
176.76640 347.17439
140.77691 346.81886
129.76048 352.30460
117.89857 388.38992
196.49545 610.64214
131.16055 370.66674
74.57330 373.75806
100.44781 374.76930
173.66483 460.11183
238.82336 530.93161
240.50050 543.07126
219.52897 533.73331
206.17028 536.05705
224.39946 541.66471
211.74870 540.90138
181.58894 556.25093
242.82880 488.58543
240.39452 473.09779
107.33716 334.58000
205.57061 419.01094
202.74850 476.50886
201.65261 466.34622
127.03393 454.09417
240.77561 450.80162
143.92083 320.36470
121.71929 324.33890
94.13594 280.96320
217.93652 339.61397
193.30495 353.79947
169.60789 539.78618
96.56552 513.34696
214.71043 485.88755
227.98684 491.33197
187.57706 538.90639
191.46680 539.77697
113.88661 312.27269
201.82519 481.59284
175.41920 324.57386
173.03059 310.85211
157.34853 250.00570
104.61175 299.68622
166.56880 282.25523
99.34701 325.76244
90.17400 319.49052
239.41514 537.66612
221.94562 537.87848
208.83836 538.44342
218.26039 488.40634
189.61343 539.36917
197.80648 544.91767
193.46963 540.16321
223.74097 483.97664
214.07357 542.94799
226.70533 544.51232
241.70499 546.60399
233.65613 593.68513
237.33609 576.65737
238.37590 566.58737
239.88194 556.25067
241.60130 547.73921
213.98694 543.02041
210.75558 546.75990
207.24625 551.64562
204.41533 556.95343
187.69757 518.59458
75.72697 434.67798
256.10921 497.89415
204.48846 541.57794
201.16612 543.11858
233.91408 497.78098
207.24339 489.80240
231.07171 494.67061
189.40137 427.24914
163.64964 437.65408
198.87662 471.90786
118.22243 261.66771
128.59731 286.24488
138.93361 306.60967
194.86123 570.67087
213.20473 318.10386
206.62576 282.90321
200.62310 244.76944
138.02781 386.22010
101.41209 397.94004
206.28232 380.23978
114.57726 356.65042
216.61336 409.79511
213.13321 473.47187
87.93576 408.28041
111.35609 411.06203
131.09303 418.99176
161.69831 417.71994
184.65390 411.37128
201.91159 404.42189
238.22976 391.51697
91.70064 441.80485
102.91745 352.83838
247.93298 495.17375
206.78849 437.10864
70.18758 366.46602
215.11109 396.63450
197.37103 470.60643
123.92892 369.90193
212.16985 461.11321
83.47142 472.64976
206.00835 374.57097
226.14537 454.46728
132.10446 562.11512
133.55466 575.18329
78.17899 439.32172
112.93126 537.68009
81.98323 344.12304
194.09184 624.62750
249.24985 497.20388
192.56486 447.71397
88.57846 375.66170
152.44450 380.49399
166.09834 381.12633
194.88858 546.90023
96.48404 472.56376
222.88987 646.26204
175.96841 618.48850
156.57422 600.24937
252.20174 283.79381
256.54202 649.34950
179.93115 379.22835
193.27164 376.48973
201.95657 375.38471
93.22785 347.79778
189.89301 366.98126
174.93134 364.52871
161.11947 364.14415
147.86389 365.53892
139.58775 367.70275
73.07103 332.69773
143.37998 378.04807
256.19767 511.33125
203.04513 512.43930
215.09827 484.27121
232.97280 511.27415
253.10353 365.09391
152.55414 585.73229
172.41570 605.00396
222.10892 638.49003
114.29665 547.85534
200.96207 371.19505
227.93580 418.96195
256.85845 641.79237
197.28028 635.05219
85.42859 473.43820
226.64674 545.18926
223.60947 551.69738
220.89391 559.61963
218.97713 568.71316
211.65704 584.03529
201.37509 540.32505
198.41325 538.92004
195.92793 537.54671
175.84595 527.88876
116.78345 485.36575
227.57600 399.66679
218.37598 364.29986
208.18604 365.67519
204.41029 541.81940
117.33838 519.88964
232.73225 365.45336
203.55611 596.04247
255.19391 428.70024
239.46824 412.14620
254.51184 409.28128
216.72231 444.49229
256.90823 627.97618
256.74756 610.07205
228.99312 607.86476
167.67934 561.01177
184.57734 482.19402
183.87822 580.26103
149.36318 477.52601
170.94914 496.89534
137.37950 500.27859
224.01368 624.96397
206.85670 451.46331
155.62161 571.20626
175.84710 591.52715
155.05055 540.40422
102.48612 498.33813
136.61515 540.36811
95.78137 505.89733
159.50768 514.62927
217.55475 427.70008
218.66265 481.47221
207.91287 482.55361
225.91672 472.97697
204.55838 350.17256
176.52608 338.87729
152.32217 335.83193
132.88083 338.26529
120.05109 344.73710
113.55382 372.25463
73.98759 406.22504
126.12344 396.44138
142.32301 402.06545
163.70583 402.53229
184.22429 398.73943
200.57710 393.61109
211.77514 388.92383
71.71685 399.68964
207.91631 485.31566
228.41656 436.31859
230.70012 484.86492
238.94662 491.40915
230.45911 486.03214
212.10805 489.28033
242.58172 493.73572
243.65758 495.71377
212.00368 375.58040
220.55562 380.62216
225.25319 384.71596
134.73237 369.36763
123.03834 359.09325
268.77484 430.26174
361.80123 370.93814
272.25121 492.37011
413.43926 302.98360
318.70496 386.56347
333.83988 387.72430
348.55275 386.72665
367.49100 375.82643
306.03635 383.19399
344.26179 342.84389
326.25153 345.33519
360.33410 344.42167
370.03995 349.44907
379.53500 385.30291
313.88608 608.07874
367.38057 365.74221
419.99066 370.40320
396.39489 371.15070
332.28669 457.71451
279.38798 529.10419
276.72917 541.51299
296.30841 529.87222
306.88367 531.18820
290.66796 538.61305
300.91260 536.77075
328.76111 553.08667
270.02511 488.14550
272.10439 472.55667
391.99521 331.06260
299.89625 417.70243
306.65135 474.61384
306.92418 464.40422
375.89806 450.61816
270.67616 450.26172
359.19942 318.89674
379.29501 321.86833
402.00581 278.93906
289.13434 339.55578
310.51751 352.50769
339.93340 536.15097
398.54443 507.96994
295.20337 484.37009
282.68994 490.33283
320.84088 532.91455
316.97175 534.01739
387.19098 309.53845
307.14974 479.58589
330.12799 323.76031
332.54556 310.17400
343.93517 249.25405
394.03466 298.16052
335.94651 281.99639
399.92116 322.30671
406.55598 317.25162
278.61539 536.01173
293.67947 534.51641
304.18607 533.94523
291.62995 486.99252
318.86025 533.48973
312.44149 539.74092
315.03609 534.54609
287.35478 482.89138
298.14771 538.99697
287.75121 541.63632
274.77280 545.12290
278.79849 592.88497
279.58493 575.12722
278.64880 564.98635
276.75572 554.67669
274.46141 546.29345
297.71375 539.18268
301.44875 542.75719
305.14680 547.36816
307.91055 552.57027
322.07009 515.89561
415.53502 430.52393
305.45361 536.95801
309.09318 538.24792
277.27963 497.09696
301.89061 487.97047
279.88934 493.88313
315.48436 425.49659
340.86026 435.26790
309.38786 469.85925
380.52159 260.36203
371.91403 285.58467
364.27373 304.88653
315.84805 568.14771
293.84782 318.49331
297.14486 282.70887
302.37115 244.32263
360.62821 382.86163
395.21272 395.38527
298.01518 379.99317
383.65659 353.10817
289.33656 408.82114
297.20368 472.05946
409.93737 404.66522
385.09156 408.78535
366.24440 416.87511
337.63863 415.32192
316.70110 409.03461
301.20374 402.61597
268.90187 391.18699
407.05609 437.75952
395.02435 349.17993
264.67809 494.86476
299.61427 435.65259
421.12271 362.86428
289.44333 395.58837
310.12154 468.52313
373.83504 365.34876
297.23801 459.63695
409.34571 467.85339
298.33379 374.54747
284.30104 453.51230
371.17223 557.29371
367.76292 569.74184
416.95203 434.99122
387.47422 532.61251
413.53333 341.25735
315.84245 621.78961
262.89052 496.96100
313.41424 445.81007
408.24982 372.31437
347.35925 377.66860
334.41815 379.12124
315.26566 541.57156
402.80667 468.15910
288.66216 644.40714
331.01640 614.22443
348.13584 595.25454
321.59470 377.97437
309.44840 375.87915
301.78017 375.23375
404.52443 344.03987
312.74716 364.26118
326.53100 360.22583
340.11124 359.33143
352.80640 360.60743
360.23236 362.81999
419.20434 329.33283
355.94174 374.51116
307.33434 510.29619
295.07989 482.83428
279.06010 510.50077
353.15419 581.47923
335.17976 601.35524
289.95511 636.89178
383.89222 542.33406
302.93511 370.28301
279.96556 418.25778
312.11774 631.78726
410.49847 468.69996
287.36028 542.41691
290.99515 548.78430
294.02737 556.56121
296.12016 565.68022
299.80859 582.20851
308.91408 535.23172
311.95912 533.58332
314.56769 531.97715
333.60986 524.61520
385.43454 481.24027
278.90538 399.10082
287.64283 364.45732
296.83301 365.44982
305.74258 537.01614
384.96190 515.20335
274.41552 366.07978
307.03851 593.79501
269.13968 411.73937
291.46859 443.39892
283.21225 606.70637
340.73037 557.49275
322.74232 479.70890
325.57450 577.20795
355.99450 474.37244
336.47031 494.05610
367.59961 496.55564
288.27294 623.60603
300.51926 449.86950
351.37326 567.18958
332.76482 588.13102
352.47063 536.61806
397.55532 493.62178
368.45334 535.97446
401.76617 500.84849
348.00710 511.27827
289.53099 426.70944
292.33376 480.19634
301.95275 480.86131
285.58598 471.97178
300.98412 349.53443
327.45980 337.87680
350.23732 334.69208
368.03002 336.33050
379.38371 341.96468
383.57922 368.18606
420.46044 402.39897
371.42846 393.55701
356.22475 399.59495
336.01826 400.05650
317.06891 396.61435
302.57336 392.14416
292.56470 388.01720
419.02798 395.93688
301.54019 483.50781
280.78725 435.55391
281.28976 483.97503
272.99210 490.86571
281.18836 485.19149
297.40556 487.57046
269.75159 493.24829
268.18982 495.21372
293.08667 375.76888
284.77059 380.48556
280.32433 384.54357
364.36688 364.47200
375.36958 355.41227
161.73573 368.75004
178.19062 368.27084
161.05321 355.00221
145.13997 369.18790
162.34971 382.54344
334.18401 366.13424
351.06290 366.01766
334.07471 352.15512
317.29527 366.10379
334.34754 380.17316
