179.95440 391.28052
182.08391 343.52700
180.49129 355.48442
172.90392 308.68794
182.36252 332.47937
182.15183 318.49478
181.31681 284.26894
101.94208 276.42547
180.88251 258.68968
181.15551 243.63997
181.66197 179.08922
179.94513 394.62695
179.76271 397.23180
179.56982 398.76806
179.42219 398.54952
179.61342 402.56317
179.64529 407.41484
179.62418 412.71165
176.96314 431.75286
181.51812 349.42808
172.63224 349.64173
59.62435 231.49439
133.31474 285.26530
122.39668 286.38095
111.55272 286.66291
97.53708 281.18888
142.41262 283.16977
115.52450 257.93786
128.48923 258.87629
103.73520 259.83056
96.40011 263.87119
88.53436 289.16657
137.27949 448.64775
97.85271 274.10341
55.08471 283.03162
76.12238 282.18042
128.01527 337.42232
168.32148 387.79942
169.36518 395.85293
157.20406 390.33887
149.02227 393.48574
159.99241 395.62872
152.00958 396.24696
133.18863 413.21382
173.82076 343.24029
172.57050 332.82473
81.18982 257.76335
148.76804 308.56235
150.51807 342.15476
149.11320 336.55521
94.84491 337.31707
172.60992 319.73377
106.87889 246.89680
91.33398 250.37352
71.54131 211.32163
156.95721 255.47547
139.70158 262.76378
126.43650 402.41994
67.79039 391.17037
158.58416 348.33065
166.30520 351.45300
137.43484 398.83353
139.60499 398.47607
85.67116 244.02724
149.99880 347.55669
128.45667 247.64835
125.99041 238.92381
117.99213 184.62176
81.06548 225.62705
125.91820 210.52514
75.29932 253.05163
68.17978 240.97332
168.72763 392.65591
158.64481 393.38210
150.50491 395.01724
160.95114 350.50201
138.56220 398.66668
143.73379 400.14127
140.81268 398.29679
163.05439 343.63850
153.17390 397.10254
161.05671 396.93691
169.93023 397.68608
164.10112 430.92020
168.15170 411.83167
168.46910 406.33595
169.02346 401.58696
169.77173 397.62596
153.08727 396.98236
151.53477 399.03174
149.85844 401.86975
148.43525 405.29883
139.12102 379.18965
54.28894 333.29749
181.04084 352.11996
147.06333 397.52212
145.49423 398.69210
168.84876 355.72968
153.49445 354.52912
167.67368 353.63028
137.32040 315.23506
119.67253 323.34400
147.22933 341.86740
90.38601 195.33079
99.64411 214.95504
102.88319 238.49689
141.11721 420.15516
152.79179 241.35061
152.11475 209.40531
147.33925 179.62030
102.61585 284.88460
77.10800 297.32630
148.16523 280.85620
86.20228 269.19368
156.42059 301.18971
156.49984 337.33252
65.46558 306.41396
84.35898 305.27823
98.27225 309.76342
119.58801 307.70921
135.16588 302.74374
146.47425 297.69934
170.95911 286.77820
68.59325 331.63048
77.77439 268.57196
176.75468 349.07171
150.53736 319.57606
50.44991 280.84082
155.01137 292.07095
145.75716 342.91153
93.02776 275.18153
155.40716 330.63959
59.78794 361.61872
147.69991 276.92037
163.66413 323.85030
92.80346 421.52695
91.97508 432.73629
57.38811 332.63193
79.44677 405.14073
60.95930 260.09185
134.53543 459.39277
177.38400 351.66710
140.96300 328.15795
67.38447 284.13878
112.63298 279.01031
122.08099 279.28492
142.05975 402.02424
71.88961 355.18393
152.76031 474.84615
121.77979 458.54955
108.16051 448.16386
181.55331 209.95544
174.58099 477.59070
131.19295 278.56214
139.60848 277.55149
145.09163 277.30713
70.65971 266.31112
137.88408 269.86998
128.27374 267.11997
118.55730 266.60369
109.10259 268.14453
103.36493 270.58575
53.12542 253.44508
106.34954 277.87612
180.38876 364.75182
148.85639 371.19427
158.55371 346.10019
167.73079 365.89360
180.90219 271.10800
106.52092 436.50404
119.75853 447.98651
152.91309 467.92142
79.01619 415.13471
144.47559 274.00421
164.44588 304.06506
175.42648 470.91328
136.29238 467.88479
61.80508 358.44886
160.90736 396.87440
159.45242 400.04922
158.32804 404.08283
157.53273 409.19829
151.35853 426.42516
145.32354 397.32926
143.70346 396.87666
142.38688 396.17988
131.43219 390.06052
87.54147 362.28955
163.77251 293.09976
156.74475 270.26388
149.42242 270.76142
147.04439 397.67540
86.08578 389.94098
166.07185 270.99908
143.42720 437.56272
181.87849 307.01675
171.93443 298.33258
181.61779 296.07643
157.37921 321.52566
176.17636 460.00882
176.62514 445.48639
159.32470 443.82853
121.41930 417.37560
136.63410 352.46539
131.15307 429.08267
111.43187 351.77544
126.93089 364.78201
102.91105 371.24757
155.07294 457.28944
151.20781 328.11559
111.08585 425.16499
123.73192 437.74264
114.23859 403.06432
75.33365 375.00837
99.95316 403.78330
67.94271 382.42440
119.12739 381.49904
157.60208 311.55119
159.93731 341.85807
154.03284 345.50737
163.99899 334.36910
147.81956 261.29331
128.83501 255.16989
112.12492 254.03976
98.58124 256.17012
89.84241 261.17473
85.73341 278.90782
54.61636 307.53927
94.43722 293.70802
105.69351 296.95074
120.63509 296.33766
134.60798 293.42471
145.19360 290.12843
152.56685 286.99346
51.51392 306.82602
154.13189 348.94509
164.62990 313.85503
166.96747 341.90577
172.06238 347.53995
166.95683 343.89889
156.89987 352.51264
173.79438 348.40274
174.53453 351.13474
151.89714 277.75471
158.26057 281.24823
161.44936 283.75543
100.17958 272.51468
92.12666 268.78279
190.76242 308.89078
254.11142 280.51393
189.48172 349.72200
295.50648 236.52379
224.76917 289.13406
235.17546 290.61618
245.30794 290.83763
258.65959 284.77839
215.98566 286.00379
241.54455 261.04180
229.48288 261.43744
252.25456 263.13985
258.93517 267.20867
268.26416 292.70019
215.45465 449.00837
258.24371 277.81567
299.91783 287.29898
280.75974 285.40345
231.84786 338.60067
191.05991 388.63298
189.52801 396.56271
200.82682 391.81758
207.71851 395.22472
197.82091 396.89236
204.69469 397.80575
221.19816 413.66005
190.19136 343.45709
192.06751 333.08210
274.39419 260.30080
211.78288 309.31558
211.38491 342.80377
212.55215 337.22675
263.44254 339.50530
191.46046 319.91157
249.26559 249.02355
264.12907 252.94509
285.96107 215.70305
202.46212 257.40016
218.81338 265.00956
228.66016 403.11331
281.21922 394.37023
202.72156 348.67466
194.89998 351.57588
217.66685 400.63604
215.50844 400.21639
270.14900 245.97298
210.81568 348.13212
229.07049 249.56950
231.23526 240.79687
244.21801 187.29839
278.58707 228.56961
236.71486 211.88399
280.98999 255.22905
289.67480 244.88102
190.45366 393.41989
199.36861 394.75280
206.33440 396.63764
199.98487 350.72404
216.57635 400.44865
212.02291 401.63067
214.27832 399.97647
199.58845 344.04128
203.21680 398.49757
196.41987 398.08487
188.57414 398.33084
190.32343 431.11589
190.63923 412.25112
190.24933 406.75405
189.56543 402.00757
188.50611 398.07586
203.16250 398.10322
205.01266 400.18099
206.79434 403.02396
208.27486 406.41719
219.79649 379.80442
296.07880 337.55634
208.37311 398.84235
210.19735 400.13387
192.19259 355.88913
206.54514 354.94478
193.42226 353.80860
222.57288 316.29059
239.88304 324.96318
213.57491 342.55381
269.65164 199.02085
261.60770 217.09409
253.14800 240.42248
213.56312 420.37673
206.28576 243.05669
211.07849 210.23038
215.78144 181.14034
253.65875 288.93045
280.52502 301.39428
210.28582 283.03542
269.49268 272.12439
204.82435 301.77325
206.49662 337.94322
291.10382 310.05143
272.90565 309.55929
258.89374 314.08156
238.13993 311.66822
223.21192 306.12345
212.33322 300.55653
191.58022 287.06099
287.68719 334.88209
278.31242 271.37084
186.37247 349.18172
210.37691 320.23112
301.01532 285.81383
204.15705 294.56939
214.00434 343.60374
262.91542 278.42059
207.14098 331.23852
290.01892 365.37437
210.51830 278.94645
199.80137 324.25771
258.26431 422.67350
256.87431 434.10692
296.46595 336.23843
271.66729 406.99275
295.38208 264.35521
216.50665 459.69616
184.67394 351.77853
219.03122 329.03651
289.74873 288.00850
243.89271 283.61941
235.22141 283.86757
213.66743 403.52433
283.22411 357.84916
196.47943 475.06039
227.42775 458.58096
240.93521 448.66970
226.68394 282.63843
218.49689 280.66907
213.11193 279.74294
285.87822 268.84433
220.41378 272.73587
229.52276 270.72769
238.40916 270.68688
247.08630 272.27914
252.46634 274.55911
299.98707 258.61236
249.79414 282.19645
211.07105 371.74788
203.20759 346.49949
193.40075 366.18746
244.27620 437.27246
231.01078 448.44478
198.47643 468.22063
269.72202 417.39716
213.75973 276.32074
198.18094 304.42754
213.15908 467.82081
290.89256 361.55055
196.42937 397.72844
198.16727 400.86064
199.45662 404.87970
200.44338 409.95809
203.23437 426.46166
210.35757 398.93492
211.98898 398.56123
213.29144 397.96952
225.77362 390.72208
269.11789 364.23831
198.12241 293.56524
202.64597 272.00987
209.19291 272.66461
208.45350 399.20001
267.55474 391.53466
193.58917 273.04016
210.45015 437.85047
191.25372 298.53683
204.69400 322.07869
194.51540 444.06311
232.75778 418.16159
222.64149 353.26207
222.62569 429.54461
247.65163 353.20265
232.17934 365.75301
254.43317 372.59078
197.92917 457.62444
209.90873 328.71580
241.64251 425.89260
228.80247 438.26542
240.83353 404.18415
278.42331 377.22357
253.96923 404.89901
283.67981 385.07457
238.47639 382.49862
204.11739 312.08233
202.92875 342.32902
207.84096 346.03819
199.86694 334.75888
211.06527 263.04799
228.86890 257.28834
244.40620 256.64558
257.01015 259.16346
265.40302 264.19318
270.59200 281.99316
299.96075 311.53690
262.17350 297.66464
251.43688 301.01210
237.13011 300.29454
223.77268 296.90961
213.57725 292.85868
206.55796 289.17590
299.16229 311.40712
206.94225 349.37343
198.28199 314.22099
196.65722 342.21412
190.74486 347.69535
196.02116 344.27656
203.69820 352.80888
189.22932 348.56239
187.48747 351.20452
206.68991 279.57621
201.09615 283.11338
197.95567 285.94901
255.73471 276.34649
263.18871 272.02719
121.62231 272.05429
133.21609 271.83954
120.75840 262.42350
109.89447 272.20711
122.34735 281.67419
238.95739 275.41398
248.74369 275.68814
238.81004 266.51666
229.18728 275.06237
239.15606 284.34219
