171.57454 336.05718
172.13192 297.56263
170.83474 308.43231
161.68496 265.41192
172.03453 287.03552
171.15677 274.02850
168.54935 244.37176
93.32510 246.78159
167.94356 227.44310
167.77968 215.13299
165.04689 159.99048
171.57071 338.85747
171.31144 341.40516
171.10688 343.16577
171.25256 342.81429
171.39040 345.90799
171.32346 350.14425
171.16570 355.26493
171.34417 372.44905
171.71461 303.27226
161.41293 303.55380
52.87110 211.66354
125.81042 252.49222
115.34943 254.67488
104.74745 255.15179
89.76828 249.58430
134.24826 249.37042
105.00271 229.01702
117.50229 228.92542
94.09523 231.36345
87.56524 235.03976
82.65732 255.55638
133.25886 396.53666
88.81567 243.76221
49.80997 256.43700
69.78856 248.75810
118.83959 293.46217
159.78867 334.36279
160.74305 341.39750
148.08892 338.71270
139.76008 343.58380
151.20383 343.07461
143.27296 345.58336
124.18301 357.43816
163.59040 297.60013
162.34488 287.57992
72.37898 228.70024
138.26422 267.62493
137.88783 296.30153
136.90981 291.15977
88.23912 294.57499
162.00510 275.47599
96.53637 220.67846
81.76497 223.24366
63.57962 192.57246
144.98602 226.68067
128.62875 231.62078
115.65974 348.41983
59.47680 356.09624
145.49540 301.83362
153.91779 304.68042
130.51840 351.86797
132.73415 350.99359
75.45430 216.54018
136.96497 300.93926
117.30751 221.30243
114.46194 213.48159
106.81780 166.54011
72.67876 202.75087
114.92789 186.64651
65.67223 223.13899
61.22517 217.99871
160.18320 338.45199
149.72216 341.21398
141.54633 344.68046
147.81672 303.64994
131.67019 351.43705
136.43895 351.10167
133.92313 350.50146
151.36645 298.01984
144.61707 346.14888
152.36163 344.15621
161.31789 343.22782
158.31032 372.27820
160.03397 355.59768
160.47182 350.30769
160.96661 346.11431
161.56044 342.99125
144.76733 346.20379
143.59797 348.14734
142.22056 350.71595
140.82032 353.94747
127.31543 329.53011
47.72623 304.67775
171.23270 305.81760
138.91653 348.31400
137.89578 349.57429
157.42850 308.60496
140.52403 307.06802
155.74238 306.70289
127.83602 274.01399
111.86716 281.39889
134.85955 295.95250
80.87473 177.07785
89.89256 191.70584
91.94758 212.74121
133.25400 363.68460
140.27878 214.63970
139.36486 185.01771
133.94551 161.37482
95.47173 253.59747
72.73409 262.27978
139.40417 246.87693
78.26542 238.73654
145.43801 260.73296
145.03317 292.12981
61.00035 273.12828
80.76516 269.81738
94.64278 273.71279
114.51430 271.17327
128.67613 266.04400
138.69578 261.25616
158.84831 247.18296
63.34731 294.26506
70.06516 237.41348
166.54515 303.09694
139.37842 276.87244
45.28006 257.19441
146.22731 256.51730
133.72424 297.03941
84.76738 244.12762
144.12589 285.99094
51.63783 330.18260
138.29729 243.56896
153.07436 279.67324
84.47665 376.92330
83.76145 391.34279
51.45872 300.42376
71.27400 363.37876
55.18080 235.55845
130.40287 410.19076
167.14270 305.52818
130.45340 284.90719
61.59745 249.30592
105.00569 250.01486
114.59423 249.58922
134.86830 353.04323
64.90668 315.73617
149.83918 425.82999
115.58352 413.97081
100.59376 404.93702
166.34728 184.86186
172.36235 426.43406
123.29895 247.58429
131.33454 245.12692
136.29532 244.08996
62.60332 234.03892
127.50317 237.31458
117.53914 235.40215
108.00553 235.82801
99.08022 237.95280
93.85382 240.47790
47.46571 231.93277
98.19039 248.76258
171.06167 316.93038
137.25977 322.51323
145.73561 299.95107
157.10349 317.83733
167.89824 235.71578
99.23724 390.37262
114.07965 400.80697
150.08866 415.60215
70.84444 376.17496
134.77795 241.02349
153.14904 262.12844
172.85319 416.43591
131.68805 421.27579
54.97361 323.60345
152.52139 344.07201
151.32199 346.83097
150.40600 350.42962
149.63278 355.12917
144.54176 368.86457
137.09607 348.34387
135.42815 348.26649
133.87907 347.93626
119.59095 338.38597
79.25677 318.81973
152.30595 253.14747
145.63651 237.67104
138.82647 238.14479
138.96861 348.26372
76.79634 345.84227
155.01780 238.59132
138.56532 382.68623
170.20806 263.55778
160.24512 256.44579
169.36074 253.96401
146.41590 277.91547
172.63626 403.03937
172.00135 387.03894
155.27832 386.79947
113.38236 364.82439
125.57627 306.05617
125.02192 375.53612
102.48175 306.58487
116.34999 317.32296
92.97354 324.94382
151.91353 402.27861
139.73902 284.05614
103.63909 375.72512
118.34441 387.28529
104.58477 351.97669
67.08065 334.17694
90.58030 355.96216
60.51873 344.67087
107.88748 331.99489
146.45865 269.34086
148.34526 296.33655
141.21371 299.42974
153.30038 289.38932
136.26809 230.94042
117.83909 226.70851
101.94153 226.46666
89.31761 228.63619
81.25222 232.61303
78.52126 246.40797
49.25883 278.19994
89.08661 260.05534
100.45798 262.86838
114.61970 261.96716
127.46180 258.46098
136.97871 254.72567
143.48164 251.75386
46.03382 280.94458
141.03993 302.29527
153.85353 270.61545
156.10636 296.49472
161.12969 301.79342
155.76630 298.45616
143.78405 305.31353
163.23929 302.55302
163.79525 304.98838
142.23360 244.12112
148.15695 246.79003
151.61719 249.41908
90.94994 242.33902
83.84339 239.01132
178.48414 265.07760
233.20412 244.78403
180.39347 302.99803
263.71046 208.94635
206.53916 251.30483
216.11100 252.31806
225.26919 252.33367
236.91407 248.41709
198.39926 248.92496
221.95069 228.19063
210.84975 228.73974
231.92501 229.88303
237.95868 233.35213
244.57795 254.29901
208.70226 393.56958
236.49865 242.87132
270.13255 252.49219
254.75191 248.74046
217.26571 291.50854
182.79204 333.53296
181.19353 340.65065
193.42354 336.85618
200.75268 341.07242
189.90237 341.47964
197.06660 343.30056
214.27233 355.05540
180.31268 297.19745
181.37949 287.13025
252.46401 226.35021
196.79657 266.58804
202.06366 294.69491
202.14623 289.51253
244.92625 291.58624
179.96832 275.04135
231.27482 217.41707
244.26529 220.13065
255.47392 190.48285
188.02239 225.72721
200.98849 231.88510
222.00774 345.72092
264.78163 350.77575
194.52475 300.61858
186.57992 303.72046
208.99598 348.68942
206.82812 347.92621
249.25051 214.29163
202.15516 299.22690
212.86127 218.77689
215.02461 211.40611
219.35294 165.79802
250.65287 201.29047
214.55254 186.49391
257.32140 222.44380
259.83149 215.81380
182.18361 337.67304
191.60405 339.53410
198.93010 342.27568
192.04430 302.47803
207.85700 348.32468
203.47163 348.37309
205.61762 347.50155
190.08107 297.23346
195.43152 343.91996
188.39444 342.66391
180.14347 342.53549
183.70436 371.64555
181.53731 354.79475
181.34636 349.50451
180.97803 345.34376
180.17832 342.29313
195.30392 344.04748
196.72854 345.98376
198.11058 348.49604
199.40709 351.66667
211.44799 327.33309
270.45458 300.24924
200.71217 345.70515
201.95225 346.93712
183.63398 307.82401
198.29918 305.47134
185.04195 305.84377
206.79144 272.60248
222.53960 279.44626
203.60403 294.18279
241.46384 175.70236
236.10234 191.14406
234.76859 210.15618
206.36847 361.63529
192.02124 214.20672
192.17350 184.84387
194.81886 160.98482
232.60645 251.24161
254.10395 260.89264
193.11947 246.62253
246.94121 237.35333
190.04244 259.99834
196.13682 291.05111
265.01658 269.47324
248.33990 266.87335
236.82480 269.76015
218.69542 267.90212
205.12398 263.77372
195.11080 259.32657
177.83560 246.87989
265.13766 290.34388
254.14418 236.61590
176.72919 302.78908
197.08622 275.69116
269.99596 253.37712
187.81474 254.41926
203.72654 295.26860
240.64930 243.51891
195.93518 284.79534
269.22114 325.19691
192.97459 243.44450
188.05352 278.87618
249.61255 371.50283
248.38128 385.53950
272.18419 295.80680
259.69359 358.03761
264.92102 232.46449
212.02391 406.57853
175.23882 305.30143
205.59668 283.35921
261.42216 250.80384
224.45626 246.81726
216.49323 247.04108
205.02127 350.23470
264.70347 311.48439
193.79834 423.58517
223.27305 408.88102
235.48790 399.21979
208.41650 246.23217
200.69735 244.83006
195.57022 244.15202
259.59019 235.01379
202.04026 237.93256
210.46082 236.09748
218.90473 236.02023
226.97127 237.61752
231.76234 239.76893
267.95079 228.59853
229.66269 245.91014
202.47416 320.73193
194.64795 298.89023
184.65742 317.13966
237.56644 385.17997
225.51495 396.17282
194.44001 413.58347
257.40797 370.65678
195.95360 241.03704
184.70337 261.58903
209.96764 417.31801
270.51409 318.70775
188.37035 342.60521
189.72973 345.29677
190.61665 348.82827
191.35079 353.54521
196.32262 367.38611
202.81371 345.51590
204.47968 345.35059
206.05559 344.92057
218.57153 335.84829
253.66507 315.00376
183.67203 252.71051
186.69367 237.52263
192.17287 238.28081
200.75875 345.56340
255.83664 341.25350
179.16529 237.66155
202.78275 380.40903
178.22155 256.09193
192.07829 277.02751
187.80524 385.66097
224.52177 361.39974
211.42762 303.89398
214.47781 372.51458
233.25934 303.83601
220.75776 314.82416
242.28644 321.41660
192.13637 400.67932
197.87157 282.73923
233.74239 371.26851
221.43256 383.45040
232.35365 348.46070
263.24709 329.55886
244.78062 351.53394
267.13602 339.55431
229.00700 328.95497
190.60275 268.53642
193.21703 295.40430
199.10422 298.03893
189.20742 288.57503
194.80427 230.33934
211.41297 225.08950
225.78165 224.16977
237.12956 226.04804
244.33659 230.34414
246.88359 246.07336
272.30389 273.85389
239.70969 257.91452
230.35620 259.97191
217.71809 259.52333
205.52744 257.07085
196.09379 253.91873
189.71583 250.87958
270.14239 276.85181
198.62654 300.77411
185.59023 270.01050
186.74134 295.76611
181.23822 301.27039
186.34457 297.80564
195.67820 303.85049
179.67627 302.10833
178.28164 304.53310
189.71880 243.84393
184.90588 246.06734
182.45644 247.62626
234.48042 241.46409
241.54320 237.69467
111.44568 240.93395
122.83759 240.12378
110.38355 232.14201
99.77522 241.68132
112.40750 249.71028
215.21298 240.20270
224.98349 240.47861
215.80246 232.82530
205.56195 239.86204
214.81032 247.59945
