190.61521 450.53076
194.36109 406.72524
194.72725 416.42175
185.27671 360.10740
194.53487 393.47657
195.14295 374.72136
196.57844 327.23957
108.91355 317.30211
196.34739 295.49311
196.30796 277.94831
197.58615 204.46561
190.73343 454.66756
190.97845 458.54005
191.31731 461.06682
191.42734 461.30184
191.44720 465.32245
191.54453 470.01924
191.78217 475.14198
193.88450 492.56312
194.54900 412.58113
182.46187 410.51289
65.75519 259.96661
143.15313 328.81439
131.37785 330.27125
119.67563 329.69582
104.12225 321.38809
152.94201 325.37861
124.66005 293.59945
138.58425 294.95779
112.18147 295.84369
104.12843 300.60871
94.59739 329.41248
149.31617 510.73704
104.28430 313.14889
59.40893 316.98385
80.78523 320.27074
134.36172 385.54652
176.73061 447.98114
178.66901 457.54401
164.50426 450.26870
156.37998 452.62597
168.46357 456.91321
160.54540 456.63287
139.63871 464.71381
184.10982 405.86580
182.58009 393.07301
88.59039 292.48412
160.16826 352.85758
155.52579 396.87669
155.03341 388.96453
98.34573 380.99033
183.88403 375.62130
117.69455 280.57357
100.53928 284.40473
77.10527 238.47172
170.20227 292.66279
150.45406 300.15031
129.82689 452.30256
71.47729 440.53595
164.59518 404.85501
174.41209 409.33428
146.19079 456.38059
148.70443 456.60474
94.27353 276.65367
154.90638 401.31765
140.63612 282.46829
138.61921 272.73352
126.01366 210.33546
85.70751 256.23829
133.42691 240.05513
81.47731 286.44246
73.50736 272.83626
177.40701 453.30890
166.39442 453.81848
158.34991 454.66576
167.30285 406.99188
147.48655 456.49814
152.96838 459.29302
150.02891 456.75254
170.79261 402.99354
162.49130 458.16675
170.34956 459.06958
180.02548 460.16527
178.09234 491.29040
178.58392 473.70047
178.62461 468.58893
179.17678 464.14127
180.24961 460.41549
162.75039 458.38066
160.96952 459.91686
159.19695 462.06653
157.82840 464.80316
142.80054 433.68460
58.62604 372.61321
194.71414 414.58731
156.73629 457.63220
154.83503 458.35517
178.50610 414.56298
158.84704 408.50226
176.53040 412.01323
147.56706 359.55154
127.48113 367.55935
152.97748 393.77326
96.23384 221.33347
104.92117 244.71548
113.68368 271.08779
149.75546 474.73025
166.67051 276.57865
163.01206 239.29380
158.59109 205.18836
109.77060 326.84795
82.20962 337.84232
159.22206 322.17392
92.90584 306.22245
168.71791 345.22136
163.04639 394.22136
69.29863 344.86281
90.67911 347.44700
106.16136 353.00506
128.79263 351.38939
145.36275 346.23073
157.51094 340.62259
184.83497 329.84033
70.68834 372.94853
83.57942 304.67232
188.10135 411.88017
160.06418 366.91884
56.61474 312.77151
166.85167 334.54590
152.10653 393.30431
99.49964 313.81480
162.78593 384.54977
63.00947 405.88279
158.75486 317.67638
173.16051 378.90142
97.39153 475.77097
99.03513 489.78851
59.81445 373.69616
82.00266 456.79445
66.30537 292.49597
146.38792 523.73936
189.51646 413.87502
149.13152 375.61170
70.49505 321.38754
120.92830 322.52164
131.25333 323.33995
151.33703 460.61994
72.46194 399.86372
168.39668 542.46766
133.13955 522.25678
117.59859 508.75068
196.91129 240.01394
193.18092 545.87614
141.07923 322.03697
150.25648 319.68897
156.11505 318.55455
74.97100 301.16421
148.21205 307.99326
137.88833 304.15373
127.35468 303.49410
116.85209 305.44560
110.50108 308.56100
59.52652 283.14247
113.86335 320.14846
194.47084 426.59996
154.62223 427.78674
164.71477 403.39915
177.36089 426.21437
196.69305 310.38240
114.01361 494.32874
129.58192 509.16183
167.45872 534.14487
84.22332 468.71517
155.42852 313.81931
176.31971 351.62641
193.02608 537.32824
149.42478 534.11655
63.46746 403.45348
170.61414 459.27532
168.87550 461.98008
167.72743 465.44760
167.10716 469.92326
162.23667 484.18587
154.34900 456.47001
152.24998 455.53595
150.50607 454.48745
133.76388 441.95164
87.87845 408.65772
176.99033 336.68814
168.41602 309.73326
160.47886 310.16240
156.59542 457.41938
86.87366 439.38753
179.34330 310.92126
155.44626 497.00254
195.67339 358.60358
184.92962 345.72351
196.15581 343.43778
167.01114 372.09340
193.34016 523.95720
193.69293 507.28568
174.03444 505.55250
128.17018 470.36531
142.03252 403.17044
140.77917 485.25730
114.45776 399.96151
130.76610 415.87825
103.93011 419.95345
169.63567 521.36374
159.53809 377.94432
117.97470 480.15677
133.43532 496.17773
117.93533 453.83342
75.71224 422.45485
102.64145 454.94031
69.73299 431.10266
121.12440 431.40393
168.42758 359.07379
166.97647 400.76514
159.31047 401.82137
172.15377 393.31448
159.27122 298.99500
139.58612 291.01278
122.12598 289.27867
107.72525 291.68912
97.76140 297.23659
91.53186 317.24424
57.89888 344.91582
101.23050 335.22497
113.64534 339.62320
129.63955 339.77853
144.50176 336.69834
155.79605 332.45372
163.67593 328.71091
57.02781 341.92096
159.41312 404.31068
175.81371 365.05968
175.41397 403.04632
181.76366 409.00212
175.49024 404.49575
162.55029 407.79345
184.19387 410.69519
185.36277 412.69069
163.09509 318.49938
169.87377 322.30039
173.98197 325.38537
106.97298 311.04087
99.25256 306.37218
205.96637 360.28037
280.20700 317.54534
207.31615 411.09688
330.83028 261.94576
244.64243 329.89022
256.84635 330.76341
268.84056 330.24797
285.20555 321.43077
234.61059 327.47366
265.54002 293.82466
250.98468 295.12464
278.18414 296.32906
285.81770 301.33889
295.31629 329.77403
238.22635 512.62574
285.13677 313.23483
335.38480 321.26218
309.69133 320.32162
256.69408 386.90164
205.05840 448.58515
204.17938 458.12098
218.94786 451.57360
228.43198 454.18740
215.67915 457.95818
224.75111 457.92303
249.90459 466.62594
204.68687 406.24193
206.38202 393.41561
301.81482 293.01427
232.30409 353.35779
234.74334 398.21597
235.51244 390.26197
292.95869 383.13755
206.29997 375.82832
273.78252 282.57634
290.32850 285.60323
319.38974 239.78641
221.54276 294.28213
238.46067 300.83778
259.84258 454.58446
320.11884 445.38311
225.69959 406.04984
215.91283 410.39116
240.68512 457.72386
238.05984 457.88158
296.75413 277.01793
235.62803 402.93148
251.41286 284.37048
253.66140 274.23293
269.54952 210.82592
309.02883 256.59958
260.29617 239.83994
309.28987 285.93401
321.47359 273.96694
204.77876 453.87571
217.35387 455.00256
226.65351 456.07984
223.00319 408.21432
239.33574 457.81064
233.47168 460.49113
236.66372 458.00981
219.17051 403.78146
223.16816 459.24770
214.13848 459.95870
203.49800 460.67073
209.97392 491.92293
205.70161 474.34517
205.13548 469.15233
204.35705 464.65755
203.44593 460.83649
222.88440 459.37851
224.80730 460.99633
226.66084 463.20844
228.17810 466.00011
246.60846 435.54910
335.00177 378.21257
229.67916 458.77591
231.53791 459.53056
211.67583 415.46826
231.70786 410.18059
213.75013 413.00303
244.59556 360.32974
264.31425 368.78501
237.74335 395.32440
300.17740 222.19046
289.59745 244.61319
277.94576 272.35207
239.34627 476.31782
225.72809 277.82610
230.62032 239.29811
236.53555 205.48502
279.24924 327.21453
308.67017 338.41067
228.28979 325.04255
297.07513 306.75266
224.02847 345.51777
226.75354 395.18973
323.80327 348.28076
299.77274 348.29714
283.90882 354.26542
260.47321 352.93393
243.35388 348.10354
231.27035 343.10082
208.21622 330.01739
321.21690 376.37530
306.84930 304.90445
200.95214 412.13303
231.51439 367.68191
339.37936 317.37041
222.26842 337.58328
238.94252 394.86825
290.02500 313.84898
227.45140 385.46773
329.58276 410.97470
228.83241 320.56840
216.97485 379.41467
292.23726 479.90603
291.22034 493.81189
332.91986 378.09824
308.07462 461.24275
328.94533 295.16317
240.42448 526.13242
199.95508 414.10213
242.21571 376.71963
320.56791 321.58784
267.41216 322.81988
256.84400 323.73664
235.25964 461.83228
318.57412 403.40997
218.32410 543.87504
255.24778 525.06396
271.80063 512.24369
246.77160 322.90729
237.12274 321.48449
231.19390 321.11161
315.86050 300.48987
240.70783 309.06996
251.64243 303.85101
262.79779 302.89546
273.25712 305.00722
279.42857 308.49955
337.02417 286.24902
274.84121 320.48014
235.04169 429.25245
225.49623 404.43279
211.98785 426.98678
274.76545 498.09920
258.06720 512.29023
218.84292 535.50662
306.72788 473.12459
232.62670 316.30842
215.56934 351.84828
238.06390 536.29821
328.17594 407.87057
214.03818 460.07277
215.80818 462.87602
217.09787 466.40379
218.14500 470.93861
226.28496 485.31523
231.91557 457.75573
233.79354 456.89126
235.45597 455.95167
255.60335 444.14862
302.49403 411.61109
215.95707 336.91995
220.99332 311.87720
227.94664 312.22108
229.88247 458.60545
303.35348 442.98727
210.92916 313.48344
232.69794 498.43342
207.19169 345.85383
223.97857 372.79448
213.50631 506.29794
261.22228 472.86099
248.70760 404.89229
248.05442 487.25318
276.04707 401.95662
259.55648 417.81343
286.26962 422.58205
217.33631 522.47565
231.54415 378.89750
271.31906 483.23045
254.86772 498.75226
271.76206 456.56863
314.99269 426.20812
287.14555 458.14770
321.10166 435.59384
268.91832 433.89265
223.31773 359.55482
222.85905 401.60611
230.83330 403.06551
217.15709 393.98930
230.63680 300.22726
250.80696 292.01204
268.61208 290.48286
282.89957 292.94838
292.41464 298.20872
298.33318 317.37859
335.74907 349.44420
288.19887 335.86426
275.38492 340.58747
258.86045 340.83734
243.65921 338.10180
232.33236 334.65920
224.75711 331.39388
337.75064 347.32401
230.85081 405.72450
215.29005 365.35908
213.75843 403.71825
207.71337 409.58894
214.15268 405.24202
227.85555 409.23804
205.02178 411.12346
204.16353 413.08291
224.66699 321.50783
219.01241 325.09247
215.46938 328.56726
282.72688 311.16743
290.37096 306.89663
127.08608 312.80569
140.02454 312.48624
126.56652 300.80537
114.01447 313.09218
127.58670 324.75689
259.51837 313.06666
272.39080 313.11661
259.28537 301.31407
246.64554 312.84660
259.75132 324.87482
