213.70367 455.03008
212.07300 409.47703
212.14333 420.21303
198.88317 362.89736
211.50040 395.41275
210.42768 376.43217
207.47271 329.79128
115.31034 326.51824
205.40665 296.06047
204.53947 277.61309
201.40608 204.89762
213.83345 458.54086
213.86904 461.45631
213.87688 463.24517
213.81937 463.25573
214.16355 466.63551
214.46556 470.85200
214.74348 475.75369
215.71302 495.32257
212.18876 415.94356
199.75166 415.28824
63.85708 272.41246
151.97567 336.81670
139.84911 339.09914
127.80930 339.29165
110.75417 331.14347
162.29298 332.99326
130.21027 298.39183
145.01623 299.49725
117.01065 301.39252
108.77611 307.16330
101.46437 340.16683
171.09783 518.35781
110.23031 322.15713
63.04867 333.30624
85.96970 330.07111
147.27627 395.94885
198.75580 453.29124
200.18379 461.21498
184.52845 456.57066
174.10769 459.78763
188.14478 461.74599
178.01945 462.61110
158.70296 477.46807
201.54976 409.49242
199.37481 395.92851
90.86742 297.31452
171.14206 360.56870
171.92364 404.81745
170.63766 397.01969
108.87836 395.06102
199.04299 378.27401
120.16996 282.95850
102.57433 287.77559
74.79042 247.84842
177.27444 294.09110
157.99709 305.25222
148.14522 466.10127
83.41223 460.00019
181.71120 412.34871
191.70990 415.40714
159.72979 464.54963
162.43631 464.38721
95.15953 279.46620
171.33850 410.00238
144.54422 284.10376
141.85886 273.79178
126.66277 214.25260
85.94440 263.42180
136.57227 242.91642
82.89146 291.15061
73.84857 282.72830
199.26380 457.92384
186.32408 459.43152
175.98715 461.27040
184.56524 414.21604
161.11160 464.45828
168.34255 466.07675
163.93950 464.34441
187.55730 408.97196
179.73766 463.55519
189.70478 463.15190
201.15088 463.10909
199.75819 495.91847
200.55618 475.51840
200.39099 470.52705
200.59967 466.50534
201.22103 463.22393
179.82693 463.67126
178.30458 465.19941
176.70784 467.51709
175.47182 470.56136
160.75684 444.00839
65.15186 392.76052
212.11643 418.16977
172.09478 464.04597
170.26665 464.89917
196.03348 419.97762
175.92712 416.98840
193.93646 417.73699
158.06101 368.80030
137.75072 378.56601
168.52898 402.59453
94.81901 227.94191
105.93752 249.54034
115.24208 272.96388
169.69805 485.00686
172.28659 276.94728
167.82843 240.95858
161.04397 207.27009
117.12412 336.73002
89.06292 349.91786
168.95418 329.52407
97.31125 313.55696
179.68307 351.48731
179.36905 400.45200
75.43392 360.59303
99.01939 360.28021
116.20144 365.55674
139.89717 362.26135
156.72565 355.71288
169.08974 349.14323
195.59036 333.36186
79.34837 389.73415
87.37520 312.01017
205.69401 415.69707
173.17259 374.63063
58.36884 330.85736
178.56945 342.13642
167.24775 402.80071
105.01026 322.69039
178.34618 390.92247
72.12481 426.01890
168.21856 324.76060
188.34408 383.13772
114.55029 491.54072
115.87002 505.58981
67.67385 392.01868
97.00781 474.32184
67.93781 305.82135
169.26048 530.37644
206.93512 417.87050
162.02284 384.74331
75.14690 331.89689
128.19645 331.45854
138.91487 331.65182
166.64785 467.78901
83.54401 417.18589
192.28302 545.35823
154.36977 531.76323
136.98414 521.45692
202.94250 240.40208
217.28687 545.98053
149.15985 329.66531
158.87577 326.93087
165.28458 325.74174
77.88639 308.81002
155.79937 315.24865
144.50027 311.46567
133.51738 311.24085
122.90539 313.73672
116.56416 317.23800
59.04947 298.53274
120.69714 329.35570
212.87048 430.19697
172.69297 436.17181
181.76619 410.59249
196.02741 431.45243
206.29087 312.45479
133.25708 507.49602
150.75974 519.20348
191.45618 537.69694
98.57645 486.61921
164.28545 321.04457
188.76711 355.97398
217.37087 537.83193
172.29723 540.18902
73.82523 422.13212
189.79513 463.26751
188.40250 465.79460
187.61108 469.12906
187.28138 473.61695
183.24814 491.63187
169.59826 463.46604
167.49060 462.94436
165.82937 462.27739
151.92034 454.31445
100.76416 424.52963
187.81193 341.38319
177.55116 315.06538
169.37979 316.28325
171.98412 463.94439
101.38964 456.21892
189.73780 315.21096
176.62292 505.12484
209.45608 360.52135
197.21611 348.84943
208.50742 345.65975
181.11479 378.18556
217.01393 525.74307
216.35773 509.94966
196.18488 510.55438
146.72232 483.60867
157.20888 413.62162
160.76651 496.31552
127.95458 412.46387
146.32566 427.43633
118.44145 434.31761
192.66062 526.01279
173.90919 385.73942
136.49668 493.49013
153.94772 506.72148
135.20973 468.28197
88.37358 439.98018
119.11711 470.32331
82.28115 449.55722
137.44883 444.84588
181.21578 365.08913
183.68456 406.85550
176.17214 409.50561
188.62165 397.81155
166.61684 303.02968
145.12478 294.47702
126.46719 293.27170
111.59388 296.65357
101.58321 303.20433
96.90504 326.28897
63.55541 362.50082
108.98542 346.30293
122.59537 350.44733
139.31496 349.52377
154.49051 345.34004
166.14511 340.41817
174.28089 336.11278
61.12801 361.51675
176.29768 412.43439
189.49656 369.21390
192.40770 407.78241
198.86417 413.56221
192.36919 409.72152
179.72902 415.64789
201.53746 414.87432
202.78212 417.14077
172.90274 325.30761
180.34512 328.83193
185.35059 331.82174
113.00676 319.88495
104.02338 313.85774
220.05520 361.96482
295.87374 320.35964
223.76211 414.25441
339.60756 262.44230
261.95957 333.62943
273.78435 334.26810
285.24223 333.37326
300.83527 324.74341
251.83361 331.28367
278.12716 293.29024
263.89832 295.58208
291.29158 295.44435
299.90149 300.89588
310.63948 332.73751
260.65809 513.77342
300.30243 315.84938
347.25159 322.96427
324.04778 322.27290
272.89011 390.38161
228.01542 452.43701
227.08725 460.44038
241.54097 454.97279
251.26284 457.57835
238.34526 460.41707
247.63712 460.74525
269.18354 471.57298
222.34945 408.61952
223.44563 394.88573
314.31778 291.95727
245.29400 357.29156
250.12117 401.22351
250.47194 393.33440
310.17387 386.47205
221.77971 377.23741
284.55238 279.64158
301.97063 283.24357
326.90044 238.99131
232.11693 293.62668
252.14832 302.61621
278.52221 459.40024
336.48378 449.46233
241.01648 409.53349
231.61676 413.59948
264.49055 461.55551
261.80639 461.59233
307.60399 275.10480
250.85262 406.31477
261.95826 281.95875
263.10123 271.79837
275.61214 209.30125
318.60182 255.26809
268.56779 238.31011
321.11786 285.66081
332.13440 273.72853
227.77161 457.07302
240.02605 457.98757
249.60087 459.20615
238.31299 411.66597
263.13379 461.57559
256.88789 463.59401
260.25103 461.64499
235.18108 406.86188
245.86992 461.79105
236.74109 461.92990
226.14254 462.43182
231.33839 494.28597
228.69469 474.67299
228.11522 469.62158
227.26234 465.64809
226.04149 462.45306
245.74610 461.83199
247.77124 463.23803
249.73356 465.43907
251.39256 468.36843
264.69477 438.88578
347.87598 381.84691
252.74078 461.77882
254.79757 462.53733
228.15350 418.57049
246.84868 413.66186
229.79624 416.15811
258.89576 364.38998
280.19814 372.44787
252.85431 398.74592
306.72863 220.69006
298.24558 242.90818
287.82425 269.69502
259.39913 480.16601
234.71291 276.47919
238.01155 238.48576
241.79073 204.55664
295.25970 330.37531
324.11352 341.02537
245.03593 328.79801
311.23720 307.21798
236.23325 348.97451
242.63834 397.64463
338.62858 350.33938
315.92127 351.45512
300.03761 357.55594
276.54547 356.68176
259.50642 352.04166
246.79861 346.78718
219.45107 332.36237
337.78687 379.34125
320.29417 305.38136
218.54715 415.15434
245.07444 371.34175
349.45950 319.85029
236.94588 340.66057
253.75479 398.84345
305.32415 316.35425
242.53563 387.99286
344.16735 415.17411
244.84585 324.09994
232.40646 381.16372
311.85719 482.60285
310.28231 496.19257
348.00266 381.27592
326.98347 464.57055
340.22194 296.11097
263.04110 525.65964
217.18279 417.42111
256.91902 380.50531
334.76877 323.52283
284.07265 325.83775
273.88866 326.96244
258.77766 465.12879
336.03638 406.85634
241.51487 542.67568
276.06504 525.04365
291.74768 513.35306
263.93980 326.37597
254.40018 325.18295
248.00716 324.93862
328.78603 301.69974
255.52605 311.79149
265.71798 305.87465
276.55205 304.25892
287.37118 306.23926
293.89940 310.08554
346.46383 287.92137
291.03065 323.31491
252.55722 432.30287
240.85587 407.84324
229.86399 429.85985
295.10286 499.85874
279.47201 512.87207
242.51732 535.15685
324.66965 476.46230
248.16160 319.46939
228.60983 354.20597
260.05373 535.25830
344.43892 411.53967
236.70898 461.93415
238.63834 464.29954
240.02703 467.56956
241.19450 472.04393
246.95934 488.10584
255.27222 461.06788
257.26028 460.35656
258.85788 459.55563
274.03910 448.19521
320.80303 415.13548
227.52544 339.70627
234.73963 314.39210
242.76743 315.03174
252.84922 461.76022
322.08654 446.56741
222.85700 315.03914
254.39749 501.00053
219.91861 347.86237
238.13795 375.63118
236.07126 508.45724
281.02274 476.94150
264.66204 408.65615
268.68624 490.67368
293.69358 405.14608
277.04426 421.39512
304.74669 426.03866
240.70515 523.64148
245.66078 382.41339
291.42010 485.99543
276.03930 500.59884
291.07803 460.85397
333.04443 429.81775
306.52275 461.67267
338.66337 439.27234
287.28815 437.85755
236.45658 362.59719
238.93675 404.36774
246.35818 406.26771
233.72499 395.82770
243.46586 301.45698
262.84752 291.37926
280.61813 288.84322
295.42376 291.17562
305.83673 297.28127
313.17251 319.51255
349.38820 351.80708
304.19640 339.03650
291.53437 343.77207
275.44666 344.40689
260.42509 341.98276
248.77123 338.55132
240.47707 335.00781
349.00391 350.50330
246.27756 409.14467
229.50396 367.40476
230.79479 406.15500
224.67598 412.53996
230.69666 408.14341
243.10978 412.62313
222.42596 414.00059
221.04420 416.31898
240.51620 324.89105
233.73152 328.28476
229.13248 331.04189
297.46052 313.16679
305.12119 307.64291
135.44897 321.40918
148.42766 320.33228
134.36785 308.85544
122.23024 322.41356
136.38412 333.88605
273.51135 317.14462
286.46870 316.69446
272.67284 305.51094
260.52551 317.56253
274.37160 328.82807
