171.24154 390.40042
169.03861 357.80518
170.39296 364.30244
159.19125 313.98273
168.60745 345.91378
168.48632 328.10054
168.60682 282.26933
90.06310 271.84554
168.11152 248.94938
167.70755 233.36895
166.91899 176.20237
171.33738 393.48106
171.40050 396.54097
171.49079 398.70757
171.70382 398.78591
171.67573 403.75113
171.64357 409.41518
171.62057 414.85573
173.59959 430.91809
169.52344 362.36082
158.00902 359.90499
55.79297 221.43371
122.21722 281.55064
110.97232 283.12443
100.29549 282.66983
86.17280 275.22889
131.93366 278.36649
105.06757 248.48747
118.40216 249.85018
93.22058 250.56987
85.67052 255.12928
78.36781 281.75448
133.20269 441.23695
86.08943 267.95194
50.96820 270.72468
67.04514 272.46024
114.53080 333.34820
156.83921 387.78894
158.25169 395.30745
144.55409 388.39269
135.99665 388.38053
147.69389 393.70733
139.53774 392.10199
120.39412 400.04357
159.51558 357.14748
157.66101 345.51437
72.68485 245.89510
137.45572 304.05635
133.85775 346.53552
133.49355 339.00063
82.40168 328.10550
158.24099 328.95017
97.54479 235.79260
82.55143 238.76550
63.84846 203.90555
146.07861 247.18385
129.84334 254.93613
111.48501 387.56009
68.27235 371.96830
141.98277 353.63246
150.87827 357.74898
123.46423 387.28155
126.08350 388.42778
77.95205 231.43982
133.48897 349.67599
118.19028 237.78034
116.67680 228.97939
103.53595 181.57690
70.06827 217.83639
109.78642 205.08712
67.54222 240.09246
61.29317 231.66323
157.28988 391.82081
146.00406 391.05825
137.64260 390.16173
144.39175 355.28452
124.80811 387.87230
130.65238 392.76484
127.43687 388.96799
147.38650 353.42463
141.19462 393.71563
149.34722 395.77576
159.42225 397.64277
157.34263 429.69468
157.02889 413.35796
157.39625 407.91536
158.34920 402.38082
159.65680 397.74905
141.36599 393.58232
139.24746 395.42371
136.99361 397.96136
135.35996 400.78855
123.25898 374.42645
54.67717 314.41300
169.90962 363.53425
135.11185 391.48073
132.79677 392.03434
154.99814 362.30942
137.12544 355.14194
152.96635 360.13613
126.42264 309.58567
108.12497 316.61881
131.82013 342.61170
78.56248 190.19429
85.21081 208.40075
94.64417 227.13217
129.82142 411.63895
142.87226 232.66336
136.40790 205.06423
132.11207 177.40080
91.19899 280.14979
67.85641 288.96548
138.21526 275.44567
76.24802 259.64405
144.70040 297.65014
140.26049 345.22994
57.87442 295.39435
74.33520 298.15415
87.64594 303.46122
108.14740 302.08827
123.63240 297.42207
135.09314 292.42022
158.30199 284.66298
59.66565 319.30999
68.91133 257.65599
163.50911 361.83287
137.84688 317.52869
50.21334 265.06040
143.84627 286.96483
131.03524 341.30847
81.95576 268.05204
140.07018 335.86341
59.82907 342.17158
138.26836 271.28772
148.84070 331.38582
89.05860 407.05147
92.02691 416.77817
52.69883 317.96060
75.66163 389.87701
55.90249 249.35332
132.21209 451.23363
164.95684 363.06429
128.03254 324.68098
59.16165 273.22383
101.01704 276.47792
110.73033 276.94375
128.83008 393.60292
62.62973 341.79500
152.32371 466.27883
121.12077 446.82839
107.88493 434.17890
167.18810 205.36257
175.05574 468.90795
120.37518 275.47476
129.65308 273.18810
135.61087 272.13152
62.52816 254.24976
127.61323 263.14598
117.45248 259.84435
107.35799 259.37076
97.52213 261.21147
91.65326 264.04044
51.50950 240.73342
94.49300 274.42851
171.15165 371.66620
134.00012 370.87441
142.07879 352.84929
154.62151 371.23941
168.50045 264.40125
103.86330 423.59398
117.61361 437.22845
151.09170 461.28677
79.44161 397.26703
134.95066 268.06449
151.29603 305.05571
174.53521 463.89896
135.26120 458.35573
57.40475 342.93475
149.58251 395.81754
147.53161 399.20549
145.89705 403.44014
144.94382 408.39783
141.66257 422.25959
132.92729 390.29511
130.95021 389.03694
129.39805 387.88447
115.14420 379.89854
75.37307 351.01769
151.63804 290.52762
146.25251 263.84063
139.52750 264.33749
135.11340 391.66297
76.84340 376.28387
155.54934 264.73084
137.21677 430.76411
168.56534 312.62185
158.58678 300.22635
168.60150 298.18344
143.77360 323.51551
174.17197 454.02575
173.87683 441.41308
154.77549 439.70063
112.27197 404.08922
122.11205 349.22689
123.66845 418.63681
97.27008 345.61975
112.49558 359.40137
89.43396 361.55182
151.89536 451.74527
137.57817 328.16668
105.03787 412.31551
119.05671 427.13765
102.61807 388.90903
66.95107 360.76038
90.40477 390.24876
64.44470 366.84778
104.61695 370.85008
144.79350 311.12795
143.84988 351.47583
137.24898 351.22461
148.22083 345.35924
137.16183 253.60718
118.40686 245.97354
101.92885 244.29904
88.82359 246.43442
80.05318 251.37402
75.59090 270.13724
50.29008 294.11876
83.73881 287.32706
94.84959 291.35607
109.38399 291.51343
123.24965 288.64036
134.16016 284.80061
141.64872 281.43783
51.88081 289.07009
137.47414 352.75180
150.97657 317.92426
151.41866 354.38292
157.33256 358.98543
151.53607 355.12256
140.29019 355.30448
159.77422 360.76836
160.99170 361.91118
142.06975 272.03921
147.54878 275.54535
150.61471 278.52768
88.43764 266.18905
81.34288 260.57308
178.37046 313.58227
252.08775 268.31574
182.03681 359.40749
288.62794 216.84659
219.37173 278.60503
230.95298 279.66889
241.92551 279.16363
256.37809 271.78999
209.33623 276.17778
236.05561 246.59168
222.29117 248.41994
248.53505 248.09531
256.51404 252.24499
265.16846 278.27309
216.12698 440.26962
256.28808 264.69003
297.15756 266.22259
277.04881 268.98368
228.75102 331.08751
186.16423 386.97990
185.21340 394.68342
199.86150 386.85978
209.21887 386.55188
196.77342 392.55138
205.70679 390.58414
228.65105 397.97951
178.78520 356.78915
179.82014 345.07937
269.95850 242.21374
203.80187 302.68607
207.21450 345.25199
207.73257 337.59176
262.34704 324.57924
179.09299 328.48118
243.05562 232.84409
259.06768 235.26348
276.98758 199.74944
192.87505 246.31588
210.66815 253.84073
237.13387 385.01575
286.88901 368.02304
199.37541 352.65679
190.32616 357.01223
222.78985 385.31483
220.22380 386.47039
264.03367 227.63158
208.35582 348.32541
221.52985 235.79211
222.72422 226.90513
232.52911 179.02966
269.72436 214.49192
226.21369 203.10279
275.56187 236.39162
281.62415 228.00661
185.96797 391.11471
198.39310 389.77549
207.59461 388.49369
197.04591 354.37052
221.46308 385.91485
215.28092 391.10563
218.87523 387.03738
192.66814 352.58018
204.14124 392.25604
195.11718 394.70357
184.30274 397.07166
190.36519 429.29280
186.61410 412.90948
186.21362 407.42071
185.32635 401.91322
184.35372 397.30269
204.00489 392.38794
206.03404 394.19573
208.22747 396.64358
209.84956 399.42951
222.48578 372.37984
299.38424 309.82726
210.92101 390.01283
213.13556 390.48346
186.45543 361.69733
205.43900 353.95332
188.30056 359.47962
215.65497 307.76533
234.92184 314.09178
210.20472 341.15104
259.61030 186.66321
252.25713 205.70342
246.01540 223.93238
218.79454 410.10713
195.50633 231.91402
198.72367 203.93529
202.68063 175.93464
251.23906 276.59775
277.15878 285.35441
202.71880 273.88983
266.53386 256.37580
195.66037 296.60408
199.50610 344.18118
288.30293 291.15506
270.10516 294.25063
255.89223 299.66337
234.15297 298.82945
217.94047 294.70343
205.93287 290.26285
179.55333 284.23381
287.41326 315.05715
274.35326 254.20038
175.67132 361.59630
203.49328 316.15996
300.68188 260.15923
196.71065 285.25100
211.62534 339.77748
260.75682 264.71642
199.85852 334.73354
295.08561 337.91163
202.66152 269.90582
189.59426 330.59606
262.31265 404.25993
261.23158 414.00227
297.67152 313.53705
275.98931 386.34164
289.84959 245.14921
217.71977 450.47699
174.89701 362.82470
214.30171 322.95154
285.91191 269.85114
240.89005 272.77264
231.07108 273.42902
217.16943 391.89800
285.76119 337.65546
197.97574 465.90984
230.57275 445.50147
244.64761 432.29657
221.22166 272.37971
211.65314 270.82684
205.45096 270.46290
281.32649 250.64252
213.94013 261.81536
224.26785 258.26296
234.57852 257.48955
244.52229 258.86961
250.53616 261.28882
296.20759 235.84397
247.50634 270.73459
210.45895 369.32013
198.91850 351.88930
188.34559 370.67228
247.24873 421.67728
233.00994 436.01398
198.19547 460.93716
274.85314 393.77132
206.21308 266.75582
187.60796 304.29759
215.64261 457.53028
293.80936 338.72386
195.03335 394.97528
196.87836 398.31148
198.45639 402.47680
199.49105 407.41318
206.45976 421.21102
213.14076 388.47915
214.97365 387.12680
216.56180 385.89869
232.10105 377.43917
271.72765 347.19332
187.39487 289.84015
193.89603 262.90181
200.98800 263.25351
211.09462 389.94724
272.61628 372.57277
183.60162 264.17183
211.62299 429.72120
179.14872 299.78314
196.33128 322.51959
193.39536 439.23148
236.85756 401.93111
221.58433 347.25505
225.59777 417.03437
247.47767 342.67308
232.64310 356.99369
257.20858 358.28975
196.76478 451.33270
203.73029 326.80342
244.91717 410.13223
230.78349 425.64285
245.90405 386.24424
282.60148 356.73749
258.78444 387.19387
287.38419 362.83123
242.27135 368.06942
195.35813 310.12792
196.03877 350.53129
203.81474 350.12113
190.24171 344.61270
202.74501 252.56441
221.74128 244.36921
238.76872 242.03655
252.62053 243.59737
262.09492 248.14117
267.64033 266.91853
299.02329 289.55362
259.41117 283.78741
247.85241 287.93522
232.69156 288.28058
218.24054 285.87947
206.96147 282.70221
199.10962 279.78186
300.96101 284.18070
204.06359 351.58662
187.62118 317.17847
187.47441 353.74327
182.28675 358.58290
188.03340 354.51597
201.61679 354.22195
179.56660 360.39986
178.95800 361.51934
198.60219 270.77260
192.79900 274.30642
189.31577 277.30473
253.83555 263.15872
261.12252 257.38752
107.59471 266.62357
120.04353 266.33675
107.58092 255.56322
95.14720 266.86593
107.59848 277.67310
232.43739 264.59559
245.16053 264.26723
231.81517 253.78592
219.70034 264.89358
233.07671 275.44586
