239.08486 500.03856
245.45201 456.04952
243.37388 465.44245
232.24295 402.86737
245.75116 441.07404
245.32521 419.45159
243.43648 365.47843
139.70362 355.96664
242.64226 331.59076
242.65027 312.16379
241.73182 227.88303
239.04973 503.67860
238.84757 507.04254
238.66069 509.25472
238.98845 509.24745
239.16102 514.61011
239.13493 520.48369
238.98043 526.50939
239.94357 545.57037
244.85417 462.35421
228.53690 459.55528
76.27343 290.85311
180.15660 368.73004
165.89921 370.29836
151.89393 369.41599
133.36434 360.05487
192.34822 365.10171
158.10509 330.21531
174.39908 331.78327
143.26176 332.41664
133.61600 337.35978
120.42445 368.40946
186.41148 569.88895
134.10123 351.55544
71.92628 356.64957
102.43989 357.63403
167.14083 430.01495
218.53963 496.11162
220.14277 505.16253
200.28436 496.48781
187.59423 496.62358
204.35159 502.87188
191.99036 500.81233
168.99838 512.74644
232.85584 455.25580
231.38676 440.68800
112.43344 325.36676
198.44741 393.89094
194.60917 443.20691
193.98501 434.02481
122.18781 424.85256
231.84418 420.60773
148.09071 311.83092
127.39087 316.30298
91.47862 266.45010
212.71710 326.07654
188.62243 337.55193
156.23542 498.53835
86.58942 492.89136
204.84174 452.05286
217.14213 457.10131
169.04536 495.88457
172.55429 497.02443
118.70354 306.71326
192.79700 447.33496
176.19935 314.04020
173.73624 302.80453
154.51365 234.64677
104.49485 286.94270
165.24524 268.59990
102.53253 318.01041
88.53383 305.91951
219.06548 501.16509
202.25806 499.81970
189.69033 498.69336
207.82103 454.18013
170.86949 496.46895
179.35334 501.56421
174.38878 497.58846
214.28168 451.17088
193.84648 502.56624
206.36946 505.14849
221.42960 507.70694
219.98685 544.54948
219.05976 524.74667
219.60410 518.60767
220.57347 512.84377
221.83266 507.75097
194.20726 502.50875
191.71645 504.42803
189.12516 507.09391
187.10728 510.22141
175.35884 481.31883
69.09655 418.40019
244.17863 464.14707
184.72428 500.22338
181.98857 500.79340
222.56966 462.88491
196.93862 454.57705
219.97495 460.07464
182.87589 401.15466
158.39520 409.96012
190.62857 438.82240
116.51372 247.06352
129.08700 273.75814
142.76223 300.73932
182.99571 525.35403
208.43123 307.65028
201.56375 267.66981
194.78404 228.80196
140.12099 366.07343
104.42155 377.31546
200.24585 361.78010
118.81078 342.36861
209.11925 385.61759
205.25298 441.12322
86.57008 386.73581
115.43357 388.13103
134.89110 394.47004
162.59633 393.07527
182.74297 387.65461
197.71224 381.66238
229.35344 368.74787
88.14450 417.21811
106.28333 339.79086
236.97554 461.70984
199.08433 409.41391
65.28664 350.90869
209.35735 375.07226
188.79947 437.76585
127.71148 351.52554
204.60124 429.85794
75.11540 455.02644
199.42038 357.06021
218.26571 424.11375
121.23835 531.30422
122.84791 547.60121
73.45286 419.61581
101.82849 510.51798
79.57373 328.54145
183.63704 585.59983
237.75351 463.42738
185.27108 418.73236
89.10901 358.77307
153.82272 361.80495
165.99133 362.88168
177.06790 502.58857
89.56883 447.07818
209.86352 605.79435
166.11842 584.77862
146.44173 569.44117
242.24767 268.09454
238.91240 607.84187
177.78722 361.44610
189.00420 358.93050
196.17564 357.84366
94.50787 335.51073
185.41671 348.22462
172.59887 344.89914
160.66531 344.37454
148.99909 345.85766
141.79240 348.21242
68.41969 317.17443
145.60540 359.07939
242.71476 476.02659
191.49518 475.66243
205.48020 450.88281
220.99461 475.36677
242.74176 347.16456
142.52602 552.35831
162.47834 569.33547
209.61798 595.89282
103.51460 523.74161
195.00571 353.48995
219.90674 392.98090
239.51081 597.78745
186.66777 597.68393
78.16891 452.40202
206.83381 505.16208
204.52016 508.89861
202.71857 513.40272
201.52793 518.93520
199.49878 536.61010
181.96162 498.83472
179.59206 497.47954
177.68582 496.20534
162.24248 488.75571
108.33566 456.05506
219.51043 376.26818
210.83781 347.38105
201.34791 348.59377
184.58272 500.27983
106.51770 490.30594
224.69821 348.25980
192.65984 552.69003
244.69281 400.99051
230.71660 386.56297
244.08902 383.79686
208.84917 415.65983
239.87822 582.49383
239.92709 562.94111
216.05162 561.83447
157.48797 521.42837
176.20942 448.76456
174.03024 538.93300
141.84785 446.04415
161.48940 462.78532
127.57420 467.95769
211.73056 580.90575
198.91673 421.62451
146.44728 534.70652
166.52652 553.25896
144.05072 502.67721
93.09647 472.12269
126.25825 506.32266
86.40179 482.64472
147.79483 478.63479
209.76836 401.02443
209.87044 448.65995
199.02356 448.97441
217.73299 440.76138
199.42685 335.07460
175.52735 325.74692
154.69252 323.73330
137.35404 326.41475
125.22822 332.36813
116.72532 354.63048
70.85894 387.88783
129.09364 375.00731
144.21317 379.98894
163.63643 380.45577
181.62465 377.23114
195.65373 372.73680
205.37875 368.71272
66.44284 384.00099
198.43024 451.06390
220.32176 408.22404
221.50628 451.90197
228.36575 458.35008
220.62245 453.24170
201.76396 454.41889
231.89511 460.35846
232.44912 462.04439
204.94450 357.72009
212.88464 361.53767
218.10452 364.88703
137.51363 350.04245
127.47441 343.27244
256.61298 402.61728
337.81522 352.50733
259.11877 459.32984
388.13294 289.62429
299.18259 367.28847
313.25940 368.15963
326.68664 366.80882
343.33710 356.64419
287.08962 364.08938
320.79648 327.63227
304.50604 329.40865
335.12013 329.63469
343.87246 334.35047
355.28004 364.89083
290.97169 567.76393
342.64588 347.89629
392.82113 354.72581
370.33738 353.29239
313.35095 429.09139
259.34090 496.20232
257.18941 505.12667
276.49869 496.49148
287.89609 496.48337
272.15337 502.77925
283.56931 500.61902
306.65650 511.85288
257.60758 455.08045
259.57116 440.42342
362.83578 322.12024
283.40176 393.24109
290.80083 442.69019
290.72449 433.43148
354.44691 423.36283
258.26939 420.31941
331.29128 311.07769
350.11361 314.19186
377.16618 265.62027
270.47429 327.70138
290.24281 335.61794
319.24912 497.75796
373.62447 489.08904
280.39872 451.72526
268.74669 457.00971
305.34421 495.36077
301.83476 496.53526
357.10835 303.71393
291.35049 446.89954
305.13673 314.63594
307.27963 302.70437
324.29494 234.56714
368.99144 284.72064
316.05141 267.44572
370.25624 313.81844
381.03543 303.68702
258.62965 501.19612
274.46198 499.80940
285.91557 498.49664
277.19254 453.92721
303.54085 495.96472
295.70634 500.98491
299.95702 497.12601
273.21835 450.79559
281.52436 502.34853
269.78684 505.02252
255.58484 507.62518
259.43040 544.19620
258.42034 524.52542
258.04566 518.38861
257.06937 512.64905
255.63691 507.59847
281.41232 502.12264
284.16016 503.96706
286.72066 506.49331
288.56763 509.49374
304.32660 480.87227
388.74074 415.94867
290.15607 499.83721
293.08656 500.32329
263.39944 462.90422
286.35846 454.35651
266.00503 460.08423
297.70997 400.40066
321.14335 408.97798
293.01595 438.31521
357.26662 246.63963
348.38544 271.91939
335.57389 298.87533
293.94646 524.28917
274.47549 308.73960
281.85990 267.16113
287.12556 228.81451
337.45873 363.05826
370.12852 373.77141
279.37070 361.08558
356.74283 338.62126
273.96645 385.01467
282.14062 440.63444
383.79174 384.66995
361.76095 385.52605
345.14207 392.86992
319.05583 392.20224
299.30894 387.15514
284.78696 381.58803
256.68267 368.46675
382.74346 415.09213
367.59938 335.78972
252.47422 461.55850
283.60867 408.85914
393.88097 349.40622
273.92091 375.30246
293.46341 437.30603
348.42068 347.88309
281.87981 429.33008
383.41294 451.74039
279.34163 356.04710
270.25845 423.63990
348.75291 527.63644
344.53301 543.22011
391.21049 416.86399
365.47742 506.92371
387.19167 326.62146
292.74575 583.01435
250.47459 463.32631
296.09464 418.09802
381.20721 353.88668
324.75499 358.92635
312.99664 360.52071
297.87934 501.94787
380.46895 444.63297
267.28596 604.31770
307.17641 580.99394
324.42723 565.14221
301.15121 359.57857
289.64383 357.54802
282.44801 356.80313
376.56915 330.50418
292.99958 345.45159
305.65926 341.11337
317.93603 340.22943
329.37463 341.81207
336.12813 344.46125
393.09293 315.84165
332.52713 355.85814
290.43290 475.41576
280.34516 450.52838
263.92049 475.35158
329.59206 548.78233
311.56213 565.99187
268.80734 594.52412
360.14275 519.60455
283.69073 351.83057
266.14384 392.54342
288.95421 594.84727
386.16181 449.25321
269.77723 504.89319
272.36977 508.52222
274.14647 512.91639
275.28550 518.36325
278.76553 535.68705
292.92073 498.49194
295.16320 497.10464
297.00158 495.87453
315.10945 488.19708
365.39719 454.07185
265.01855 375.88329
270.13486 346.76622
277.97520 347.37380
290.21157 499.98153
364.39675 487.57228
259.37878 348.82931
285.07535 551.09918
256.83614 386.25456
276.40061 415.23001
263.22343 561.03747
317.71550 519.69725
304.54472 448.03083
302.16035 537.05640
336.70686 444.72039
317.79755 461.87386
348.56602 466.29307
267.50443 579.83497
284.57444 421.10946
327.61189 531.93527
308.92632 550.57904
331.06561 501.23751
376.11264 469.32253
346.95824 503.79563
378.55298 479.19645
329.36536 477.68285
274.47057 400.55296
277.83444 448.19485
286.63701 448.52541
271.59673 440.31560
280.98283 334.34239
304.33930 324.63642
324.83922 322.25336
341.21114 324.30223
351.93024 329.47695
357.85188 350.68872
393.67085 385.57446
348.09705 372.18680
334.62769 377.85697
316.25832 378.91333
298.61050 376.20896
284.99100 372.13305
275.77714 368.30968
391.46855 382.17885
286.27412 450.67141
266.98247 407.78160
267.74808 451.48792
260.02194 458.03845
267.62929 452.92280
282.52560 454.13848
257.16767 460.09640
255.37289 461.82088
274.72989 357.08792
268.57182 361.31385
265.41634 365.25299
339.89209 346.41584
349.03203 339.82748
161.59566 352.30310
175.88074 351.88336
161.21817 339.32972
147.10320 352.67087
161.87163 365.26039
314.35139 349.01528
329.16611 348.77186
313.69107 334.97656
299.54137 349.12942
315.02797 363.15166
