149.16559 328.84413
151.40016 298.58746
150.37134 307.42047
146.55840 265.88269
152.37051 288.95095
153.58667 276.16229
156.41130 244.34528
92.99736 233.03204
158.40852 221.16520
159.79314 208.07327
165.71867 154.93521
148.75715 332.02686
148.25533 334.95294
147.84586 336.83958
147.80111 336.82014
147.52920 340.59890
147.08986 345.08042
146.48801 349.78680
145.30321 363.85114
150.92008 303.33047
142.78688 301.68625
56.88856 185.87437
115.92531 244.77806
106.97237 244.42935
98.45779 242.53150
88.21064 235.49135
123.78986 243.26452
106.36343 215.87650
116.49213 218.00384
96.81196 216.65638
90.29804 219.66260
78.54576 239.80569
108.49752 375.26950
90.14114 229.92720
48.88960 228.19171
67.96741 231.49951
104.93314 282.61632
138.63033 325.77669
138.65814 333.37683
127.92404 327.26931
120.30737 328.91230
130.11518 332.51545
123.10545 332.07843
105.20774 341.11672
143.95990 297.31249
143.63889 287.91693
77.25595 210.78537
126.58125 261.39254
123.39853 291.38393
123.12999 286.05822
75.83500 276.78593
145.11301 276.08613
101.14778 204.17278
87.64547 205.66514
68.05902 170.01173
139.87156 218.15235
124.84420 223.15581
98.73720 330.96966
50.59459 321.41497
129.86227 297.73059
136.90662 301.47369
109.99841 331.37238
112.18126 331.69347
82.73887 198.78322
122.61020 295.13829
118.50338 207.59640
117.81307 199.84566
109.48492 152.43973
74.58284 183.11318
113.93169 174.74382
71.29438 205.23416
63.22326 195.06748
138.44333 330.00085
128.98279 330.07552
121.67327 330.52498
131.84438 299.60829
111.11868 331.54696
115.38658 333.89587
113.34478 331.87211
134.51068 295.54880
124.23950 333.24712
131.08152 334.15175
139.03179 335.40368
133.34064 361.86073
135.83253 347.74141
136.70669 343.03188
137.74564 338.78004
138.91145 335.36814
124.06372 333.17637
122.33108 334.53825
120.43834 336.49905
118.75600 338.94271
110.58504 317.52214
44.14270 270.70011
150.67598 305.27125
118.90106 332.54848
117.19698 333.13961
139.29386 305.52411
125.12956 300.90528
138.17880 303.53112
115.93303 265.31440
99.46064 269.25718
121.14536 289.78374
84.89843 158.40659
90.92495 175.85741
98.59214 196.28300
112.28443 348.76250
138.69945 205.42265
137.02301 176.79294
135.45442 151.53902
91.70332 239.62519
67.18504 244.67068
129.11279 241.50591
80.12481 222.51793
133.87394 256.18953
129.11703 288.95501
55.27723 248.64977
73.30740 252.40188
85.15924 257.67378
102.83962 258.93059
116.08078 257.07060
126.09109 254.10609
147.32755 245.45475
54.80939 269.48037
72.00163 219.86988
146.49465 302.40736
126.62307 271.19777
45.44395 225.89655
133.89751 250.31369
119.99672 289.89112
85.47327 229.53627
129.14398 282.56019
46.12985 295.65875
129.66840 238.24523
137.02987 278.28505
69.81861 347.39347
69.42230 358.27818
46.22718 270.14888
58.63950 332.65006
55.80646 209.93584
105.66974 384.66989
147.21952 304.45069
117.39296 276.79417
58.85316 231.47454
100.73322 237.68628
107.88652 239.51505
113.68290 334.96195
54.75320 289.53726
121.46041 399.81210
94.98811 383.30705
83.23572 372.95124
162.96339 180.58496
140.11972 404.04360
115.27185 239.77743
122.46727 239.06264
127.21033 238.77064
64.46609 216.25386
122.55424 229.54116
115.16708 225.64196
107.66491 224.43367
100.10683 225.22057
95.29544 227.06248
49.88741 203.38698
96.11827 235.34348
149.81104 314.86663
120.26571 313.92581
130.01075 296.34245
137.58474 313.68602
157.42204 232.27579
81.91799 361.81470
93.35287 373.25237
121.48010 393.54661
58.86203 342.39427
127.53288 234.84620
139.90709 260.20190
140.91737 397.84126
107.24897 392.61893
47.53164 292.45239
130.87759 334.07116
129.10524 336.53722
127.64543 339.79070
126.39568 343.91443
121.50900 356.09832
117.39793 331.79602
115.81281 330.99702
114.49663 330.12123
102.78595 323.17802
66.47230 296.66001
140.84299 250.15977
137.01637 232.02602
131.34056 232.03600
119.05063 332.60410
63.83089 319.60049
145.14127 233.27325
114.37418 365.47495
154.51238 265.49716
146.79254 256.24727
155.44176 255.37025
132.16693 274.41733
142.17348 388.16271
143.75002 375.46101
128.45075 372.67102
95.52032 344.56080
111.29028 296.23122
103.91393 356.33032
88.31380 291.48313
101.28093 304.25081
79.08695 305.60316
123.81675 384.32131
126.25354 278.85655
86.30153 351.35808
97.21078 363.93193
88.84063 331.52971
55.91730 306.51526
76.00277 331.84733
50.63070 313.16087
92.87153 314.92199
133.48346 265.56314
131.74665 293.62907
126.04601 294.97189
135.94720 287.96997
131.29078 222.70146
117.35010 214.64453
104.50988 211.92838
93.35590 212.69480
85.09000 216.11572
77.77631 230.62205
46.23926 248.71608
83.49292 244.66257
92.41880 248.82339
104.56213 250.82680
116.16289 250.34632
125.31805 248.37445
131.75672 246.18171
44.13721 247.84550
125.97957 297.24979
139.05531 269.15966
137.95650 295.06298
142.34171 300.13892
137.94683 296.47957
128.12711 300.22222
143.84546 301.35763
144.55030 303.41422
132.65045 238.93511
137.06489 241.78426
140.01546 243.98872
92.50600 228.56855
85.92794 223.65817
162.12408 267.86956
218.12929 248.06121
159.18661 303.65407
261.99117 215.54106
192.30707 253.82375
201.05665 255.90860
209.79478 256.49581
221.79128 251.49294
185.13643 250.26360
208.93499 228.56758
198.59457 227.76659
217.78436 231.85833
223.02908 236.29936
229.87276 258.78009
176.80696 384.01618
221.82951 245.30135
260.89002 258.91328
242.25011 253.38949
198.37289 294.95303
159.90060 328.26896
157.62163 335.61418
169.20946 331.98180
175.05018 335.26193
165.32590 336.61782
171.22522 337.68177
188.60788 351.20712
158.87281 299.22038
161.01663 290.11063
236.96077 232.15747
181.57114 268.55011
179.59039 298.20354
180.65412 293.06117
226.87589 297.50175
161.74642 278.14530
215.21299 221.09085
228.02545 225.25964
255.60629 197.14882
175.58748 224.14355
189.26145 230.41708
196.71751 343.04913
238.00539 346.86883
172.07471 302.73637
164.73413 304.74139
181.89466 339.88732
179.77956 339.61728
234.16338 219.49279
179.48293 302.01822
197.90289 220.08058
200.30889 212.63558
220.73156 168.54982
247.19110 207.18756
211.83126 188.18870
243.96455 227.74586
254.91438 222.11554
158.92534 332.43467
167.29234 334.57282
173.21695 336.54862
169.76621 304.05737
180.80381 339.75838
176.95493 341.02975
178.61719 339.48969
168.43744 299.67073
169.55873 338.43314
163.65026 337.89208
156.43259 337.41797
157.49151 364.83740
156.98431 350.16209
157.21536 345.37100
157.02631 340.98456
156.45090 337.36042
169.57143 338.38659
171.11753 340.16554
172.50719 342.45342
173.54219 345.18844
187.76022 327.17043
254.83518 300.96431
173.83836 338.88169
175.42520 339.88700
161.72205 308.17615
175.90917 307.05161
163.13402 306.48532
190.89429 275.29158
206.00656 283.70835
181.79510 297.19630
242.86020 181.26043
233.65343 195.58291
219.38722 213.74473
180.26159 357.03816
179.61843 212.34989
189.09368 184.00658
195.81262 160.26816
217.22166 255.24440
239.86723 266.84281
180.52354 247.29620
232.03947 241.66755
175.75697 261.59332
174.66989 294.55700
251.36488 276.39834
231.78712 273.37963
219.09689 275.89372
201.82867 272.16742
189.82622 266.38885
181.31879 260.91431
165.01852 247.80082
247.31927 296.25812
240.40762 241.47746
155.43089 303.51747
179.64429 277.91355
263.46975 257.86863
174.85071 255.44988
182.58188 297.59708
225.80152 246.24563
175.57615 288.24832
247.57906 323.67511
181.04219 243.88334
169.02990 282.23112
216.81116 366.57045
213.99339 376.72156
253.96875 299.17133
229.40126 355.37875
258.42039 239.01094
176.82424 393.75711
154.18897 305.29977
187.34628 285.83987
251.59673 255.50891
208.99278 251.14899
201.38349 250.96134
178.31895 342.46553
242.88766 315.21308
158.90794 404.39932
186.57301 394.44024
199.00438 387.31170
194.20576 249.09343
187.32763 246.38481
182.99318 244.94955
248.51301 239.22074
190.22745 236.34275
198.44213 234.07019
206.44235 235.02001
213.64160 237.92220
217.73916 241.06637
264.30391 234.60596
214.27126 249.86469
179.02048 321.01322
172.35406 301.36355
162.21449 316.71362
203.11899 377.46211
190.18568 385.55650
160.53506 398.57678
226.34225 364.46076
184.00095 240.86064
169.40160 263.92794
173.64862 400.61457
247.70815 319.80738
163.74651 337.82166
165.06532 340.64145
165.87236 344.12075
166.25906 348.39853
169.94760 361.87438
175.69093 338.56587
177.47678 338.19142
179.10242 337.68564
194.25382 334.68579
231.17647 318.96931
170.29642 254.00194
175.59515 236.48025
180.90692 237.50545
173.75082 338.87931
228.55142 341.53566
167.68293 236.32459
173.81868 372.90624
163.58823 258.37969
174.04436 279.66901
159.22392 376.56527
196.09872 357.20972
189.88641 306.16056
185.60632 366.51207
212.52546 308.16494
198.38937 316.87429
218.53830 324.22318
160.83765 389.16995
178.64843 285.31941
202.40190 366.20720
189.41560 375.60385
205.02832 346.34394
238.12818 331.05567
215.71115 349.95378
240.35829 338.71985
204.73730 329.54380
174.32760 270.74452
171.38830 298.48401
176.38582 301.06325
168.33925 292.00185
182.79714 229.27163
197.78696 225.55145
210.83116 226.35315
221.39864 229.71638
228.44053 234.71887
232.83655 249.81808
258.77493 279.08830
223.80270 262.59445
214.15613 264.69352
202.01624 263.20631
191.06836 259.33550
182.97201 255.05238
177.49635 251.39882
259.87550 279.34514
175.85687 303.22683
168.58232 272.85937
165.20528 298.48865
160.02008 302.36326
165.01680 299.89018
173.20505 305.58339
158.26810 303.15067
157.02058 304.87960
177.92871 244.03120
173.50374 245.88553
170.34734 247.82329
220.01482 243.36610
226.28790 240.96930
110.17316 231.41718
120.21576 232.47283
110.99399 221.02223
99.82324 230.26252
109.23807 241.75922
202.37581 241.98163
212.36238 243.74120
203.62745 232.26066
192.44222 240.09627
201.09293 251.69095
