152.76910 353.41985
145.78614 325.01950
148.02856 332.47699
138.37810 290.62352
145.38778 315.16251
145.60579 301.14657
146.69589 264.91454
82.07580 260.30041
146.37695 236.45710
145.75370 221.49472
145.09275 162.98457
153.13737 356.28612
153.36293 358.90391
153.52870 360.62473
154.07069 368.72949
154.48549 373.90115
154.88483 380.10323
155.28611 386.20702
151.42883 396.85580
146.56005 329.42809
138.83449 328.24201
46.09935 212.05017
108.39143 269.08620
98.92333 270.22632
89.94836 269.57058
78.60469 263.28076
116.43508 266.25621
92.75994 237.73368
103.91301 238.65576
82.87305 240.12437
76.83280 244.73544
70.91781 268.87902
121.34351 407.70767
78.82413 257.16638
46.83807 257.78848
60.70733 259.98946
102.42231 311.01618
141.86345 352.12260
143.58155 358.84205
132.41258 355.29625
126.05567 357.84028
135.65206 359.54700
129.64717 360.52238
111.87787 373.23277
138.47646 324.72860
136.92830 315.31881
63.05635 233.10806
120.26136 285.88524
118.76144 319.17031
118.32433 313.27336
74.88742 308.37315
137.43842 302.19676
82.73750 220.65771
70.72120 225.10061
52.75037 194.14233
125.15508 229.28636
113.76678 243.38093
105.09994 363.14461
68.96854 348.51185
125.99685 324.73040
133.50755 328.02553
117.83887 361.84595
120.13696 362.24114
65.54412 217.85188
119.08685 322.69325
100.26595 220.70670
98.32675 212.07798
88.03096 169.99116
58.43700 206.67943
93.54861 192.97004
57.90982 227.59866
51.03130 220.79045
142.58231 355.92692
133.97962 357.53502
127.72594 359.19707
128.33087 326.37899
119.01281 362.05278
123.15414 366.02138
121.30260 362.43361
129.46378 322.89056
131.30393 361.50458
137.18419 360.87958
144.60483 360.59415
139.37722 395.53634
143.48651 385.21979
143.63363 379.14195
144.16606 373.01209
144.95856 368.24321
131.48492 365.53665
129.68002 367.43958
127.69613 370.33843
126.20696 373.56693
112.31870 347.16961
52.89863 299.00913
147.25465 330.91523
127.04118 364.17986
125.08012 364.93425
136.53703 331.98762
122.80452 328.03641
135.12420 330.13110
110.51088 291.25257
95.39718 297.68942
117.33024 317.03120
65.83200 179.75503
71.65555 196.71951
79.10274 212.25137
118.93991 381.42513
121.74108 214.97035
117.31731 192.34028
113.64364 164.81386
82.67879 267.35100
61.36010 275.33476
121.58721 263.55489
68.56021 248.39108
126.59852 279.78796
123.41941 316.72967
53.83859 280.25319
67.20683 283.21933
78.63570 287.56313
96.35574 286.44777
109.56765 282.52977
119.27659 277.95545
138.00422 267.45876
56.64628 301.83704
61.41223 245.43379
142.09233 329.12978
121.09288 296.37769
45.28814 253.95678
126.44700 272.78051
116.93542 316.65848
74.71484 256.99319
123.19390 309.53985
59.58839 323.08425
121.62778 259.91311
130.08216 304.97806
87.52393 378.06634
90.49098 386.55547
52.28557 300.99349
76.44885 363.08236
48.40430 237.74565
120.86784 417.25374
143.69365 330.60367
113.25305 303.13242
53.71213 260.90076
90.80135 264.21668
98.68318 264.95735
121.47557 367.33478
61.22764 321.69895
137.14654 431.55124
113.18399 413.70479
103.14145 402.17822
145.11501 192.03251
154.89221 434.10981
106.68340 263.88206
114.33538 261.87681
119.28283 260.78617
55.37433 242.20091
112.55096 252.24259
103.98654 249.39617
95.60271 249.21686
87.77850 251.10853
83.16373 253.68869
43.96096 230.80309
85.62787 262.41320
148.62931 339.06724
120.02910 342.02402
125.52638 323.50783
136.08133 339.64099
146.94137 249.95525
99.07079 392.80622
109.71803 404.89051
135.38226 425.83440
79.81456 369.89741
118.68945 256.81993
132.06485 284.27260
153.54306 428.66604
123.98137 424.20139
58.36971 322.93369
137.46766 367.02109
135.84953 370.45874
134.46216 375.15945
133.65312 380.57489
127.79569 389.59484
124.83110 361.47053
122.91415 360.69651
121.39426 359.88798
106.85580 354.28547
71.57516 328.88561
132.38517 272.94385
127.36905 250.62972
122.21275 252.51051
126.66959 362.19080
75.82669 351.19840
134.82883 250.07727
124.35439 397.79023
146.04301 289.15555
138.10636 279.77679
146.36104 277.71338
125.88756 299.99237
152.86655 419.13787
152.15295 407.22925
137.64453 405.31583
105.07682 376.31610
110.13454 324.30895
114.00928 387.96955
88.81356 322.42752
102.43564 334.10717
83.72289 337.59322
135.69429 416.57640
121.04305 304.69494
99.36771 383.06162
110.53399 395.81624
97.18497 363.42998
66.75954 338.17548
87.41939 363.65303
66.01596 343.35487
97.25152 346.29259
126.75279 290.14683
126.39848 321.32957
121.58881 322.63911
129.68139 315.70788
119.01332 239.36879
102.55655 232.29085
88.72344 231.76598
77.94482 234.75060
71.13084 240.08037
68.62167 258.31956
48.26629 279.34163
75.84981 273.73268
85.07089 277.11291
97.47995 277.43020
109.28453 275.09044
118.41485 271.59009
124.57217 268.32870
48.58867 276.12671
122.31591 324.62090
131.66173 294.44644
132.48279 322.77121
137.88074 327.00354
132.89775 323.76172
125.15222 327.28575
139.41905 328.28714
140.86616 329.84934
124.75293 260.18985
129.22992 262.51166
131.72107 264.59023
80.64592 255.57112
73.60042 249.85679
154.17009 290.15778
216.72252 255.80567
156.05939 327.63588
257.07313 205.90023
189.11823 267.18562
199.77542 267.45148
209.56641 265.78319
220.99117 258.56701
179.77269 264.69094
203.72340 234.50261
191.49928 235.94743
214.74200 236.16559
221.48544 240.19376
230.40473 263.71489
186.06712 406.74973
219.84870 252.48141
261.37439 252.28707
241.18335 254.45496
197.04555 308.29249
163.77202 350.47426
163.42956 357.37589
174.54789 351.91410
181.85340 353.33178
172.02161 356.65504
178.71469 356.42085
193.65558 370.52685
153.42410 324.24046
154.39845 314.75503
236.50752 229.04538
176.96443 284.16468
177.74549 317.19657
178.45943 311.25751
227.06226 304.36568
154.25780 301.66240
213.35567 218.64708
227.19363 222.00188
247.67181 188.23051
167.64293 229.35318
180.87344 241.10638
200.24715 359.85110
248.51844 345.17785
170.89580 323.09893
163.07508 326.95777
191.55467 355.74770
189.19616 356.34946
232.55565 214.32012
178.63893 320.61903
193.98517 219.87223
195.50071 211.05049
205.83598 166.17947
240.13416 200.88460
198.81801 189.68444
242.16617 223.12490
250.51028 214.78341
163.89911 354.38113
173.40514 354.45078
180.46626 354.87416
168.81326 324.87170
190.34789 356.06712
186.47086 361.07386
188.05930 356.65221
165.26777 321.67526
177.16859 357.47026
170.62789 358.07904
162.79453 359.17634
164.23665 395.03668
166.96138 383.97559
166.05312 377.85771
164.71856 371.73603
163.30676 367.07072
177.34454 361.96375
179.46387 363.76324
181.85294 366.53089
183.80325 369.71562
189.31472 344.70091
261.52740 294.05415
182.08228 359.62701
184.29614 360.19498
160.12857 331.29838
175.90230 326.20461
161.47754 329.26059
187.53185 288.93337
203.83487 294.66878
180.52211 314.91931
231.52374 174.53521
223.84578 191.89681
216.72034 209.72968
186.23523 379.58020
170.46601 214.69709
173.57475 190.63780
177.95308 162.72998
217.06767 263.02742
241.57943 269.63614
173.54745 262.21249
231.20010 243.47273
169.85170 278.43278
171.17257 315.19148
251.93370 275.16556
235.81641 277.98433
223.74587 283.03059
204.34459 283.18238
189.42504 280.01974
178.19427 275.89948
156.12216 266.88014
249.68230 297.00752
239.33112 240.56040
151.18112 328.80148
175.94287 294.66434
265.14625 248.16337
169.78458 270.90011
181.71642 314.53880
224.62936 251.97866
171.78889 307.96632
256.62349 318.79373
172.76130 258.51461
163.00430 303.95993
225.00461 375.67540
225.35777 384.67462
258.90922 295.85498
237.34191 360.03417
256.37469 231.95691
187.95825 416.53585
150.82778 330.28373
184.99011 300.94489
249.63298 254.97847
207.94925 260.68874
199.43942 262.33798
188.39965 362.23953
246.89372 317.20796
172.98051 431.35278
199.44217 412.98124
211.20979 401.08729
190.40729 261.99690
181.50573 260.41999
175.68841 259.51712
246.08966 236.82016
182.32558 250.21780
191.71260 246.98724
201.04560 246.36539
209.70317 247.57915
214.82566 249.58623
262.38490 224.69666
213.25118 258.24904
180.01331 340.08420
170.65730 321.96545
161.83591 338.91023
212.37720 391.16355
200.53817 403.83106
172.41929 425.48087
237.42557 367.29011
175.70781 255.16548
162.47724 283.37821
187.05245 423.71125
254.38892 318.33153
170.98678 364.60665
173.09461 367.93332
175.09561 372.59483
176.63661 378.05475
176.64657 388.28524
184.22839 356.28412
186.02649 355.34318
187.48962 354.39304
196.53468 351.31247
234.06799 324.81009
162.84963 272.04447
166.58538 249.05403
171.95443 250.77965
182.44220 357.14254
233.82606 347.67713
158.81810 248.88991
181.72952 396.72937
155.21276 279.26683
169.55878 298.72377
167.45410 404.80927
201.70100 373.87624
189.90043 321.78051
192.76283 386.29102
212.68813 319.10021
199.12082 331.36526
220.51280 333.98190
170.74462 416.11202
175.75175 302.90544
209.40219 380.88968
197.84869 394.41123
209.03197 360.40857
243.44184 334.15352
220.93120 360.61179
248.11572 339.54669
206.49871 343.14887
169.04580 288.87022
168.13228 319.95946
174.83096 320.81942
163.00842 314.65422
174.79222 237.91714
192.31834 230.26989
207.64987 228.91638
219.84435 231.01346
227.75760 235.65311
231.85504 253.23496
261.53003 273.97649
225.42140 268.99360
215.77541 272.94756
202.22285 274.35304
188.87950 272.85393
178.31598 269.80287
171.14843 266.62790
264.24606 270.70329
174.96257 322.75125
162.07549 293.56730
160.50451 321.92129
156.21612 326.53632
161.14097 322.96639
172.73727 325.54169
154.22679 327.83659
153.77715 329.36404
169.61292 258.79721
165.47462 260.90002
163.26133 262.90469
217.68062 251.12082
225.33408 244.98730
97.81972 256.12669
108.09760 255.62935
97.22903 246.35590
87.47117 256.54579
98.34626 265.86125
197.87318 253.03463
209.04525 252.53851
197.22671 243.45606
186.74106 253.39992
198.48350 262.58167
