201.15980 448.68223
200.38663 406.40023
199.99834 416.38248
190.18789 358.68913
200.55074 392.69115
200.73019 373.34951
201.14400 325.41195
114.20210 317.67084
201.07053 295.10173
201.05280 278.06142
201.29530 206.27965
201.14973 452.41708
201.01766 455.77111
200.91638 457.86066
200.89052 458.32653
201.18143 463.12405
201.31635 468.81373
201.33684 474.75722
198.87384 494.38044
200.30561 412.34752
187.54030 410.35196
66.38342 262.36596
148.63376 327.20661
136.46080 329.15911
124.63939 329.19535
109.21722 322.15629
159.06774 323.80553
126.96638 293.84745
141.46358 294.51893
114.33731 296.67822
106.69363 301.66089
98.19576 330.00426
152.20741 515.29568
109.45795 314.31540
60.38065 320.67584
82.64181 320.20128
138.15321 386.88136
185.59217 445.59515
187.03630 454.72466
170.80606 448.37047
160.42266 451.25155
174.83919 454.39630
164.92162 454.64716
142.72729 469.29356
189.66501 405.74047
188.19547 392.51979
86.82680 291.12454
163.95420 352.41515
160.06126 397.50825
159.61059 389.48692
101.22856 383.91402
189.14281 374.55515
115.37340 278.61119
98.10987 282.76103
78.09255 240.35244
173.04121 290.35570
154.48455 299.27432
133.30480 456.76844
72.72791 444.99172
169.31879 405.28567
179.37173 409.49502
146.04740 455.67326
149.00100 455.76326
90.41549 273.89352
159.46542 402.32117
140.08211 280.34350
137.38462 269.92708
128.53759 212.29434
86.73931 256.95177
136.13424 240.82925
78.94765 284.30196
74.24917 274.06878
186.05966 450.84020
172.81118 451.66843
162.57141 452.99702
172.17832 407.40464
147.56305 455.72335
154.45881 457.98149
150.57136 455.80677
175.63295 402.90136
166.79914 455.83548
176.65788 456.14023
188.11010 456.97077
182.45569 493.61285
185.73808 473.41035
186.18406 467.43170
186.97233 461.91140
188.01981 457.35366
166.77499 455.81553
164.64479 457.83999
162.35042 460.61814
160.49322 463.95569
147.70256 435.98510
59.60079 377.17262
200.17572 414.36928
159.21451 455.75714
156.87591 456.75653
183.61086 414.82878
163.97743 409.56693
181.56110 412.25128
150.98169 359.81476
130.52583 368.89992
157.43312 394.66638
97.80975 223.10456
106.46709 245.16829
110.47269 268.19432
153.05193 478.82566
168.26227 273.84692
166.62199 240.14140
161.91658 207.25544
114.86070 326.92524
85.00232 338.58647
165.79418 320.78823
94.65667 306.26549
172.78543 344.27112
167.91643 394.35597
70.59581 348.00141
94.31964 348.86942
110.71273 354.51191
134.31297 352.13294
151.37485 346.17290
163.87071 340.21273
189.20175 328.35934
72.73134 376.67122
84.00920 303.99138
193.64366 411.72136
164.49213 366.80483
57.16554 317.01713
173.40822 333.90932
156.55256 394.39607
103.74529 314.81113
167.68915 384.59799
64.08521 410.33123
165.38385 316.20661
178.17537 378.30977
99.01218 481.18268
100.06178 495.01329
61.32627 377.85652
84.03209 461.76604
67.08471 294.96715
149.16969 528.96452
194.84644 413.72864
153.17146 376.17272
71.97900 321.14505
125.86958 321.60751
136.02781 321.87208
152.37770 459.56262
75.14558 403.80876
171.97004 547.36934
134.52474 527.96558
118.55566 514.45342
201.19173 240.53652
198.58327 549.78706
146.24189 320.12712
156.11345 317.74127
162.52649 316.87088
74.80295 300.00235
152.75209 307.82045
141.45334 304.89157
130.74321 305.07607
120.83446 307.51407
115.10217 310.46538
60.13700 286.44764
119.04255 319.87851
199.78342 426.69478
159.88142 429.18428
169.43071 403.64390
182.65173 426.63324
201.14618 309.06172
115.44046 499.94246
131.55683 514.76711
171.57178 538.64570
85.43914 473.32203
161.34317 312.77025
180.83612 350.31060
198.75379 540.93880
151.66662 539.59662
65.49787 407.73442
176.58235 456.29112
174.61500 459.73443
173.05986 464.03152
171.99304 469.37764
166.01328 487.42390
156.62391 455.10376
154.25006 454.34789
152.35263 453.49797
138.11418 445.45147
91.31111 412.39129
181.22030 335.35894
173.84321 308.08293
166.14900 308.88830
159.11100 455.81572
89.49224 443.86217
184.89454 309.33850
158.78536 500.96586
200.91753 356.87156
189.52619 344.11734
201.04101 341.51255
171.77023 371.67562
198.80174 527.15898
198.84340 509.72896
178.20467 508.56658
130.53098 475.18460
146.29104 404.86390
143.48398 489.95202
118.17222 402.45519
134.88472 418.24660
107.37215 423.48637
173.66743 525.23320
164.15384 378.14433
119.61607 485.33435
135.76299 501.31103
120.60512 458.44027
78.35931 426.65095
104.95893 459.70990
71.91663 435.58862
124.87869 435.08207
172.90079 358.28004
171.79426 400.76199
163.88782 402.36166
177.30836 393.10842
163.00949 297.59689
141.26440 290.06280
122.78299 289.06418
108.18147 292.01301
98.70496 297.49035
94.36697 317.47856
58.98767 348.92021
105.59757 336.04065
118.36649 340.01575
134.94600 339.48814
150.25413 335.74711
162.10689 331.36215
170.23992 327.56794
57.62874 346.57999
164.03368 405.07639
180.54189 364.02810
180.59293 402.93612
186.90961 408.79967
180.55208 404.35979
167.54140 408.55376
189.53947 410.52531
190.62185 412.53143
169.73043 317.08054
176.31067 320.93764
180.35123 324.39325
111.91568 312.60192
102.33017 307.13388
211.54039 358.50091
287.60583 314.66501
212.91769 410.21793
336.37277 260.94991
252.28021 325.83096
265.03866 327.16979
277.27708 326.93991
292.70967 319.30978
241.33772 322.76391
274.15136 291.29432
258.80975 292.26349
287.40762 293.78971
295.20540 298.60796
303.96619 327.79408
245.83261 514.93744
292.30112 311.03833
341.83813 319.48977
319.08796 317.77165
262.24939 386.28372
216.13519 445.65283
214.31501 454.84034
229.69827 448.45731
238.64618 451.40874
225.39117 454.59186
234.08033 454.88225
255.67339 469.14010
211.04898 405.67873
212.77784 392.36208
315.14398 288.75938
237.26087 351.78661
240.40685 397.27625
241.02987 389.18585
299.02223 382.85573
212.25496 374.35135
286.46051 277.37861
303.81754 280.85463
324.83106 239.03750
228.10194 290.00490
245.23649 297.41362
265.43565 456.62940
326.48782 443.55839
231.06744 405.13916
221.05787 409.53365
250.57859 455.86490
247.58356 455.95309
311.21099 271.98464
240.85455 402.17060
261.65407 279.47209
264.45135 269.21885
274.29498 211.56840
316.29434 255.24962
266.47535 239.76668
322.71139 281.97069
328.64824 272.49231
215.53232 450.94777
227.58833 451.85807
236.53371 453.20417
228.11784 407.33428
249.06877 455.92226
243.48703 458.20969
245.97738 455.98934
224.99670 402.71326
232.06514 456.00948
223.40871 456.29260
213.07642 457.09114
215.46033 493.60654
216.41901 473.68470
215.77631 467.58884
214.67779 462.01124
213.21420 457.41822
232.10691 456.01663
234.64761 458.09581
237.10546 460.92353
239.01537 464.32686
251.72060 435.95137
340.73103 375.92591
238.54845 455.95425
241.04669 456.97553
216.64594 415.00922
236.23811 409.58907
218.78439 412.38267
249.86196 359.13363
270.16573 368.11283
243.05639 394.44474
305.20399 222.01898
296.52044 243.65114
291.31612 266.90306
245.19941 478.59604
233.02587 273.49943
235.77978 239.62941
240.80305 206.86962
287.08250 324.39164
317.49494 336.73987
234.18722 319.93928
307.21174 303.45831
228.82085 343.65900
232.77261 394.07730
330.72694 346.69786
308.79583 347.45167
292.72043 353.43025
268.50610 351.33947
250.78836 345.53335
237.77677 339.79089
212.94401 328.06515
327.82449 375.42548
317.95889 301.50382
206.91137 411.67373
236.47764 366.33047
344.81199 315.72839
228.03876 333.59821
243.82681 394.21113
298.01366 311.55907
233.16583 384.26273
335.68327 408.96607
233.90123 315.08968
222.94111 378.00992
299.85170 480.29144
298.73361 493.85296
339.36689 376.53005
315.01558 460.61286
335.56184 293.61735
248.63504 528.61806
205.52446 413.69446
247.38374 375.71490
329.46947 318.86457
275.76532 319.06033
265.19807 319.72434
245.60327 459.79719
324.78471 402.57930
225.26632 547.20442
263.50092 527.20874
280.05422 513.54834
254.47233 318.47557
244.01552 316.51547
237.14746 315.86788
326.74406 297.66541
246.48504 305.80213
258.28401 302.36831
269.93444 302.22119
280.50203 304.39771
286.47150 307.26826
342.31535 285.08953
282.75880 317.04198
239.94325 429.24666
231.01537 403.48284
217.20235 426.78278
283.04914 499.31534
266.59265 514.29198
226.06363 538.50222
313.52922 471.89559
237.86775 311.33087
220.86389 349.94895
245.88400 539.09799
334.33916 406.38581
223.57626 456.43576
225.95937 459.95046
227.81892 464.33678
229.19714 469.83713
232.03813 487.19197
240.98489 455.27827
243.37247 454.51603
245.35173 453.65350
260.88731 445.38124
308.36862 411.26728
220.65263 334.94579
226.20245 307.32639
233.36588 307.61533
238.45049 456.00041
309.70586 442.71813
216.14126 309.12864
239.34175 500.67901
212.44161 343.88823
229.27381 371.36283
219.65242 508.44626
267.97956 474.82926
253.83661 404.55484
254.81073 489.57905
281.84110 401.60624
265.01291 417.83281
292.16493 422.61920
224.10177 525.14063
236.64312 377.76524
278.96692 484.73974
262.54808 500.83061
278.22031 458.07805
321.19184 425.41904
293.93430 458.87067
327.51184 434.28919
274.62789 434.71109
228.38998 357.88273
228.86297 400.48377
236.53165 402.18321
223.51549 392.86741
237.18900 296.19581
259.62961 288.24191
278.95513 286.96218
293.95834 289.51859
303.42466 294.78804
307.38100 314.93351
342.39671 347.66075
296.85232 334.03414
284.17490 338.33123
267.14895 338.06698
251.09392 334.70568
238.77229 330.64715
230.35356 326.98407
343.47440 345.33366
236.22072 404.93838
220.88941 363.69703
220.08100 402.74667
213.61326 408.72821
220.08546 404.22023
232.68404 408.49100
211.02666 410.44472
209.73898 412.43346
229.87669 316.18061
223.90390 320.45208
220.66316 324.16189
289.79131 309.36486
299.44006 303.98005
134.03333 312.23943
146.66212 311.79017
133.56945 300.96527
121.20411 312.69339
134.36779 323.60784
264.61145 309.06047
278.15416 308.71675
264.37032 297.86751
251.04723 309.19369
264.93177 320.34367
