191.43707 380.62434
192.85281 349.84888
189.34972 357.16166
183.42895 312.00656
193.57734 339.23158
193.46879 324.19862
191.69982 285.37944
106.29445 273.01023
190.95973 258.04968
191.67625 242.86866
194.24699 175.36833
191.12802 383.89513
190.27257 386.75554
189.38680 388.51698
189.52584 389.00744
189.66312 394.37493
189.27161 400.61422
188.31140 406.80130
183.57480 420.02899
191.87240 354.39240
180.63945 352.12138
62.96752 214.24152
139.63968 285.74475
127.93866 286.13421
116.71870 284.25156
101.73335 275.33937
149.60942 283.40936
122.53574 253.40195
136.06334 255.72755
110.09801 254.21144
101.96790 257.43434
93.03092 280.36658
141.86664 433.43712
102.17097 268.86943
57.31626 264.38894
79.50303 270.65359
131.48318 328.60514
176.56656 376.96518
176.02828 384.89137
160.96820 378.04349
149.53950 378.82286
163.15150 383.45083
152.55771 382.34168
132.68275 392.00233
184.00333 348.78737
183.28338 338.45492
86.23754 247.42337
155.52476 303.66047
155.58519 339.52165
154.49937 332.97852
96.01371 322.44246
183.42036 324.40790
114.51801 239.98230
97.88991 241.81822
75.85981 196.32066
166.15386 253.60781
147.57467 261.25603
124.24457 380.06172
63.34535 366.96033
163.38462 346.37525
172.39661 350.67614
133.30302 379.37305
136.05939 380.20977
91.62845 234.19690
154.05002 342.79412
136.91810 242.93425
135.22088 234.28722
126.43348 175.59364
86.29298 214.06205
134.29151 204.33516
79.26934 241.15440
72.59538 227.11413
176.18049 381.43737
162.05339 380.90745
151.01070 380.59254
165.59579 348.22726
134.74281 379.81427
141.74796 383.81054
137.49253 380.60032
170.37484 345.47184
153.77696 383.67806
164.16505 385.16656
176.14679 386.88216
168.94284 418.19558
173.01362 404.58223
174.27047 398.35781
175.44681 392.22384
176.37138 387.34050
153.89203 383.72100
152.08575 385.56438
149.86560 388.27230
147.93023 391.38937
139.26082 366.75259
51.32602 309.76001
190.87053 355.83454
145.87745 382.28799
143.91330 382.93855
175.62230 355.19635
156.72673 348.65985
174.16009 353.01983
143.21841 308.01473
124.18706 313.29113
151.70009 336.49889
96.29180 183.01759
106.17589 205.92537
110.69717 231.31634
142.24452 402.07973
163.01395 239.33368
162.33794 205.43317
158.03966 173.33260
107.15242 280.65716
81.26851 285.71797
156.11917 281.11923
90.74428 260.45131
164.12831 298.20087
163.69218 338.08510
68.14494 289.78191
89.34661 294.79174
104.42649 300.96607
126.24408 301.95420
142.36949 299.33860
154.43586 295.68485
180.70737 286.97466
68.91055 313.39927
81.87934 257.58194
186.53247 353.66067
156.59044 315.17230
50.93360 259.02538
163.63616 291.28811
149.59169 335.80951
97.10073 268.28750
162.54972 330.10851
55.37454 337.94361
155.89835 277.34884
173.06398 326.43809
92.84776 400.06692
92.42290 410.51150
56.46161 312.29643
77.01698 382.85834
64.48180 243.68536
140.01624 443.72335
186.66413 355.11505
145.75683 321.27042
69.93234 270.35381
117.67337 279.10300
127.75796 280.84024
139.72242 384.88937
69.48791 335.71476
159.52768 458.69902
127.06353 440.08904
111.58380 427.86248
193.47560 207.85488
180.30168 461.78596
137.69590 280.34457
146.98844 278.78584
153.02079 278.05456
73.51257 253.35792
145.29987 269.05837
135.11977 265.38389
125.08456 264.08980
115.13021 264.59642
108.85822 266.20593
55.47061 233.92364
110.92199 276.13341
188.21389 365.07896
151.63686 363.23808
163.95631 345.31033
173.34819 363.96833
190.98417 270.50463
109.42842 416.81916
124.25452 430.25033
159.00577 453.43575
76.57472 391.41473
152.60154 274.10193
173.35826 304.30581
180.90055 456.86420
142.64993 450.97394
59.19618 337.23113
164.38684 385.42218
162.67291 388.96309
160.92248 393.55250
159.46159 399.02755
154.20772 411.32202
143.68242 381.23620
141.91007 380.14353
140.45078 379.08061
129.36591 372.14641
84.77395 344.43292
172.62189 291.91504
164.76403 270.23807
157.39089 270.67162
145.67718 382.34985
82.55815 369.34322
175.77731 271.44590
147.16823 421.96411
192.85213 311.27780
182.05360 300.27806
192.30430 298.96781
164.77227 320.16816
181.81339 446.97907
182.61613 432.94292
164.49950 430.38744
122.81463 397.13492
139.45588 343.21537
133.87260 410.96366
111.83734 339.18781
127.73622 352.64660
100.80650 354.72572
160.62843 443.64655
157.02743 324.14107
113.32095 405.49749
127.42809 420.07611
113.64282 382.21673
71.73278 354.44480
98.72997 383.35716
64.83966 360.50635
117.47178 363.95250
165.11949 309.58124
167.21530 343.54026
159.07157 343.74645
173.19415 338.03734
155.59880 259.88637
136.45604 251.38096
119.39880 248.66409
105.31060 249.69219
95.52825 253.38708
89.64318 269.65903
55.47033 288.09186
99.41283 286.07145
111.43600 291.06789
126.76107 293.01929
141.20076 291.80676
152.52057 289.04876
160.32779 286.39415
50.15054 283.62862
158.47636 345.56447
173.92291 315.27684
175.99864 346.11325
180.68986 351.08897
175.16139 347.06436
160.75551 348.45212
183.05347 352.57000
183.16825 354.04948
160.07384 278.11475
166.36901 281.28345
170.51715 283.98402
105.17379 267.58841
96.97238 261.73986
201.48389 313.04503
256.50108 275.56081
200.64132 352.99402
297.42938 231.73225
225.75137 285.51359
237.00423 286.82519
247.62309 286.61179
259.25864 278.78976
216.96277 282.51072
248.05442 255.16532
234.68452 255.67444
258.85570 257.47232
264.34840 261.68791
267.83267 286.52669
218.63933 436.82906
259.75314 271.86419
297.80967 281.50663
277.21637 277.11722
240.88058 335.90047
204.71559 378.30124
202.08024 385.96459
215.53054 379.84870
222.73792 380.91633
211.54330 385.10978
218.83857 384.33171
229.57336 397.99308
201.16357 349.65905
203.21384 339.53111
281.65302 252.09730
220.22731 307.79090
222.82832 343.64410
223.30508 337.34140
271.26956 334.31613
202.64295 325.44231
263.13625 242.86923
275.46645 245.57026
291.86904 212.94943
215.72326 252.26737
222.49278 259.63403
238.56155 387.58995
274.42619 378.32995
214.52941 349.44572
206.12127 352.69501
233.40427 381.74314
230.65128 382.46727
281.34105 237.20055
222.41325 347.17798
243.94267 244.40105
247.50510 235.14010
256.04308 185.96709
286.09092 227.42229
248.62868 211.60925
287.16907 245.71369
293.46286 242.32290
203.78558 382.71478
213.70189 382.71884
220.98846 382.62840
211.89326 351.03116
232.00191 382.11541
226.74575 386.22369
229.21127 382.85467
211.11404 347.66870
216.73824 385.67672
209.35806 386.81483
200.27785 387.89926
197.50112 419.80665
201.37283 405.95010
201.90681 399.61521
201.47800 393.37193
200.37421 388.35805
216.73022 385.72377
218.80550 387.87364
220.75534 390.82984
221.99771 394.23537
230.21205 373.01120
288.86863 325.65570
222.34229 384.47455
224.69028 385.24780
202.44920 356.81868
218.29417 352.75075
204.19534 354.82614
230.66421 313.90170
247.87337 321.71221
224.31365 341.24936
279.19036 197.35706
272.01617 216.56423
267.99575 233.26130
221.29138 406.69283
221.99725 238.30345
223.42525 209.56225
228.64398 179.08478
255.24337 283.89609
277.08224 294.74964
211.48105 279.79469
272.21667 265.29287
213.63391 301.20168
217.81181 341.21955
292.32303 304.92785
272.53059 304.24105
261.19304 309.48835
241.17870 307.03767
226.39831 301.51061
216.44046 296.41065
201.56537 288.27886
290.29605 327.84252
279.80960 263.26827
196.99025 354.07896
219.66003 319.27659
296.52438 277.00908
209.39960 291.22824
224.50580 340.82926
263.77242 271.86632
217.95085 333.46788
282.73242 351.28337
211.13464 275.69387
210.66943 328.50344
257.58609 407.91585
252.57518 417.01820
293.38710 327.23619
270.23616 392.99734
295.99590 260.12313
218.34499 446.48289
194.95876 355.51519
228.17203 326.77888
282.94608 278.18427
247.06577 280.43810
237.65048 281.20427
228.34140 387.48978
286.37954 349.10750
200.14728 459.68200
226.73808 442.67168
238.14887 431.89474
228.09901 279.93934
219.18395 277.64856
213.61686 276.51102
285.03864 259.26279
221.64237 266.87786
232.06863 263.77463
242.75432 263.83540
251.67144 265.87074
256.13383 268.45629
298.68640 251.84991
252.82741 278.24414
220.92311 367.77072
215.07953 348.25488
202.65559 365.87345
243.53698 422.40983
231.00833 434.18597
202.02279 454.93661
264.15763 400.41479
214.54108 272.21664
208.09497 306.33646
214.74994 452.64010
287.74654 350.47768
209.39948 387.10148
211.30412 390.91745
212.51788 395.75888
212.83569 401.53166
210.82999 414.37768
224.86983 383.39572
226.87015 382.33492
228.50162 381.34866
236.66927 379.61323
276.02401 356.71085
207.50308 294.06439
207.68607 267.85485
211.93320 268.51235
222.32684 384.52515
271.71096 380.32867
202.44308 269.16304
215.14442 425.35663
201.59341 301.37021
214.78233 323.29405
199.88561 432.22974
237.49667 403.35754
232.35954 349.35695
226.77390 415.61667
257.04799 348.94058
241.72675 360.31149
263.32095 365.24169
202.28177 445.60658
219.77664 328.21054
243.88625 411.66681
230.73287 424.60192
247.46745 390.23780
281.08321 366.68339
258.59649 392.10095
280.69148 372.30206
248.22437 372.86146
213.63414 312.60240
214.48604 346.12252
219.58369 347.37039
211.10717 340.02498
218.36742 257.86036
238.02940 251.91648
254.31731 251.39525
266.08138 253.72027
271.95815 258.17958
269.65480 274.45991
296.84493 304.39999
263.03268 292.24083
253.43921 296.25835
239.11178 295.76892
225.49640 292.46607
215.82008 288.69001
209.65366 285.45958
292.94376 301.02845
218.66210 349.27751
208.69132 317.27948
207.97115 347.59789
201.83980 351.88822
207.44598 348.60983
215.63056 351.94236
200.08771 353.22332
198.19675 354.66044
208.24409 276.37642
205.02212 279.66575
204.28638 282.97742
258.36772 270.36005
266.40250 265.99942
123.49979 270.95763
136.27248 271.55025
123.61652 259.52968
110.38915 270.15593
123.31359 282.34161
232.47672 270.49382
244.71572 271.67732
233.33640 259.33914
220.26988 269.16774
231.65961 281.62469
