167.29431 389.01553
171.41487 350.49681
172.68505 361.14162
161.37468 311.26406
171.00100 338.12463
170.90452 322.31372
170.90710 284.96781
93.52547 286.71312
169.95827 259.29669
169.37365 243.93056
168.17785 184.69345
167.45596 393.90749
167.97192 398.88014
168.71069 402.04353
169.21772 404.26559
169.32907 409.36290
169.68384 415.31409
170.35223 421.50961
175.19394 437.82650
171.94845 356.77610
160.40319 355.61482
55.22713 244.39488
124.03650 292.99921
113.45627 294.21326
103.11905 294.33428
88.73074 290.77587
133.12065 290.40469
108.00688 265.76367
120.00692 266.44609
96.63837 268.01537
89.08356 272.60790
80.51874 297.29730
133.01382 457.00998
89.40948 285.05954
52.45914 293.46836
68.77327 291.81144
114.91528 337.66862
150.94305 386.69095
153.13745 398.38000
136.02076 389.41384
126.24189 392.14393
140.94738 397.88426
131.60591 397.65538
120.38933 406.27142
161.54062 349.98099
159.80341 338.03995
74.38053 264.34157
138.60884 310.34394
133.51793 343.64887
133.07402 337.28244
82.48283 335.93872
160.46139 323.52416
99.48383 250.04606
84.57773 255.35577
63.49669 223.04326
147.15014 256.35246
130.52444 270.18709
110.48367 392.82824
67.16652 403.63725
142.19748 350.68152
152.22204 354.75862
114.12489 396.88893
117.28020 397.43906
78.91251 249.40713
133.05931 347.77219
119.78817 249.38611
117.69848 240.90184
104.68809 192.90700
70.69742 234.68785
111.86325 215.49475
68.48522 260.67730
61.50564 251.82990
151.57242 392.99500
138.28880 393.84395
128.73928 394.91216
144.96077 352.57255
115.70154 397.17172
122.60731 401.61690
118.94028 397.73678
148.30708 348.67582
134.32972 399.72639
143.53329 400.67535
155.04599 401.56238
158.64361 436.03467
154.31105 420.02156
154.09241 413.92750
154.69528 408.15317
155.88404 403.68607
135.09459 401.18898
132.84273 403.04556
130.42677 405.73101
128.82408 408.86852
122.00254 376.21466
54.71495 346.36815
172.33463 359.27130
127.80373 399.75478
125.07895 400.57396
156.34380 359.43860
137.36864 354.14753
154.37405 357.18417
126.71253 316.41564
108.55310 323.30198
131.23158 341.83596
79.04881 205.40328
86.69014 222.25520
95.64886 242.33446
130.35976 417.76735
143.18550 242.09995
138.27730 213.16271
133.42609 186.49203
94.15827 293.40235
69.56120 304.66872
139.01087 287.64315
78.62720 278.11936
146.46864 303.21363
140.93227 340.78939
59.72729 312.14880
76.82533 310.23309
90.47184 312.64831
110.92558 310.77888
126.33860 306.55505
138.02244 301.40424
160.38145 287.97001
60.25772 334.59603
70.86262 277.29648
165.76750 356.16234
138.28989 320.94641
50.93245 294.14296
146.56700 295.28899
130.61411 342.18693
84.48778 285.62010
140.66093 332.92787
58.98125 374.44688
138.79314 284.34822
150.54777 327.24231
86.87679 427.34612
90.77522 443.56799
53.41381 341.55340
73.41431 412.06860
56.88440 270.94370
131.23444 471.57971
167.29248 358.68834
128.14768 328.73152
60.42835 294.71347
104.12178 288.05109
113.19729 288.05321
120.67177 402.93043
61.46198 358.29318
152.75253 490.44783
120.10397 472.17246
106.57436 459.96444
168.71544 212.99794
176.42292 493.33361
122.04906 287.23925
130.35719 285.89739
135.91976 285.11288
63.86667 276.21894
128.83312 279.57313
119.65330 277.98472
110.87248 277.69517
101.76212 279.18676
95.70299 281.53354
51.55226 266.57857
97.93173 287.48100
173.15374 370.17564
133.44503 370.89504
142.21058 349.31324
155.69355 369.55125
170.62923 272.07403
101.93499 443.93189
116.08389 457.84592
151.35990 480.65238
78.41881 426.57577
135.54148 282.21661
153.18672 306.19790
175.72958 483.56011
134.80259 482.91561
56.90323 367.37058
144.39125 402.51616
142.42361 405.80713
140.94234 410.14352
140.38862 415.42742
142.48163 428.29279
124.01419 397.41994
121.27127 396.01619
119.06479 394.48369
113.44460 383.18430
73.46426 362.18820
153.71412 294.89098
147.05114 275.23416
140.16043 277.57187
127.12395 398.77705
74.23393 392.06752
156.87950 273.53101
137.72890 441.93942
170.94126 309.50732
160.81163 300.17668
170.94738 297.65721
144.72193 323.47852
175.44989 469.30728
175.30169 452.44741
155.74156 450.47174
112.21355 414.17128
122.13255 351.50611
124.17452 429.75528
96.60604 350.77197
111.82159 362.92810
87.52579 369.30129
152.48228 466.72592
137.58219 329.17827
104.13958 427.00707
118.63678 442.86478
101.66456 397.55132
64.76727 378.88531
88.63329 403.08972
62.89936 391.22845
102.96083 376.01778
146.13670 313.55461
144.62826 346.49606
137.07996 347.88738
149.80865 339.18235
138.01872 265.93744
120.05836 259.89304
104.56581 259.35118
91.66254 262.63182
82.64935 268.80629
77.71797 288.55870
51.71293 317.27467
86.36599 300.70586
97.62772 302.52002
111.88190 302.01005
125.46970 299.44096
136.21170 295.79291
143.50485 292.00587
52.75274 320.16389
137.33488 350.17845
152.82360 316.45935
153.08321 347.96952
159.62545 353.94437
153.12126 349.81101
140.58500 353.27923
161.92989 355.22729
163.30267 357.61041
142.81185 284.19591
149.01215 285.85613
152.68890 286.78345
92.09387 283.43451
84.17044 278.36308
180.83788 311.12527
248.57998 284.85799
184.85893 356.10473
292.28937 241.67329
218.94562 293.38967
229.86906 294.35089
240.35580 293.67616
254.08024 288.49552
209.31461 290.44785
233.38120 263.76846
221.17664 264.44775
244.96153 265.75630
252.69596 269.99606
264.26702 294.84633
220.38946 458.24909
252.47526 282.50793
298.56920 291.78063
276.84786 288.28421
233.38320 338.01909
184.57838 386.14275
184.13275 397.81014
202.03485 388.57039
213.52833 391.00211
198.08304 396.77792
208.78040 396.14532
235.13741 408.28102
181.58226 350.18183
182.35010 338.04307
267.99305 261.21909
207.26160 309.99755
212.89312 344.39782
213.30923 337.85774
267.94498 336.09801
181.62849 323.38148
240.52574 248.54768
256.42073 253.07307
280.63522 220.12687
192.63714 255.51291
210.50623 268.39939
245.34971 395.22141
294.28717 404.23637
204.75025 351.62166
194.62418 355.64610
227.09650 394.68795
224.03429 395.19292
262.65593 246.31542
214.61752 348.87432
219.65755 248.40181
221.34619 239.49407
233.85956 190.84786
272.11430 231.64230
226.55079 213.32760
275.00702 256.76863
284.38065 248.93598
184.57277 392.41429
200.06218 392.92664
211.11414 393.61566
202.20634 353.63155
225.50257 394.94319
218.88199 399.59063
222.33896 395.53497
196.96712 349.23950
206.86512 397.94220
196.28706 399.36783
183.56369 400.93265
192.71175 436.84693
187.11765 419.98674
186.00094 413.74806
184.71434 407.84669
183.64632 403.17057
206.45782 399.60354
208.65377 401.56923
211.12587 404.30322
213.11382 407.62351
229.60848 378.10729
303.14707 346.16766
214.26012 397.86238
216.51501 398.58483
190.56507 360.24552
211.33410 355.51188
192.52670 358.03147
220.07807 316.22368
239.48513 323.20937
216.23377 342.72241
262.21968 202.67161
253.63770 219.43824
244.34629 240.04105
223.88786 419.50713
195.58153 240.85858
199.38011 212.04361
203.65780 185.37313
249.05754 291.98556
277.02381 302.36443
202.88904 287.55509
264.24139 274.89852
198.38882 302.81459
203.77768 341.14988
290.93456 310.89301
269.49566 308.80495
255.21532 311.89858
233.75130 310.33870
217.79640 306.09195
205.55689 300.95546
181.97411 287.77270
292.30528 334.11909
273.27639 273.80347
178.25197 356.38394
207.78099 320.95120
302.31108 292.70767
196.43686 294.91647
217.77529 343.15931
258.08144 282.63136
204.14103 333.17017
300.92039 374.58348
202.52930 284.07139
192.55714 327.18994
271.57173 428.87894
269.78783 444.94808
301.69928 340.79283
285.36558 413.20356
291.72512 268.53808
222.46782 472.99985
177.47286 358.87479
219.10423 329.01067
286.85326 290.98485
238.44772 287.93219
229.42165 288.67808
221.09436 400.95296
293.04359 358.53783
200.95196 491.31828
236.95587 473.65619
252.36546 461.50868
220.36663 287.91774
211.56206 286.19814
205.64478 285.15536
281.52775 271.84190
212.68639 278.07645
222.04182 276.11285
230.90864 275.95366
239.89082 277.32593
245.82390 279.37161
298.85576 264.39716
244.39631 286.40578
216.48479 372.23403
204.18835 350.10310
191.80040 370.33110
255.42206 445.58293
239.53480 459.44315
201.03201 481.39003
283.14560 427.50267
205.72380 281.50638
190.19846 305.90649
220.35290 484.25907
300.13041 367.20263
196.09097 401.43920
198.14478 404.91225
200.07408 409.41527
201.62247 414.91112
210.20084 429.64987
217.12051 395.48585
219.43228 394.17982
221.61135 392.80401
240.33697 385.54495
279.60560 363.07851
189.87293 294.58871
194.39913 274.14787
201.06955 276.52394
214.74707 396.75918
282.12570 393.40271
184.46199 272.74061
215.57253 443.15658
181.46971 299.94503
200.12861 323.52976
195.87152 451.15017
243.66938 415.67513
227.39759 352.42658
230.72914 431.08580
253.50969 351.60142
239.13214 364.14154
265.25734 370.64514
199.41874 467.43776
208.79683 329.41123
252.40860 428.41313
236.42544 444.19434
254.05031 399.31756
291.52405 379.60635
267.62632 404.64523
295.49057 391.56299
250.64186 377.86235
198.64174 313.36893
200.38090 346.96640
209.36892 348.69983
193.42798 339.37775
202.53639 264.58480
220.25877 258.46435
236.05906 257.73358
249.50775 260.48485
259.16651 266.01562
266.24508 285.32219
301.22812 315.96825
258.13854 298.97882
246.90874 301.52317
232.19193 301.65047
218.10219 299.24655
206.89785 295.47284
199.13343 291.55472
303.02061 319.26508
209.95102 351.21032
190.43970 316.24801
190.72294 348.39548
185.04078 354.50319
191.56197 350.43765
207.31344 354.48014
182.32944 355.59508
181.73326 357.93186
198.66978 283.82155
193.10720 285.23831
189.54420 286.31440
249.47227 280.99883
257.85255 275.37501
110.80833 282.61041
122.59111 282.05220
109.79004 273.27716
98.96461 283.08226
111.82308 291.71336
230.52784 282.17563
242.41945 282.28465
229.98831 272.43442
218.67645 282.02616
231.03687 291.85846
