169.48835 347.96264
169.08082 314.29561
168.02304 322.79459
159.34985 279.70876
169.13009 303.88154
168.71221 289.86483
167.53627 255.47039
94.37602 251.57402
167.31179 233.10251
167.59721 219.73545
168.58295 158.67552
169.46763 351.43949
169.24133 354.53989
169.00895 356.41559
169.01788 356.24358
169.28630 360.51383
169.36023 365.70204
169.26135 371.43021
167.11158 380.14348
168.80428 319.17850
158.24893 318.39592
56.00455 205.70831
121.91331 259.04664
111.75622 260.11227
101.95693 259.80572
89.76497 255.09227
130.60138 256.51935
107.15272 234.44114
118.73368 235.06106
96.70266 236.24346
89.97113 239.80412
80.27696 260.76778
127.75644 398.45213
90.78378 249.47025
49.56010 252.65176
68.92253 254.53937
114.39323 301.98968
156.91770 345.87817
157.71192 354.15796
144.86072 348.99164
136.13774 352.00565
147.70726 354.40045
139.37104 354.99230
118.89236 363.72907
160.37273 314.11415
158.98622 304.08798
75.84912 232.99191
135.74939 276.33246
134.22052 309.19952
133.31535 303.36565
82.83860 300.08624
159.11124 290.96046
100.49094 224.06466
85.95088 226.76646
66.11541 188.04133
145.00417 232.30763
128.83435 238.31453
110.40084 354.42697
59.02877 348.92868
142.13863 315.23559
150.77674 318.30644
124.36383 356.26811
126.64304 356.30171
80.80928 220.41935
133.30974 312.98131
119.96965 225.32638
118.26007 217.23932
108.08822 164.45306
73.85448 201.39172
115.02780 188.22814
69.93779 228.06654
62.74902 215.00532
157.19184 350.64133
146.33849 351.97069
137.77288 353.56682
144.45176 316.84543
125.55253 356.29205
131.11470 358.34768
127.92941 356.32900
148.01809 313.07426
140.53245 356.01924
148.77786 355.90350
158.24882 356.11039
153.37169 379.98165
156.73785 370.98886
157.11517 365.14334
157.62334 360.04507
158.38311 356.00257
140.60775 356.14470
139.06652 357.91728
137.45135 360.46259
136.10181 363.62620
122.42755 338.33449
47.72830 296.81364
168.43343 320.91548
134.42159 356.35662
132.85569 357.21368
154.36275 322.18292
136.72746 318.51861
152.66210 320.31391
124.81822 281.80282
107.74718 288.48532
131.21507 307.39405
82.66591 173.97885
90.61160 191.85814
97.22572 216.07636
128.21540 370.31475
142.08204 219.61250
139.86520 187.26873
135.86955 159.69606
94.14771 258.29907
68.80168 267.40212
136.33264 254.13832
79.88769 243.82242
143.19228 270.19108
141.26041 306.52090
57.87143 273.50430
75.12449 274.11011
87.74240 277.79560
107.49707 276.51509
122.35477 272.53813
133.27689 268.08963
157.31904 257.91283
59.05526 295.24719
71.64737 242.49820
163.42246 318.93099
136.56816 286.90869
46.58160 249.54492
141.52093 263.13033
130.07610 307.45720
86.11802 249.94641
140.43964 299.38798
51.92702 322.40681
136.39650 250.76949
149.64080 294.20415
82.14544 374.95559
83.20527 385.80161
49.45150 296.74244
68.26982 360.90078
55.85321 232.05451
125.91708 408.50314
164.13451 320.57391
127.02092 293.97852
60.33935 256.12835
103.68940 254.11373
112.07259 254.46913
129.57874 359.88600
60.35251 316.21921
144.81986 421.56713
113.90886 408.46156
100.01373 399.39932
167.95404 187.43352
165.68753 423.22808
120.46111 253.56920
128.51575 252.01736
133.80544 251.35322
64.42157 239.98321
126.99386 244.58833
118.08023 242.46717
109.45464 242.39816
101.05479 244.08532
95.90118 246.36000
50.02238 225.10500
98.18187 252.93899
168.09114 329.85509
132.77902 332.84946
142.37117 313.89805
153.54896 330.31104
167.17778 243.43978
97.08118 388.32265
111.01836 398.54670
144.17470 415.38211
69.93510 370.19225
133.35717 248.14667
150.77869 274.19766
166.12212 416.94856
128.44228 416.20222
52.47256 319.80865
148.84429 355.88818
147.30128 358.99160
146.25581 362.97951
145.52888 368.05854
139.50912 376.08843
132.56707 355.58562
130.89612 354.95361
129.46922 354.22124
114.34116 345.65094
73.94729 322.28984
150.41505 263.36561
144.07880 244.58331
137.70381 245.14721
134.36208 356.17341
72.64913 346.72693
152.52048 245.05368
132.91091 387.34296
168.28202 278.21872
158.28441 269.31471
167.90483 267.23823
143.23016 290.09670
166.49949 406.70694
166.76591 393.01815
149.32042 392.56702
109.21552 368.89307
121.40754 315.45568
120.17295 379.62193
97.29135 313.93500
111.59452 325.67052
88.05185 330.26044
145.60390 405.56406
136.54830 295.17013
100.41656 377.03452
114.02976 388.42037
100.30435 356.36119
62.86517 333.95153
86.91035 358.01835
57.63677 341.24222
103.20525 338.44219
143.80426 280.40271
144.79028 311.35892
137.65351 312.85713
149.72457 305.07527
136.27925 237.17841
119.45621 231.85541
104.64727 230.73738
92.33766 232.51311
83.92184 236.84470
78.67553 252.12003
48.14161 274.55764
85.64973 264.85186
95.64609 267.53222
109.32000 267.54960
122.39648 265.23835
132.56828 262.00973
139.57343 258.99378
46.46430 272.89739
137.49467 315.01003
150.95802 283.97972
152.68207 312.53939
157.83717 317.16819
152.37663 313.90448
140.16830 317.68550
159.98861 318.20557
160.70483 319.91731
140.01580 251.28531
145.09023 253.92550
147.81278 255.90407
93.00239 248.07071
85.76783 244.17949
176.95905 279.48732
236.90498 247.86549
178.40753 317.81753
272.66931 205.23414
208.98975 256.78206
218.79224 257.43519
228.34457 257.11519
240.96173 251.44045
200.62806 254.92168
224.70140 231.56399
212.86208 232.81212
235.17612 232.88151
241.58933 236.10963
249.10524 257.79921
203.53114 397.12270
240.57716 245.20257
277.29335 250.94510
260.34122 251.20922
218.99800 300.29365
181.42087 345.10647
180.10915 353.48558
192.31313 347.29753
199.74303 349.69195
189.11073 353.05216
196.33224 353.01283
214.03516 361.26197
177.65336 313.72398
178.86008 303.71617
255.89507 229.83731
197.73162 275.46575
201.23546 307.88702
201.69889 302.03667
248.62310 297.65693
178.02209 290.63718
232.13725 222.46808
246.38601 224.33567
264.29858 188.01906
187.72851 233.20641
202.73841 236.82404
222.33470 351.58426
264.51671 345.60279
193.47808 314.03413
185.09443 317.41095
209.83152 353.05383
207.63625 353.27450
251.68966 217.94002
201.60596 311.57296
212.73706 225.01082
214.60221 217.30427
227.03061 164.82952
257.38767 201.96663
219.52192 189.08295
261.51635 225.16383
267.23628 215.18550
180.98863 349.92363
190.74786 350.49069
198.11660 351.39172
190.97085 315.72205
208.68922 353.17743
203.81850 355.73407
206.34084 353.41709
188.74538 312.18714
194.89062 354.10086
187.68068 354.62389
179.12210 355.47857
180.52297 379.51597
181.22604 370.26061
180.85284 364.39810
180.19836 359.33516
179.03226 355.34577
194.82207 354.23772
196.72998 355.96156
198.47995 358.40536
199.88013 361.52404
211.94272 336.16049
275.91331 294.09652
200.19176 353.97733
202.04753 354.73082
181.64964 321.52193
197.93985 317.21023
183.29433 319.56718
208.22734 280.60258
225.02750 286.81767
203.39759 305.96974
250.06826 174.29634
242.05190 192.96130
235.47057 214.76025
205.06459 368.50510
191.30313 221.06244
195.77216 187.58106
200.83886 159.85168
236.34513 255.20904
259.15561 264.43047
195.12271 253.07263
251.10543 240.10101
190.71576 269.58701
195.02120 305.52196
270.53596 271.26991
252.60061 271.74705
240.00707 275.85855
221.11070 274.64467
207.24178 270.79851
197.06598 266.73702
177.44273 257.73568
269.70798 292.54069
258.82968 239.34418
174.12212 318.62502
197.47802 285.91664
278.36005 247.69993
189.42516 262.23419
204.04023 305.96504
244.89249 245.82545
195.26210 298.41543
271.48565 319.41996
195.26090 249.68281
186.74363 293.56506
244.95870 371.91493
242.33216 382.97319
276.70221 294.11403
257.71903 357.54842
272.63005 231.24670
204.42510 407.30870
172.66906 320.34140
206.52829 292.65971
268.15993 252.47119
227.36730 251.12322
219.07943 251.76540
205.34972 357.18220
267.79824 313.26198
185.78691 420.89038
214.33654 406.76919
227.04154 397.18263
210.87213 251.24482
202.95465 250.28824
197.74123 250.11501
265.28026 236.83646
204.79846 242.50084
213.53866 239.37051
222.39455 238.59082
230.86261 239.79730
235.78174 241.94343
276.77505 223.98973
233.02726 249.61779
202.16678 331.17197
193.54182 312.79051
182.79800 329.66190
230.88407 385.85826
218.00529 396.77792
187.25032 414.64323
254.30406 366.88096
198.35578 246.83005
184.32321 273.78213
201.10975 415.03127
273.11345 316.80223
187.65298 354.60677
189.57181 357.61608
190.80520 361.53717
191.73417 366.63725
194.00869 374.88710
202.21770 353.01759
203.89375 352.23707
205.33673 351.37692
219.33114 343.01068
256.08384 319.37851
183.93628 263.05817
188.03476 244.14711
194.09938 244.26125
200.29098 353.77352
255.46598 343.41455
179.52876 245.31111
199.26421 386.01636
177.24372 269.07177
191.85743 289.35358
183.67627 391.90713
222.06308 366.39154
212.39728 313.61699
211.43598 377.60281
235.36391 311.71303
221.94062 323.53996
243.56000 327.58813
186.62736 404.82789
197.98751 294.02893
229.24550 374.39787
216.34887 386.46536
231.03347 353.57480
264.52020 330.68022
242.54073 354.97814
267.61543 337.90043
229.63203 335.86907
190.69431 279.73535
191.92884 310.34581
198.08404 311.62993
187.43594 304.31207
195.73308 236.61547
212.51933 230.37219
227.54085 228.60451
239.64080 229.88238
247.66059 233.56438
251.66305 248.67312
278.33780 272.31668
243.65848 262.17381
233.49235 265.33092
220.24696 265.34792
207.86050 263.21717
198.32277 260.51769
191.74453 257.88045
277.66454 270.45714
197.76000 313.69817
184.73096 283.50729
184.84821 311.78745
179.25456 316.60564
184.81273 313.24009
194.93892 316.43685
177.32246 317.74781
175.98470 319.43889
191.71849 250.46333
186.66627 253.20569
183.61928 255.51507
238.51035 243.70841
245.39329 240.20800
111.55830 246.54282
122.38858 246.22469
111.01505 237.48122
100.46113 246.80398
111.96634 255.59154
219.97825 244.93420
230.19296 244.95281
220.18813 236.47295
209.73991 244.84402
219.77489 253.45841
