161.36344 346.02853
161.42661 322.06799
161.23103 328.37526
153.51142 284.30858
161.56303 311.74868
161.82784 296.50721
162.53383 257.33713
91.43775 245.05991
162.84248 229.66542
162.96756 215.64285
164.21611 159.67341
161.19830 349.49354
161.01073 353.16531
160.94047 355.70895
160.89664 355.76315
160.55858 360.54677
160.13789 366.09618
159.69444 371.71060
161.00318 386.64726
161.43394 326.25185
151.50001 323.77961
52.56744 197.16361
120.23807 254.78055
109.94914 255.71615
100.00022 255.07294
87.36983 248.32793
129.05231 252.51269
103.78684 225.65678
115.91346 226.90292
93.13628 227.49290
86.49694 231.35109
78.61167 254.05546
124.26341 397.95271
87.72311 241.79813
48.42376 242.43426
66.67108 245.40984
111.29108 301.13633
149.76646 342.61058
150.56548 351.39595
138.91208 343.34649
131.98280 344.58703
142.02213 349.76184
135.63071 348.77320
115.36803 361.11312
153.03752 321.21679
151.84722 311.16057
71.94211 222.58684
132.66269 275.96327
130.46542 311.87002
130.22956 305.43291
80.56741 296.34473
152.68001 296.99013
95.75309 213.60635
81.50994 216.32624
62.00338 181.18340
141.97257 225.47995
126.47212 231.54132
107.64934 350.67382
63.45214 335.33862
137.63961 318.18662
145.39527 322.08814
123.78253 346.69653
125.97511 347.31258
76.09637 209.07018
130.26744 314.77891
115.66547 215.90376
114.00172 207.40420
103.46664 162.04388
68.90039 194.92311
109.35359 184.81803
66.12771 216.75779
58.92028 207.34601
149.89738 347.28065
140.41263 346.68507
133.72482 346.65301
139.82291 319.76737
124.90462 347.02239
128.77948 350.69796
127.03860 347.60992
142.18658 317.70904
137.15736 350.37403
143.51867 352.01477
151.52610 354.10863
147.36137 385.11950
147.85083 369.71465
148.74026 364.12083
150.06080 358.63605
151.41418 354.21710
137.17384 350.33657
135.33168 352.35724
133.16394 354.96022
131.41757 358.02966
119.17926 337.89899
50.93173 283.22377
161.38427 327.39184
132.55775 348.99040
130.71399 349.76545
148.63063 326.31693
133.41090 319.89083
147.07767 324.28964
122.04738 280.75680
104.73670 286.68137
128.67362 308.70789
78.10916 169.04497
84.88303 186.74581
92.41428 205.11259
123.53969 370.39810
138.86951 211.80577
134.68612 185.81974
131.27612 159.31415
91.85140 252.68219
67.73458 260.26713
134.68040 250.35645
76.79664 234.81661
139.66567 270.37434
136.11034 310.68742
56.60737 265.69081
74.74323 268.99495
87.71957 274.37267
107.00000 273.73094
121.31232 269.87480
131.83974 265.68161
152.93899 259.14839
58.61621 287.76780
68.61549 232.52558
156.18041 325.58720
133.38573 287.45269
46.46190 237.36385
139.92992 261.08653
127.89954 307.84819
83.36269 242.03566
136.14913 302.73613
55.71279 308.59472
134.56927 246.64631
144.07657 298.99934
83.44691 366.87992
85.49667 375.62358
50.85597 286.11412
71.37346 350.99954
53.24464 223.07974
122.76778 407.39320
157.23499 326.75010
124.23858 293.63154
58.01849 245.52816
101.23962 249.20373
109.94971 249.94904
127.06470 351.81740
61.34689 308.22110
140.92132 421.96262
112.41878 403.58811
100.11466 391.86463
163.54217 187.28776
161.25243 425.07744
118.64860 249.05638
126.99683 247.57181
132.28275 247.11398
61.45984 228.82368
124.63947 238.27396
115.40431 234.81436
106.28017 234.24273
97.61516 235.87143
92.55080 238.36151
47.85299 214.78792
95.44467 247.31116
161.20883 335.00819
129.26540 334.21080
137.56374 317.36207
147.43747 334.33202
162.81467 242.30011
96.76955 382.22168
109.35451 394.68739
139.87361 416.60273
73.88337 357.87420
131.40155 243.33677
146.08867 276.54301
160.87741 419.75450
125.40702 414.27841
55.24352 308.81636
143.54144 352.12968
141.60155 355.52420
139.81559 359.76052
138.43635 364.87244
133.93481 378.90377
130.78391 347.99474
128.94725 346.83010
127.37426 345.66257
111.36043 343.38209
73.48449 316.71209
146.44595 264.13698
141.84028 240.08349
135.49464 240.31677
132.69016 349.13575
73.83914 339.18883
150.49030 241.47813
128.65829 387.86243
162.09964 283.33655
153.06384 272.46504
162.30540 270.92305
139.08797 292.47308
160.84148 410.22452
160.89950 397.72875
144.19627 395.58275
106.60587 365.06273
118.98082 314.98258
116.72725 377.55779
94.59644 311.89255
108.91368 324.33367
86.57230 326.43287
141.00875 407.39475
133.52214 296.47702
98.90754 372.23897
111.53655 385.54899
98.26873 351.74189
64.85461 325.23173
86.34988 352.22843
61.32611 330.23114
100.86837 335.38207
139.88769 281.81007
139.09999 315.95430
133.33526 315.92217
143.36223 310.78978
133.55270 230.78204
115.99792 223.53692
100.79261 221.93635
88.61369 223.72650
80.51294 227.89162
76.08052 243.76009
48.14676 264.05278
84.26688 259.31743
94.55924 263.22649
108.22646 263.72190
121.06616 261.53032
131.01611 258.56157
137.84927 255.90032
48.18029 259.74796
133.69334 317.43211
145.82442 287.61259
145.94722 318.52020
150.89690 322.86403
145.91357 319.22998
136.27032 319.88781
152.94093 324.48984
153.92867 325.63567
138.02516 247.52565
143.14605 250.81775
146.09061 253.67977
89.77967 240.26392
82.63324 235.76779
170.56827 284.65427
234.36416 248.75157
171.43138 324.24902
274.45636 202.77392
205.66879 258.04182
215.98632 258.76350
225.87493 258.30839
238.74805 252.29781
196.76105 255.96881
221.57710 230.28707
209.28191 231.43639
232.60577 232.01948
239.45850 235.80088
247.56549 258.68413
197.27145 399.78290
238.15524 246.01803
277.28797 248.33681
259.27795 251.30724
212.42469 303.41739
173.53904 344.24701
171.90334 352.94876
184.68387 346.59057
191.54506 348.86017
180.89530 352.66050
187.57476 352.60089
206.30622 363.12272
169.82028 321.55610
171.09595 311.54661
254.00909 228.10753
192.22621 277.23676
192.69061 313.36199
193.16955 306.86862
243.09417 300.06497
170.93871 297.33034
229.50053 219.06119
244.08122 221.74039
265.34011 186.35583
183.53053 229.33731
198.78162 235.82424
213.99837 352.92604
261.32083 340.06991
185.51620 319.35879
177.64816 322.96619
199.94662 352.35891
197.58456 352.64531
249.60883 214.90656
192.98221 316.33056
209.59262 220.99199
211.36485 212.77478
224.67765 165.13781
257.42744 199.88054
217.43091 187.83371
259.86835 222.93664
267.40565 212.78823
172.98137 348.90980
182.83073 349.77890
189.69730 350.71186
183.25290 320.87857
198.75369 352.50703
194.48825 355.26580
196.51042 352.75944
180.94245 318.54318
185.81214 353.99173
179.06207 354.67331
170.74954 355.48931
174.45766 385.77610
171.87312 370.95975
171.84646 365.33812
171.41044 359.84465
170.69656 355.44650
185.77586 353.72201
187.50861 355.77377
189.28268 358.46437
190.58799 361.48996
202.80650 339.69275
275.04768 288.79165
190.80085 353.24288
192.61405 354.18009
174.18620 327.06141
189.79938 321.42916
175.83072 325.14129
202.58575 282.50350
219.55688 289.25024
194.80491 310.29649
249.74445 173.45033
241.67728 191.08899
232.94852 210.84063
198.05286 372.08473
186.78649 216.13589
192.24715 187.35954
197.16491 160.93738
234.09064 256.21935
258.54598 265.46486
190.91174 253.86298
249.32296 239.89899
185.36948 271.31895
186.95838 311.82837
268.14483 270.84072
251.65298 273.19754
238.64654 277.63581
219.03400 276.44207
204.35432 272.46801
193.50246 268.18565
172.12775 259.56920
265.52654 292.71692
257.38795 238.51987
166.60632 325.81785
190.86253 288.69586
280.23036 243.32949
185.41297 263.30830
195.75397 309.49807
242.87250 246.39977
187.26806 303.87702
269.77962 313.82632
190.80829 250.25545
179.40208 299.74530
238.85402 370.45848
237.60661 379.34788
273.88473 291.44163
251.42341 355.09489
272.93807 228.78924
198.80279 409.35858
165.57807 326.93897
199.83241 295.35255
267.87738 252.40390
224.58667 252.24606
215.99925 253.00894
196.05437 356.48387
262.45403 312.85506
181.43844 423.09855
210.17398 406.14649
222.70446 394.97623
207.34992 252.37905
198.91196 251.20940
193.39614 250.84794
264.49027 235.54596
200.76122 242.81651
209.93686 239.73143
219.06398 239.21921
227.75256 240.66542
232.97588 242.92246
279.03812 220.68539
230.34740 250.60332
193.08360 335.64832
185.55419 318.50276
175.04703 335.02976
225.28190 385.31326
212.38795 397.30711
181.68334 417.66752
250.01292 362.09501
193.96217 247.31122
178.39465 277.20167
196.93431 416.21855
268.94019 313.77546
179.06848 354.50041
180.53550 357.88527
181.67075 362.10872
182.32627 367.20146
187.65384 380.10831
192.81799 352.54250
194.74792 351.61270
196.46831 350.63635
210.32001 345.46153
249.65358 320.64773
178.61495 264.85429
183.75255 243.39239
189.80510 244.04796
190.85635 353.45538
248.94302 343.03718
174.97836 244.08536
192.78938 389.41549
171.46148 272.82637
184.82074 293.48985
177.31776 396.37596
215.01506 367.51457
204.24285 316.98426
204.84962 379.64348
228.54461 314.85648
213.78619 326.67221
236.21982 329.69858
180.42300 408.40656
190.33233 297.71221
223.02146 375.09102
210.10234 387.92423
223.49788 354.54972
258.57150 329.58078
235.81367 355.50694
262.29060 334.78057
221.35886 338.01081
184.47833 282.78758
183.99986 316.93283
189.74376 317.29107
179.64057 311.57107
191.84673 234.64036
209.16827 227.97653
224.69985 226.50342
237.20767 228.39457
245.56346 232.70125
249.97539 248.95235
276.96376 269.70357
241.92516 263.31835
231.46594 266.67978
217.70099 266.81863
204.65289 264.63510
194.53471 261.67484
187.61802 258.76093
278.23760 265.49879
189.41795 318.80512
178.19770 288.28800
176.99790 319.16632
171.99741 323.38281
177.14072 319.96654
186.86488 321.20089
169.87785 324.85650
168.87729 325.96623
187.32722 250.88451
182.27580 253.56455
179.26624 255.90019
235.91266 244.62236
243.48270 240.29669
108.12427 241.19875
119.45243 241.21439
108.06007 231.36377
96.71325 241.13212
108.12289 251.04112
216.27265 245.48496
227.42068 245.67827
216.27048 236.08637
205.15449 245.20378
216.28284 254.92861
