198.72819 460.11234
194.47316 416.19810
194.30848 425.09355
186.21871 368.50191
194.89911 402.90607
195.84903 383.74583
198.50240 335.21257
114.46523 322.94935
199.29192 303.85502
199.74385 286.19493
203.28786 209.49329
198.67257 463.77372
198.31517 466.97000
197.87795 468.99366
198.05699 469.26500
198.21847 474.35198
198.10551 480.19376
197.73043 486.15226
191.95454 501.61508
194.42075 421.79431
182.05054 418.86418
69.43845 259.97580
146.05195 334.49375
134.38676 335.31103
123.04400 334.41808
108.89808 327.17910
156.13562 331.91754
128.67467 302.01556
142.05825 303.56518
116.57151 303.56348
108.89230 307.57923
97.31871 334.05443
145.72133 519.99972
110.32401 319.87290
60.99236 318.51784
82.93601 324.38577
134.85396 392.00550
183.60047 456.74544
184.45844 465.35659
169.28946 458.37582
159.00374 459.63740
172.41971 464.14245
162.62025 463.16733
137.90753 473.23675
184.05795 415.06659
182.88596 402.17740
89.80361 295.99424
161.51440 359.23870
155.81668 404.21371
155.82017 396.13155
98.19030 386.77416
184.39257 384.33272
118.50133 286.25029
101.47784 288.76399
80.85141 238.99013
172.48156 301.27128
153.80069 308.59468
128.50175 460.56498
69.15149 441.71734
164.62514 412.34918
174.28813 417.15143
144.14811 460.87346
147.01182 461.51989
94.58175 279.65643
155.20591 408.36751
141.96492 289.67275
139.90779 279.17354
129.61119 213.12175
88.86525 257.80772
136.49894 244.32318
82.42085 289.10359
76.40578 273.69829
183.85917 461.64397
170.81101 461.42143
160.72682 461.40457
167.29464 414.41365
145.60780 461.20871
152.19491 464.93961
148.54562 461.85151
170.59100 411.16439
164.10106 464.58234
173.81675 466.04322
185.12425 467.64811
176.41530 499.97501
182.25762 484.32690
183.06483 478.28790
184.05148 472.63245
185.21655 467.88078
164.12595 464.52782
161.95020 466.37671
159.62670 469.01980
157.69048 472.17446
143.03065 441.29814
58.23170 373.44097
194.43368 423.45835
156.70451 463.25516
154.51634 463.97920
178.33401 422.73605
159.18462 415.50297
176.37227 420.05652
148.57131 365.67674
127.89235 373.63801
153.65569 400.71092
99.72535 222.85664
107.99685 247.38997
114.28893 275.57705
147.92947 483.43945
168.87605 284.83498
166.59947 244.55009
163.05919 209.01775
113.94063 331.77498
83.53425 341.72419
162.74567 329.33277
96.23130 311.25721
170.29797 351.89706
163.23909 402.25034
69.44485 347.92022
92.00270 351.59112
107.41126 357.66530
130.29618 357.01297
147.31761 352.57156
160.00150 347.53543
186.66062 337.52839
70.31878 376.80355
85.78856 308.61824
187.92062 420.93370
161.46125 373.72807
58.67179 313.27511
169.67067 341.83604
152.87280 400.05831
104.49330 320.08806
163.45464 392.30541
61.46724 406.68078
162.81806 324.92447
173.72926 387.16748
93.76710 481.68912
94.66037 494.37723
59.34825 375.71649
79.51508 460.91102
68.58455 293.59058
142.05619 533.57811
189.10600 422.55680
150.17148 382.08517
71.83501 325.29925
125.03590 327.03208
134.64883 328.09294
150.06888 466.22031
71.71387 403.86439
164.13682 553.27066
127.90322 530.60060
112.39413 515.53371
201.52684 246.16602
189.99360 557.15666
144.34546 327.38622
153.72927 325.88701
159.86085 325.43514
76.68599 304.61005
151.78595 316.72094
141.46104 313.71307
131.47658 313.26118
121.91058 314.75112
116.12525 316.92847
62.68952 283.20673
118.76254 325.05718
194.08990 434.81774
154.88021 435.18650
164.65609 411.05022
177.23635 434.11961
199.19030 318.06701
109.77074 501.64198
124.98675 517.81902
163.79802 544.73627
80.98948 471.23607
159.32063 321.48538
177.67764 359.14217
189.93169 548.85576
144.50751 543.96624
62.39896 405.61238
173.87585 466.10859
171.76425 469.55072
170.04901 473.91315
168.74558 479.24413
160.49657 492.96350
154.53620 462.24895
152.47254 461.22774
150.83123 460.21196
133.50144 449.90166
87.30038 414.11609
178.68895 343.85033
171.66131 317.73333
164.10374 318.07731
156.64832 463.32469
85.03863 444.50453
182.20887 319.34446
152.66022 505.95160
196.81588 367.28404
186.25476 353.75602
197.67911 351.77545
168.09047 379.57269
190.53828 535.00166
191.27368 517.32341
171.55024 514.87132
125.55615 478.40275
142.42738 409.86827
137.92178 493.82649
114.37367 406.44527
130.80281 422.84243
103.16378 426.45343
166.54643 531.37501
160.71143 385.03828
114.41836 487.82473
129.59786 504.89646
115.81878 461.36994
74.47556 426.48147
100.10455 461.59447
68.16335 433.69610
120.51394 438.88685
169.78997 366.14042
166.80083 408.86589
159.30999 409.31122
172.33062 401.92976
162.20597 307.29074
142.28009 298.87365
124.94687 296.54096
110.69279 298.07780
100.96234 302.79499
94.86945 322.20864
58.47998 346.74091
104.02884 340.04566
115.90432 344.45093
131.86076 345.15253
146.94527 342.77916
158.72725 339.31271
166.86097 335.99164
57.99115 342.80430
159.51215 411.57757
176.66570 372.97568
175.32725 411.77832
181.44057 417.60578
175.26854 412.97707
162.70219 414.98583
183.91490 419.53919
184.98338 421.19290
166.84375 325.95415
173.17273 329.93266
176.90442 333.09608
112.85968 318.57092
103.94095 312.56495
207.58042 369.23519
286.06744 325.79731
207.54998 419.99373
340.55791 269.48878
250.95490 335.86901
263.63519 337.48088
276.01449 337.52732
291.95210 330.37291
240.02785 332.62548
272.31358 303.33914
257.38465 303.54590
285.26372 306.28304
293.12718 311.11881
304.18412 338.81981
237.73537 523.28706
291.10295 322.60804
344.66965 329.48810
319.82590 329.60539
259.79203 396.35338
213.10723 457.46574
210.95689 466.16077
225.63027 459.43662
234.14353 461.41339
221.57735 465.47452
229.91277 465.03588
248.27355 476.85396
205.12223 415.89816
207.15070 403.06025
312.75346 302.59560
235.58663 361.62897
235.98683 407.52448
237.02023 399.34502
297.96998 393.85030
207.41769 385.11080
281.95592 291.48214
300.17995 295.01487
329.14723 247.32518
224.48346 302.08937
244.12335 307.84193
258.39722 465.12736
325.79789 451.32678
226.30513 414.96375
216.02330 419.06872
246.25378 464.31655
243.40546 464.66184
307.75330 285.82240
236.44711 411.79946
256.85788 292.99195
259.37981 282.33033
278.23716 217.94354
318.42183 265.05316
267.70974 247.92234
320.92706 295.12337
331.24310 282.55193
212.34608 462.47442
223.71705 462.75019
232.21886 463.25861
223.39295 416.87247
244.80016 464.50905
239.18168 467.83167
241.83625 464.85290
219.94519 413.16967
227.88705 466.35649
219.50791 467.33513
209.55201 468.38679
208.42511 500.99661
212.05540 485.29082
211.93410 479.16669
211.15636 473.44870
209.77814 468.61885
228.02689 466.41668
230.46265 468.58248
232.78558 471.49600
234.52428 474.86287
246.05420 445.06930
343.60043 384.21334
234.36669 465.63558
236.83381 466.63230
211.20168 424.26716
231.95199 418.72783
213.51865 421.80168
248.23178 368.98056
268.68203 378.48044
239.01391 404.15707
309.62407 229.68847
298.36858 252.89020
286.66676 280.52341
237.90898 486.26742
228.88177 285.30436
236.60722 246.58660
243.93372 211.69446
286.06938 335.22670
318.60722 348.01314
233.04410 329.73053
305.96551 316.08599
227.12476 353.65093
228.14248 404.76877
332.06639 357.64016
309.48228 358.35737
292.99134 364.07797
268.29373 361.78420
250.13516 355.78628
237.00455 349.88453
210.64469 338.24412
328.38162 386.32648
317.22855 314.28409
201.12801 421.49043
234.03825 376.20131
348.73574 324.15547
227.07600 343.61608
240.05589 403.54691
297.13754 323.27192
229.08765 394.78970
337.02042 417.01738
233.11585 324.96474
218.50907 388.76541
294.51867 488.97012
293.70145 501.20969
341.00560 386.32307
311.52322 469.46072
338.49934 303.65157
239.91994 537.22343
199.80862 423.03011
244.85108 385.41486
331.06767 330.73452
273.85052 329.57993
263.36739 329.92291
241.20866 469.34150
324.37390 412.98998
216.70171 555.23294
255.91889 534.72151
273.27283 520.86792
252.89777 328.39028
242.56650 326.27286
236.00709 325.60061
326.83896 309.71461
245.90028 315.75029
257.48959 312.60966
268.75115 312.95540
279.04340 315.58610
285.04548 318.71956
346.49991 293.56648
280.93419 327.87234
234.66378 438.22024
226.24162 413.60471
211.64937 435.57988
276.13019 507.74233
258.58605 522.65137
217.26933 546.87005
310.64168 479.47803
237.19453 321.27066
218.04547 360.41969
237.63856 547.05048
334.72474 415.72055
219.77044 467.48849
222.03648 471.12689
223.62401 475.67993
224.60397 481.19917
224.82220 494.79543
236.77384 464.68437
239.02478 463.76696
240.83203 462.79457
254.54892 454.27516
306.94363 421.89756
218.74963 345.08765
224.83411 317.23380
232.39842 317.50378
234.26244 465.61711
306.65467 452.39524
214.23585 319.22749
231.88103 508.58027
209.24290 354.46206
226.11447 381.66346
212.04018 516.23074
261.11588 483.22902
250.03743 413.91885
247.54891 497.53116
279.49681 412.23758
261.03383 427.57494
289.32271 433.06692
215.83768 533.27009
233.46581 387.67860
272.28268 493.47636
254.94328 509.28058
272.16367 467.16702
319.61018 435.28998
289.06133 468.33699
326.16582 443.26193
269.74461 444.35496
225.86797 368.03383
223.90496 411.13999
231.87348 412.37261
218.31246 403.65290
234.92436 307.24272
256.69583 300.46582
275.75894 299.74384
291.02879 302.59573
301.14240 307.88880
307.09996 326.60416
344.77528 357.69111
296.62347 344.88587
283.64781 348.96383
266.34400 348.46642
250.16537 344.84721
237.80381 340.57748
229.45100 336.77294
347.01524 353.56509
231.60603 414.64752
217.27322 374.31782
214.60091 413.33737
208.19531 418.79703
214.86745 414.67729
228.22968 417.84309
205.36610 420.42220
204.18462 421.99409
228.96222 325.99342
223.00614 330.13067
219.51821 334.05479
288.49164 320.95475
297.86584 316.36585
134.25452 319.48038
146.20810 319.81670
134.43396 308.68332
122.09237 319.04519
133.96218 330.21796
265.72030 320.39683
279.21620 320.82510
265.48158 308.32187
252.13467 319.78969
265.93694 332.46313
