230.09705 480.52360
231.35761 449.32026
231.95477 456.28555
216.53025 396.49653
230.59280 434.94924
229.58441 413.37520
227.17875 357.46807
122.91706 348.09259
224.89880 317.22515
223.67353 297.92632
219.74913 223.96455
230.43705 483.57803
230.85075 486.03689
231.35693 487.55628
232.58465 517.86419
232.88849 523.16126
233.31089 529.78254
234.03107 537.11688
236.86394 548.50369
231.75369 454.80979
216.10916 451.86087
68.68740 286.26926
164.21970 360.18706
149.75254 361.79355
135.90851 360.84502
117.75978 351.63079
176.64736 356.52082
140.33577 322.05307
157.22256 323.68209
125.13979 324.05507
115.65933 328.84229
106.91296 358.88183
184.50796 558.01654
117.83966 343.69560
67.65291 347.62396
91.13819 347.34825
155.15129 420.07540
209.84707 478.31534
211.46675 484.63162
192.21584 480.02361
179.90606 480.49624
195.94141 483.64672
184.09437 483.07393
161.01707 501.42455
218.83938 448.84879
216.29290 434.83865
94.64832 314.24481
185.45553 384.39125
181.90941 435.32061
180.99319 425.89601
112.34215 414.12360
216.23053 414.71332
126.05291 302.43990
106.84057 305.93644
78.91155 263.75364
192.11393 315.37430
172.12311 329.43762
148.69310 483.20653
96.60658 472.13824
192.80144 443.93256
205.27876 448.71579
162.44896 481.22372
166.15959 482.64462
99.04503 296.03562
180.81661 438.52851
153.61303 304.31746
150.82857 293.25515
133.46851 233.33327
89.07253 281.08177
143.53886 263.10599
86.90897 306.50724
77.85727 298.94116
210.30638 481.94437
193.90556 481.89371
181.90855 481.81106
195.93889 445.69779
164.33386 481.91013
173.67676 494.99021
167.82534 483.35530
201.44384 444.37853
186.41695 484.00991
198.04443 484.82526
212.98115 486.27262
213.25930 546.89881
212.92410 534.36989
212.81172 527.37280
213.55198 520.91245
215.01242 516.11318
188.78244 503.38303
186.34285 504.57484
183.55822 507.19005
181.86850 510.64270
165.00717 467.85376
75.49892 401.92949
231.91116 456.09211
179.84644 495.27551
176.55746 494.73091
210.71928 453.93651
185.20617 444.62180
208.13051 451.46079
170.66061 390.96032
146.49961 399.61631
178.28587 430.04112
98.97305 245.53376
109.57136 268.30668
120.77507 291.24646
174.39116 519.51388
186.79106 297.35668
179.79803 261.96691
172.54345 226.79291
124.34900 357.46955
92.73476 367.10175
184.67304 353.19306
102.75543 332.64738
195.28063 376.83051
191.63963 434.26244
79.95090 376.79755
101.93352 377.95575
119.69269 384.44410
146.90245 383.25397
167.16959 378.09853
182.17022 372.30020
213.61475 360.87411
82.88488 405.17382
92.18716 329.21244
223.87753 454.39343
185.99009 400.29988
65.18173 340.60859
193.39390 365.85099
176.74263 428.03229
111.62941 343.21273
190.76691 422.57745
83.57782 435.86739
184.52221 348.41806
203.36891 417.69096
127.15103 513.03274
132.32307 525.85591
73.61511 405.63068
108.15584 492.72151
72.20921 321.02072
184.95285 570.35376
225.45000 455.61639
172.76232 408.80761
80.63704 348.06994
136.66456 353.90380
148.99912 354.91002
171.41832 495.82635
86.98164 432.91814
211.36536 589.27389
171.13354 563.57695
153.90177 547.18372
221.59758 260.94112
240.38826 592.09613
161.29454 353.33217
173.04756 350.66906
180.81347 349.39705
83.17986 324.52435
170.19089 340.08929
156.96444 337.17030
144.26498 336.82899
132.20325 338.33068
124.94530 340.56469
64.43775 310.41520
128.45142 351.19782
232.49905 464.53392
180.39776 463.68123
193.22882 443.28310
209.35863 464.17716
226.11130 335.96227
147.48661 533.77431
165.92602 551.49176
209.65561 583.51070
113.85391 502.65465
179.96008 344.98286
204.99025 385.72635
239.83276 586.25151
189.31900 578.86567
80.82581 436.27346
200.62983 510.92704
198.08746 513.99602
196.26081 518.78782
195.54859 525.00471
190.94669 535.82336
174.02031 482.71118
171.84450 481.68321
170.02586 480.66856
153.46535 473.83923
103.50359 443.07884
204.67777 368.16371
194.21438 338.48898
185.53186 340.15843
176.44794 483.60732
107.21817 474.80605
207.11262 338.86543
187.69320 545.03270
228.76844 394.51726
214.98438 379.75871
228.00518 376.92372
194.92220 407.73078
238.96427 574.64744
237.89528 560.00322
211.68407 557.86230
153.84003 507.07618
165.35233 438.30854
169.34763 527.38722
132.31718 435.73028
152.40105 451.29908
122.41953 455.22075
209.51988 572.16045
185.92731 412.80769
146.82823 518.79915
165.79996 538.48725
140.22596 486.83125
93.45591 456.34953
125.69420 490.85469
91.64660 465.33440
141.48298 464.21843
195.85964 392.94552
196.72361 442.02628
186.64967 441.21087
203.29733 434.67392
181.11044 325.76771
155.99598 316.76798
134.57373 315.03750
117.66880 317.45239
106.83382 322.93427
102.74902 345.16439
69.02809 376.48393
114.45141 365.62504
129.01218 370.67503
148.02889 371.26096
166.08023 368.15586
180.24733 363.71058
189.86671 359.67723
69.74392 370.47200
186.52264 442.56032
205.36905 401.34575
207.81099 445.69123
215.55733 451.10629
207.60517 446.54308
189.90620 445.31020
218.91623 453.21798
220.20472 454.30730
189.52442 349.11053
197.16312 352.63456
201.65796 355.86931
120.84637 342.24830
110.34081 334.53197
241.24851 395.25812
328.34675 338.20303
247.60181 450.48039
377.78648 271.32958
288.75900 354.78340
303.32367 354.60895
316.99032 352.11964
334.34414 341.13535
275.88097 352.51599
307.99389 312.89028
291.07151 315.99827
323.71132 313.65065
333.75969 317.80181
346.48872 347.42086
292.07722 553.28654
333.14548 333.27045
385.57373 332.82647
361.58657 334.11605
306.38176 413.31430
250.65750 476.72655
250.64194 483.25578
270.05901 477.23993
283.41358 477.24913
267.12257 481.18387
279.67743 480.06082
309.06471 495.23277
243.88672 447.69613
244.84219 433.44536
353.67664 301.39107
272.44614 380.22484
280.47279 430.82319
280.49236 421.30615
348.77399 403.33655
243.05828 413.34263
319.48090 292.54370
339.67789 294.19970
364.21860 249.97524
255.80940 311.09369
276.85062 323.46959
319.76631 476.09467
373.16605 459.33625
270.62321 440.50836
258.65314 446.54301
301.82838 477.77989
297.99095 479.29864
347.08073 283.24096
282.21127 434.09868
292.11006 296.84710
293.66085 285.52608
306.08444 225.10009
355.64720 268.16352
299.07356 255.66421
361.62182 292.68725
369.47990 284.97794
250.87448 480.47448
268.64624 479.35452
281.67648 478.67577
267.75784 442.64832
299.89971 478.51741
291.71902 491.79332
296.22066 480.01550
261.53076 441.56061
277.81845 480.99300
265.47737 482.37001
250.06035 484.90418
260.52288 545.12198
255.13855 533.21684
253.92376 526.11495
252.22752 519.66954
250.39520 514.92582
276.87832 500.79208
279.49226 501.84574
282.68230 504.32681
285.08305 507.71128
301.08635 462.24848
385.93468 387.49963
285.57274 492.39076
288.72719 491.66875
253.64830 452.29667
278.83503 440.82482
256.04904 449.59500
287.92370 385.43976
313.03009 391.94826
283.92616 425.35817
341.79825 233.83841
333.38524 257.51834
323.86341 280.55597
297.22065 514.48056
258.83625 292.58664
263.08418 258.02277
266.85387 222.31738
328.21651 347.70571
362.02396 354.35171
267.31770 350.11867
347.59159 320.61941
261.75781 373.52727
270.11909 430.58900
376.85242 363.02707
353.32211 366.43292
335.92731 374.53594
308.73146 375.76070
288.19435 372.46467
272.76760 368.16481
241.21246 359.46950
377.66060 391.70345
358.43761 316.23542
239.56852 453.68307
273.26965 396.22018
388.47115 325.29103
260.99724 362.75329
285.55180 423.31324
339.67617 331.97977
269.91802 418.82547
382.10045 421.99365
266.70555 345.39852
256.45336 415.10284
346.07651 503.24025
343.21011 516.37937
387.28645 391.17675
362.72926 481.06755
377.81235 306.63959
293.37452 565.56711
238.37296 455.04740
287.48528 403.61883
373.56808 333.40615
315.08236 345.48723
303.04455 347.98335
294.36821 492.53830
376.94157 419.77761
268.97732 586.85153
307.46449 557.54198
323.62000 539.68710
290.66605 347.94196
278.48644 346.61646
270.53886 346.16868
367.99652 310.23540
280.06310 334.50448
293.03074 329.68880
305.80944 328.16483
318.00095 328.76891
325.44716 330.56736
385.31052 294.98486
322.98004 341.89463
285.36045 459.38543
269.93073 439.81693
256.04458 462.42744
327.71709 525.78813
310.91351 545.12449
269.67518 580.85525
359.27361 491.30215
270.77244 341.21228
252.26048 383.38645
290.29926 574.45065
383.74783 422.35492
264.96605 508.86588
267.82925 511.83470
270.41046 516.55543
272.29095 522.75944
281.95457 532.12372
290.12142 479.35535
292.13673 478.23089
294.02786 477.21257
313.53775 467.23076
361.03119 431.49621
251.14307 365.89920
256.83811 335.04071
265.01114 336.27802
287.98561 480.28271
361.25481 463.35937
244.43020 336.22903
287.10716 540.81710
241.40186 378.41338
264.53575 404.47537
264.02832 555.67639
317.41718 499.99959
298.08079 432.51291
303.86703 521.57266
330.94490 426.85478
312.49268 444.36263
343.22475 445.41777
268.16490 569.62197
274.38614 408.68595
326.23119 510.85236
309.14322 532.16756
329.00570 478.68716
373.17520 443.67835
344.32407 481.18007
376.28136 452.17784
325.08701 456.35249
262.37499 389.76382
265.92793 438.75459
276.34937 437.13181
258.08666 432.06417
267.71732 320.60493
291.35326 309.32105
312.66491 305.73257
330.07561 306.71304
341.99348 311.26132
349.19685 333.15258
387.90031 361.74199
339.31351 355.04288
325.17536 361.40545
306.25816 363.84763
287.99465 362.62397
273.56010 359.63107
263.64426 356.45510
387.69363 355.54094
276.77567 438.58947
253.10059 399.00135
254.77875 443.45291
247.78481 449.68261
255.33436 444.38735
273.91441 441.80966
244.48650 452.05920
243.59352 453.23188
262.01851 346.28197
255.66051 349.89040
251.65028 353.37035
329.77966 332.00249
339.85229 323.14876
147.41268 343.21325
163.05120 342.91005
146.93071 330.66624
131.56988 343.43295
147.82759 355.73200
303.53275 336.24828
319.20910 335.02159
301.86180 323.18564
287.75272 337.31398
305.09899 349.23103
