168.80381 389.39142
173.86690 353.95710
171.63279 362.90559
166.60648 313.26872
174.70884 342.38830
175.27893 326.13991
176.22255 285.46324
101.07601 273.38223
176.88574 260.48709
177.64254 245.91793
180.75378 180.43860
168.58883 393.10819
168.18560 396.51661
167.85280 398.61395
167.80600 398.52878
167.77916 403.54292
167.53345 409.60197
167.12427 415.96698
166.45576 428.83116
173.09036 359.21856
161.84723 357.26490
61.25040 221.90297
130.77011 284.79003
120.11509 285.77114
109.69032 284.86341
96.65688 276.62174
139.77232 282.23970
115.28774 253.79919
127.68507 255.24629
104.26302 255.50269
97.22153 259.28679
86.85896 283.10050
125.64642 447.19317
97.24545 269.42368
53.34940 272.75691
74.39766 274.09716
119.73160 335.06162
155.54422 385.57745
156.28477 394.76553
142.52354 387.60410
133.38949 390.30886
145.77234 393.92463
137.17354 393.93293
118.45615 407.13500
164.99779 353.02523
164.44675 341.80231
82.86423 251.96494
142.89507 306.51657
139.07652 345.03802
138.69829 338.15397
87.97762 330.74090
165.56313 326.65869
109.32520 243.78896
93.90858 246.06898
74.05897 203.77498
155.96663 256.23854
138.20333 260.04504
110.70055 396.26768
55.68863 381.90310
146.23760 352.18665
154.45057 356.30259
121.23421 394.81658
123.75414 394.88108
88.38280 238.48143
137.85967 349.18332
129.95552 246.40704
128.46544 237.52868
120.10971 182.23184
82.47438 220.19570
126.25954 208.97465
76.44890 245.55262
69.24799 233.74899
155.72081 390.81310
144.18728 391.11192
135.24921 392.21244
148.37965 354.22193
122.52705 394.86332
128.05569 397.35069
125.15347 394.93773
152.28987 350.32749
138.61206 395.15776
147.14764 395.70403
156.96547 397.05857
152.94350 427.72838
153.90926 414.14735
154.82645 407.71011
155.87324 401.74389
157.03213 397.06693
138.70304 395.21183
136.72207 397.34921
134.52589 400.30535
132.63269 403.85339
125.13664 378.22527
47.29364 321.60689
172.39937 361.05216
132.23267 395.06596
130.24597 396.07231
157.89547 361.09343
140.81608 355.77229
156.24277 358.78018
131.57864 312.18390
113.96641 319.07999
136.30745 342.50540
93.07430 190.12635
100.92604 211.40360
106.11799 234.86135
127.66710 415.15305
153.39457 241.77798
151.33932 209.40813
148.26990 179.35060
101.18433 281.86254
74.75151 289.99645
145.48859 279.89008
86.72472 263.31223
150.85964 300.03787
146.33419 342.67367
62.03415 297.49662
82.02309 299.47841
95.82157 305.42242
116.28979 304.87647
131.28235 300.81061
142.17306 296.43356
166.06140 287.37338
62.52985 322.66801
77.81939 261.32658
167.59073 358.46347
142.94994 318.95247
48.55450 268.72162
150.68180 291.72294
135.04087 342.28833
92.93245 269.73788
146.13998 334.33910
49.93620 351.04158
145.42604 275.88029
155.80732 329.41495
79.33241 415.66610
78.34776 427.65146
50.90408 322.71584
66.46004 397.69953
60.92161 250.95792
122.61322 458.92000
167.97171 360.27595
132.88721 326.47156
65.02254 274.15001
111.39704 278.74212
120.48491 279.73488
126.09217 399.01853
62.95734 346.54963
141.39624 475.19840
109.11034 457.59753
94.86919 445.47873
179.33918 211.29961
163.34337 478.09286
129.42245 278.73845
137.90419 277.01364
143.17602 276.40860
69.94865 257.17426
135.91354 266.53700
126.50661 262.64700
117.13842 261.89564
108.01874 263.38182
102.58961 265.86514
53.44467 242.31089
105.29127 276.29916
170.74930 371.65260
136.23695 372.58697
146.60072 350.72950
156.40116 371.10053
176.45802 271.69218
93.49121 432.75978
107.20507 446.20035
141.59370 467.90056
65.72916 407.65501
142.48194 272.22519
158.28423 305.72755
164.21753 470.88199
124.22501 467.99396
52.82852 349.09481
147.27564 395.77072
145.29306 399.41314
143.63430 404.04072
142.23812 409.77597
139.05060 422.39514
130.08141 394.29207
128.08699 393.49533
126.43721 392.56823
115.90773 386.33589
77.17966 355.08066
158.68694 292.91893
153.73760 269.58667
146.88522 269.31006
132.12973 395.02837
73.20673 382.48786
162.78593 271.77960
131.68758 434.72811
175.61098 312.22929
166.19867 300.86352
175.91774 299.18519
149.59576 323.53859
165.03166 459.00041
165.77415 443.28721
148.35155 441.62355
107.80748 411.98976
125.55813 350.95390
118.63714 425.03958
101.76146 347.71002
115.05217 362.23643
90.82966 365.68393
143.90707 456.40083
142.43141 328.64299
98.09963 420.36610
111.46450 434.77594
99.94751 397.12101
64.18163 366.76514
86.32349 397.33524
56.81559 373.86523
105.14318 376.77933
150.74657 312.10447
149.31566 348.28777
142.10531 349.35526
154.87949 341.93531
146.22776 260.29423
128.90553 252.96713
113.30070 250.99787
100.43577 252.47993
91.52254 256.50865
84.89161 272.14685
50.50428 297.29352
92.79867 288.85660
103.57597 293.45702
117.91468 294.21211
131.29963 291.92095
141.53700 288.74672
148.62993 285.99432
47.16896 294.54499
141.75009 351.77653
157.90691 317.39342
157.16024 350.45759
161.72157 355.86698
156.59170 351.76256
144.22550 355.03206
164.07763 357.33739
164.37809 359.19899
148.99843 276.90524
154.31953 280.73466
157.39971 284.08231
99.56619 267.79626
92.84428 263.72583
184.08310 314.13756
243.68736 279.15559
182.80245 358.28979
281.99566 233.75108
214.18146 288.73429
224.75494 289.84878
234.79370 289.88586
247.02950 283.53888
205.32705 286.23211
233.30551 259.95537
220.45815 260.29333
243.95836 262.59454
249.86557 266.89736
255.43381 291.64943
203.19250 450.18433
247.18742 276.25191
284.32259 284.81958
266.57360 284.72057
222.27512 340.23045
181.84658 387.38092
179.63959 396.44960
193.54559 391.01104
201.11654 394.84169
189.22379 396.99542
196.72934 398.05371
212.61133 411.41626
182.44802 353.89382
184.59064 342.80364
264.87713 262.43129
203.45440 309.53167
205.22972 348.55633
205.90389 341.68844
251.56960 338.90907
184.48301 327.56680
243.23120 251.84543
256.67572 255.56211
274.60999 214.70371
197.59096 258.87654
209.10034 264.27087
221.14342 401.46245
266.37379 391.51631
197.15981 354.91832
188.89425 358.24904
210.72632 400.97779
208.20095 400.68573
262.25082 249.06133
204.97869 352.84126
223.86208 252.06337
226.81992 243.63456
237.90169 188.82464
267.60712 229.51562
230.18093 214.07260
270.47684 257.24572
276.38359 244.49397
181.01454 392.61219
191.41842 394.41007
199.06742 396.55761
194.55399 356.71529
209.44309 400.85020
204.52963 402.56046
206.75968 400.51939
193.07381 352.47259
194.80804 398.97997
187.34089 398.51121
178.33851 398.59315
179.59599 428.80663
180.06714 415.93222
179.85365 409.37267
179.28127 403.31678
178.24507 398.52170
194.73286 398.99838
196.84978 401.42904
198.89112 404.67595
200.44769 408.42806
211.58525 382.54702
279.54056 333.24656
200.28965 399.64166
202.43055 400.99221
185.04709 362.66175
200.63761 359.08737
186.92673 360.55694
213.10509 316.32000
229.06742 324.91759
206.98164 346.31287
260.75371 199.37045
252.81700 218.88568
247.34535 243.55583
203.73810 418.41026
202.79940 245.12206
206.58321 212.19491
212.14121 182.98771
242.64378 287.79477
265.57281 300.02146
199.59505 283.79804
258.54900 272.34100
197.18178 302.27696
199.81787 345.47376
276.60835 308.50099
259.37584 308.32738
246.93783 312.65125
227.45369 310.27692
213.10612 305.06380
202.93404 299.88029
185.61758 288.30917
273.65131 333.29902
266.43433 271.93480
178.45112 358.98090
202.58631 321.97324
285.09277 281.06489
195.55260 294.26078
207.24056 346.18006
251.33568 277.42067
200.28290 337.11544
274.17877 361.75196
199.28188 279.68782
192.72350 331.24958
246.33438 422.68488
243.88248 434.04376
280.68829 334.13137
259.07017 406.22129
280.66643 262.51626
204.48654 461.95390
176.78720 360.72914
210.64627 330.49152
273.72959 286.26971
234.19197 282.90197
225.34740 283.46176
206.34632 404.46346
270.06302 356.67132
184.88110 476.63687
215.28496 461.14589
228.51833 450.25153
216.36116 282.54122
207.63893 281.03901
201.91883 280.51283
272.50885 269.19792
209.73984 270.86254
219.48460 267.38659
229.40399 267.13496
238.16044 269.25463
242.93560 272.18187
284.98245 254.56992
239.89296 281.16583
202.67059 376.01348
197.43898 353.46059
184.83652 372.66705
232.22393 438.40252
218.91708 450.50452
186.42605 469.57651
256.00464 415.68458
202.66739 276.20370
191.22747 307.33700
201.31905 470.45719
275.60253 359.78659
187.29248 398.49621
189.17652 402.38762
190.57991 407.21180
191.51741 413.10817
192.87359 424.50844
202.69726 399.21461
204.87318 398.69512
206.70750 397.94865
218.29315 391.31842
257.64103 363.80134
191.24212 294.52761
194.14892 272.31975
199.31072 272.85032
200.33108 399.63252
256.59779 390.90682
187.42054 273.26629
198.49218 437.30870
184.98535 301.75708
197.26200 325.97666
182.71536 442.93754
222.16583 417.10625
214.74234 355.58026
211.06123 428.86926
237.47562 354.35679
223.16811 367.62941
244.65725 373.04846
185.71440 458.05264
202.52617 331.75259
230.18597 425.95825
216.75163 439.00962
231.34514 403.25885
266.05164 376.27554
243.56113 404.34784
269.44344 383.73329
229.89677 382.87642
196.70731 314.43522
196.40844 350.73130
201.92730 352.56342
192.88572 343.84133
203.20847 263.48958
221.51855 257.90869
237.32719 257.66195
249.28696 260.43134
256.28937 265.23917
257.91042 281.33564
284.01817 309.24785
250.03769 296.44354
240.01118 299.78547
226.27037 299.19716
213.20551 296.10732
203.39169 292.55734
196.87439 289.17023
282.76974 306.67686
201.24168 354.97638
191.16190 319.02946
189.63732 352.06035
183.73743 356.94375
189.23969 353.44244
198.04260 357.93001
181.74273 358.18621
180.19783 359.94945
196.15278 280.43519
192.04515 283.32001
190.18435 285.95338
245.41817 274.38709
252.79137 271.63650
119.05416 269.74992
129.55950 269.81345
119.20208 259.89602
108.36149 269.67402
118.81933 279.68937
224.99367 275.01763
235.89725 275.61282
225.45315 264.89162
214.09386 274.18239
224.58076 285.15174
