134.44458 300.17230
136.63160 265.41409
136.55928 274.65490
129.16748 237.01748
136.54428 256.65298
136.51854 245.17895
136.49199 216.89872
75.60226 215.54257
136.20668 193.61197
136.02839 181.29864
135.39078 138.39866
134.58237 303.67522
134.70648 307.15638
134.87396 309.55261
134.83419 309.47098
135.03990 314.94552
135.29333 321.60446
135.59345 328.07459
136.23329 337.95720
136.67618 269.94769
129.38686 270.13057
42.87685 179.31956
99.97520 224.98275
91.03622 225.59597
82.66888 224.56065
72.31936 218.69859
107.57969 222.59438
86.79338 196.77102
96.98835 198.10585
77.46925 198.31796
71.69519 202.02482
65.36123 224.50330
105.08150 347.11902
72.90792 212.75973
40.90727 217.74992
56.17678 218.00349
94.68912 260.10731
124.78903 297.75837
126.38594 306.67223
115.85182 301.02440
109.89180 304.83271
119.25632 307.09059
113.52198 308.24165
99.95003 320.63738
129.68155 265.24498
128.26460 256.99365
58.63600 193.35081
111.21742 236.94963
110.80578 264.34138
109.92086 259.73053
69.73425 259.81949
128.60403 246.24644
78.16013 183.25494
66.33410 186.34156
50.04440 163.43931
117.01889 193.22033
105.82989 202.41859
94.66892 311.68915
55.01509 299.88146
117.67859 269.09004
124.27588 271.56042
102.52615 311.65902
104.45602 311.31758
61.58474 180.15866
110.81671 268.62765
94.79177 184.94698
92.94418 177.19396
84.24175 142.81774
55.64852 171.53551
89.11625 159.37544
53.82318 189.19180
48.01468 184.31252
125.41027 302.77850
117.55173 304.36169
111.63084 306.63657
119.76765 270.80887
103.51240 311.51611
107.07581 313.40655
105.49669 311.12150
121.14677 265.39181
114.91432 309.32099
120.60535 308.80453
127.28304 309.00943
124.98220 337.17648
125.43121 327.46105
125.64596 320.92017
126.29948 314.19976
127.21609 309.02591
114.91272 309.38775
113.11983 312.19248
111.19654 315.71883
109.69376 319.52508
103.67136 293.81965
43.97612 256.02573
136.66399 272.04734
110.59641 310.14419
108.85496 311.70659
126.56389 274.98758
114.13097 274.12807
125.50766 273.32386
102.15788 242.39636
88.36563 248.90666
108.77148 263.99222
63.07899 150.84460
68.56461 162.59912
74.97009 175.68010
105.99857 326.86734
113.73735 180.61558
110.83868 159.28712
107.64584 139.19985
75.96367 222.43512
56.72850 230.84198
112.53063 220.19481
63.54168 206.18139
117.20549 230.96358
115.46776 260.44340
47.96318 235.79902
61.93092 237.24722
72.43666 240.66324
88.83158 239.65535
101.27033 236.21095
110.55315 231.85663
128.29945 219.11064
50.82552 255.21560
56.95841 204.88459
132.60031 269.75045
112.23944 245.75425
39.09058 216.64110
117.27558 226.87068
108.18233 264.64702
69.09801 213.02520
114.89149 254.94092
48.27446 277.35174
112.68038 217.01440
121.44650 249.55715
72.34928 323.84193
72.93179 331.97186
44.07070 255.69009
62.82986 311.06247
44.17221 199.81438
103.38875 354.93719
133.51698 271.78245
104.70276 252.64512
49.67396 219.57175
83.37950 219.44564
90.77330 220.61279
105.47071 315.27614
54.36220 273.10196
118.55286 367.24731
94.33962 352.99840
84.39402 344.23968
135.67505 159.62437
136.74015 369.48350
98.33504 220.18033
105.47913 218.77107
110.23340 217.88710
51.38742 202.99627
104.43914 210.11194
96.73630 207.34422
89.13616 206.58346
81.71993 207.70715
77.26578 209.70626
39.55326 196.12484
78.65870 217.53086
136.63847 282.49592
111.04113 287.72539
117.53719 267.33144
125.68361 283.52486
136.37497 205.39127
82.32241 335.78931
92.29559 345.19369
117.94186 362.35464
63.64410 318.30251
110.02592 214.17619
122.86110 233.17698
136.44358 364.73084
105.22352 361.18453
48.40549 275.29148
120.52845 308.88293
118.85298 313.14069
117.47156 318.42398
116.61652 324.36670
114.14940 332.79268
108.84186 309.70034
106.99736 309.11886
105.47380 308.30242
98.13951 302.18505
65.56334 278.85459
122.86619 224.31443
118.33565 208.94943
113.49663 210.45936
110.60041 310.13776
65.97395 299.88886
125.11513 208.16774
109.24704 339.53427
136.54257 235.57893
128.65896 228.51335
136.56717 226.56394
117.16806 247.36634
136.34848 356.71015
136.27249 346.70903
122.11374 345.27377
91.45863 322.59851
101.39107 272.19933
99.26247 332.11612
82.44720 271.31555
94.29390 281.82766
76.81459 286.17245
119.19470 354.58732
112.40835 252.69134
84.39968 327.72543
94.40989 337.82607
85.66540 311.29602
57.88486 288.19093
75.62687 311.03306
53.92389 293.61513
88.91283 294.69383
117.69930 239.26693
118.42125 264.02949
113.72150 266.98646
121.37543 258.11876
111.07998 199.92954
96.17731 193.16201
83.21327 191.70434
72.79869 193.74806
66.09692 198.37603
63.53189 215.37005
41.18628 236.53384
69.80864 228.52223
78.31566 231.48288
89.78458 232.00797
100.91339 230.15821
109.64334 226.99769
115.51600 223.82783
41.07378 236.14168
114.08651 269.67520
122.74231 241.21981
124.02828 264.14298
128.76225 268.48655
124.39615 265.65980
116.61480 272.52138
130.14177 269.24370
131.10783 271.35649
115.71409 217.13259
119.89553 218.63930
122.12547 219.68832
74.81194 211.28192
68.33681 206.69888
144.01190 236.93772
194.28602 211.47716
144.13612 269.82808
231.12816 179.58999
169.36199 219.24293
178.40002 220.28442
187.14657 220.06240
197.88353 214.19518
161.86892 216.80937
185.13613 193.24511
174.61843 193.80735
194.35120 195.12609
199.75904 198.79922
205.79294 220.06104
168.53756 346.67575
197.54124 208.74594
233.81569 217.72405
215.61478 211.69661
179.19807 259.45572
144.09121 297.32862
143.23444 306.24750
153.44841 300.30465
159.67703 303.69099
150.56461 306.32166
156.47715 307.16031
173.14289 319.51362
143.63344 265.18009
144.86580 256.90700
213.87768 188.26567
162.64191 236.53114
162.58377 263.78011
163.41816 259.17905
204.27225 258.82139
144.47287 246.13965
194.75477 178.57418
206.32360 181.77455
223.03318 163.53735
155.04263 187.49332
165.25471 197.36595
178.43063 310.28189
220.78224 298.62438
155.88943 268.51867
149.27046 271.17625
167.75095 309.65283
165.82943 309.46847
211.45256 174.51907
162.51173 268.06793
178.20868 179.59565
180.11366 171.48890
187.20860 142.75195
217.60387 171.25465
182.52361 159.14364
219.31683 182.73950
226.07216 184.30325
143.85826 302.31907
152.01761 303.59868
158.15742 305.49691
153.71048 270.25829
166.76601 309.59522
163.31202 311.67048
164.77400 309.33696
152.44762 264.95755
155.19821 308.27281
149.40510 308.06205
142.67591 308.62962
147.90627 337.00538
145.91637 326.91549
145.01720 320.36000
143.88550 313.68902
142.66773 308.59145
155.16806 308.26624
157.18079 310.89156
159.28421 314.22943
161.06525 317.87919
170.00120 292.77680
231.73069 255.63653
159.57827 308.74015
161.42311 310.14600
146.85535 274.75493
159.26727 273.57762
147.96898 273.02369
171.61682 241.95263
185.48105 248.34983
164.58454 263.44620
209.20174 150.84216
203.90324 162.34265
198.30450 170.32877
167.15477 326.03615
158.44284 174.67871
160.48367 159.14962
163.33977 139.10773
193.96696 218.10069
215.11261 226.39368
157.14737 214.56803
208.03078 201.41295
156.63816 230.57985
157.93049 259.97740
226.60568 235.35491
209.44550 234.45118
198.57258 238.98530
181.74931 237.32209
169.37544 232.95702
160.54232 228.69134
144.95346 218.93580
223.82580 254.31586
215.30041 198.88387
140.77042 269.64623
161.43135 245.27132
235.84198 216.76920
153.92672 224.15317
165.21957 264.09811
201.66494 208.37779
158.43620 254.48162
227.57729 276.51985
157.41282 211.27297
151.78169 249.31375
202.30988 322.28372
202.31337 330.59756
231.19179 254.90918
212.12622 309.21130
230.22888 199.86968
170.22144 354.52701
139.82491 271.69889
168.90079 252.12988
222.47540 212.38186
185.89848 214.83177
178.35052 215.32229
165.06405 313.36072
220.54718 271.66065
155.11089 367.18776
180.43381 352.21331
190.71341 343.19954
170.86683 214.32625
163.77453 212.58418
159.34847 211.81093
221.23142 195.40483
165.77913 205.31035
173.97694 203.37794
181.94901 203.53308
189.11404 204.89959
193.29628 206.56795
234.88834 196.38059
190.81440 213.31166
162.58829 286.97654
156.06962 266.78234
147.86404 283.30644
192.13722 334.78406
181.67189 344.43235
155.36999 362.31749
211.88063 316.77436
160.09005 208.86748
150.66200 232.92812
168.95950 360.71596
226.96686 273.99623
149.41534 308.04756
151.36381 312.16718
153.15178 317.33331
154.60249 323.22363
158.88350 332.17566
161.29654 308.19639
162.95696 307.53052
164.39428 306.66940
175.23722 300.84152
208.86700 277.25080
150.72735 224.06035
152.44854 203.81587
156.96661 205.00085
159.64825 308.78322
208.64515 297.98213
145.99710 204.40128
164.12958 338.98330
144.61432 228.38003
156.34817 246.98989
150.94181 345.07042
182.14338 321.69587
172.28687 271.54047
174.27002 331.38684
191.62275 270.19990
179.77531 280.90739
197.44104 284.67971
154.08115 354.52166
161.12511 252.15479
189.66558 326.75752
179.29987 337.07947
187.91716 310.11149
217.14565 286.38321
198.46466 309.48134
221.43559 291.93777
185.02209 293.42826
155.91518 238.91996
155.11776 263.56330
159.78100 266.41940
151.92005 257.85625
160.37312 194.45552
175.83128 188.74917
188.97327 188.12804
199.27130 190.27958
205.67839 194.54204
207.85236 210.09160
233.79818 236.22395
201.00737 224.84126
192.33435 228.05450
180.32022 227.82359
169.07938 225.23657
160.65601 222.12375
155.04480 219.35423
234.37450 236.03180
159.31236 269.10640
150.60736 240.97996
149.42244 263.87609
144.76446 268.24290
149.18303 265.35371
156.77692 271.93276
143.28646 269.05580
142.32321 271.12674
154.38459 211.72197
150.75218 214.28067
148.89183 216.85218
195.73805 207.80307
202.74469 202.64789
91.45857 213.08121
100.87385 213.06190
91.15610 204.92939
81.90744 213.02469
91.70656 221.13768
178.24930 208.32578
187.67494 208.54117
178.12313 200.37230
168.88363 208.06262
178.43796 216.22679
