213.95687 471.04490
212.46479 429.91846
214.46693 439.73721
200.59572 379.48758
212.03191 415.10980
212.16524 394.66551
213.13678 345.48849
117.31775 341.98547
213.02080 318.63132
212.58884 301.78684
211.90677 227.35512
214.27084 473.99428
214.96383 476.41734
215.92531 477.75225
216.30296 495.98648
216.25415 500.98106
216.36453 507.55837
216.94086 514.90578
219.52001 537.84002
213.10949 436.69668
197.01835 434.28771
69.00285 290.91369
158.85328 347.98999
145.58912 349.78107
131.92321 350.70482
112.05106 346.01261
169.30248 345.46750
133.44757 322.30763
148.96089 322.62985
119.50792 324.63649
110.89836 328.92248
102.62262 353.07526
163.91403 559.73328
111.51697 340.48410
64.82261 350.34704
87.54852 345.60391
142.12854 407.52814
191.19703 468.01827
193.87317 474.72820
172.36017 468.45421
159.48660 469.34539
177.41062 473.35435
165.10999 472.77956
145.38976 494.47539
199.51540 429.36105
197.73120 415.00793
91.26814 319.67951
173.20806 373.06711
162.73855 417.74343
162.80052 409.16470
102.51482 403.74349
198.99852 396.03913
121.97000 309.58193
103.15105 312.79649
80.36260 267.77085
183.47307 317.74973
162.59195 325.82047
132.64688 476.62417
79.89162 484.37359
173.14300 426.44354
185.82059 431.62724
142.91286 472.41399
146.63854 473.24099
95.66393 304.19918
161.43358 421.77820
148.32386 310.52847
144.87220 300.08755
133.02837 236.26293
89.61366 283.88956
141.67530 264.39503
83.45159 312.72941
77.32637 302.30008
192.10855 471.89057
174.74826 471.14770
162.11645 471.15704
176.29831 428.53135
144.78311 472.81606
153.10949 483.51576
148.48693 473.73086
182.17823 425.87126
168.16700 474.01069
180.31181 474.79881
196.13842 476.36160
196.55567 535.89421
194.63329 513.41760
194.72330 505.93578
195.67590 499.41647
197.26915 494.79198
169.08361 487.18289
166.19775 489.28145
162.87954 492.91834
160.70905 497.35975
147.81620 456.56760
67.57040 412.22406
213.70430 438.85241
160.06395 481.88223
156.39257 482.29170
191.77581 437.24585
166.35957 428.91456
188.85786 434.57733
158.83560 379.81533
135.98827 388.28605
159.95586 414.08321
100.61178 248.90456
110.12983 270.59705
116.48965 299.20628
158.38356 511.14794
177.61032 301.95726
174.49255 262.20126
168.79408 229.71191
119.64525 349.41952
89.60771 361.17027
175.50781 343.06204
98.28142 333.12388
183.00706 365.35387
173.22214 415.92608
74.57000 373.71020
98.76487 369.33766
115.81771 373.69607
141.99745 371.35369
161.21437 366.04981
174.64178 360.75229
200.18282 349.01896
74.33775 400.89553
88.40019 331.25751
204.81149 436.11031
171.44218 387.20510
63.35651 348.14387
184.38310 355.02261
159.26258 413.36298
105.88081 340.37399
173.34327 405.33746
71.22982 447.30973
173.89843 339.39185
186.38370 399.81197
104.46266 518.37304
108.63918 537.88237
64.82473 408.93871
87.78387 498.08974
70.85394 323.80089
161.48588 578.30509
206.70108 438.20327
158.53948 396.13891
77.82774 346.88271
132.52180 343.05908
144.73928 342.37106
150.59700 485.17079
74.61618 430.43177
188.94924 602.63493
145.97278 577.30512
128.58360 560.34778
212.24289 261.59603
221.04568 605.99572
155.58530 341.00828
165.46030 339.58751
171.40001 339.34061
79.74640 327.24601
161.65393 335.68744
149.99933 335.19646
138.42752 335.82178
126.86092 337.24382
119.32676 338.85179
63.87024 315.94359
123.77290 342.76502
215.51464 449.42709
162.29440 450.00555
173.56615 425.28360
191.72237 448.77016
213.36458 331.01373
123.55432 540.45755
141.85863 559.50733
187.88808 590.41391
93.25031 514.61816
169.73632 337.73109
190.80621 371.36766
220.39863 593.99633
165.02090 592.41758
68.16818 440.92625
181.68928 491.63976
178.91706 495.28990
176.73376 500.86679
175.73400 507.87946
174.50639 525.86708
154.83091 472.76926
151.95621 471.69610
149.77628 470.55341
136.87542 464.93011
89.90537 436.48477
192.00338 356.47406
184.03297 332.10720
175.23046 333.09620
158.08555 473.71310
89.14285 473.82221
196.31105 333.02883
169.51259 541.21702
212.53717 377.42236
200.26756 364.66579
212.86716 361.67038
179.39342 392.48275
219.84794 576.02834
219.63823 555.14715
193.55331 552.70851
135.88791 503.57819
148.92158 424.98511
151.42852 524.37646
119.01949 424.08466
136.72693 439.73000
106.89670 446.79913
189.50245 572.76997
169.68700 398.16827
126.12850 519.45193
145.04964 540.63574
122.66586 482.09015
77.80199 456.36978
106.49393 488.68626
75.18518 471.00686
125.07661 455.58076
181.63715 379.29861
177.58634 423.25920
167.01767 423.34243
184.80047 415.50428
172.17958 323.76053
148.98246 318.11821
128.77861 317.42127
112.54825 319.94395
102.06689 325.12508
98.16824 342.90780
63.52319 379.29182
110.37862 357.93491
125.07455 360.84480
143.58783 359.83498
160.42673 356.40254
172.77473 352.62440
180.97242 349.25312
65.68533 379.73374
166.84360 425.35564
189.88382 385.18478
188.51362 426.38464
196.52351 433.06257
188.48707 428.00002
170.58347 428.72647
199.74405 434.91001
201.17170 436.76897
179.16900 339.90619
186.95327 343.24583
191.40869 346.36576
114.74718 339.94497
105.40022 333.94048
225.09088 378.87845
315.03732 338.98700
230.79462 433.75091
370.62328 283.05355
274.67561 346.75583
288.02234 347.88577
301.74198 348.14394
322.06422 342.78797
263.62949 344.49006
295.49997 320.95435
280.65561 322.00492
309.49838 322.13985
319.00030 325.56983
333.44600 349.49258
278.45857 558.53272
321.13897 337.04590
376.68413 343.07215
349.52764 341.36404
291.37031 404.51014
237.93642 466.70185
237.92102 473.61892
261.30291 466.27795
277.95829 466.63908
257.71364 471.42734
273.35039 470.39924
299.01199 492.58797
225.77690 428.91926
226.79605 414.35564
337.54018 315.38322
257.92123 371.07567
266.91898 415.80416
267.16257 407.06424
333.19566 398.89881
225.83784 395.34191
302.09829 306.79953
322.46151 308.86587
355.23424 260.15864
241.67635 319.68057
267.79605 325.53353
311.63980 474.20227
371.04814 479.55495
256.88858 425.03989
243.87722 430.69190
300.66372 469.60771
296.71791 470.53320
329.79768 300.06888
269.42564 419.88670
275.67960 309.86130
277.42139 299.58686
294.12674 231.38719
343.42004 277.02952
284.59570 260.16984
346.33651 308.55872
359.13444 295.11689
238.07993 470.66806
259.43431 469.10515
275.66919 468.54221
253.85297 427.27884
298.67891 470.04931
288.69983 481.27351
294.63062 471.05739
245.75159 424.70895
271.33382 471.66758
255.93093 472.93579
237.45662 475.39388
243.55878 535.52973
240.31164 513.19011
239.16820 505.51195
238.01149 498.80332
236.84728 494.11368
270.37922 485.38792
273.04683 487.59700
276.60211 491.41252
279.32769 496.05382
290.60522 454.37795
380.81001 406.16009
281.75808 479.76191
285.17437 480.09620
238.36403 436.60340
265.60062 427.30833
241.03130 433.78657
273.13633 377.26671
297.30093 384.80991
271.18225 411.98633
330.68494 242.15663
319.32920 264.72674
306.49351 296.40284
284.87602 509.64122
245.10757 304.35651
250.37551 259.90746
256.09705 227.04123
314.17467 346.58688
348.79911 356.58514
256.80584 342.26337
333.73445 329.14031
247.16207 363.74245
254.49573 414.33771
363.72644 367.31361
338.43586 365.31859
320.05922 370.17174
293.24199 369.00646
273.64587 364.45606
259.33549 359.82468
227.00101 348.26879
364.65330 394.85886
344.73331 327.01143
221.64341 435.86646
259.33881 385.27165
382.14857 340.79563
248.33366 354.63155
273.00661 411.28083
327.34945 336.74389
254.85365 403.61503
378.49109 441.78666
258.12923 338.79240
239.95350 398.60842
343.22561 515.07385
341.55666 535.25866
378.76398 402.47457
359.95870 493.73278
368.13448 316.42278
281.67699 577.18860
220.72633 437.95736
273.46174 393.77549
362.18349 342.06445
299.56646 340.79460
287.63628 340.71136
291.83591 482.98925
366.72079 424.84928
253.73745 602.35401
300.46253 575.84726
320.13967 558.48573
276.91986 339.82784
266.83143 338.72398
260.81396 338.68339
355.12569 322.93299
270.54773 334.88509
281.99010 334.01857
293.02244 334.05275
304.34803 334.75136
312.15707 335.75838
378.66001 308.10231
308.23656 340.11408
273.18239 448.29419
255.82965 423.91452
240.68191 448.20143
323.20205 538.03706
303.45705 557.79539
253.65751 589.94836
357.64980 510.74496
262.22879 337.00589
237.08463 370.22578
279.24913 591.47999
377.20398 435.07171
254.84260 490.32378
257.28586 494.08664
259.74657 499.91588
261.63410 507.17715
267.15324 524.81929
286.69014 470.05858
289.11314 468.84186
291.22182 467.62779
304.76740 462.50440
349.57800 431.61649
236.63334 355.35903
246.27601 332.59534
255.80654 332.89867
284.03608 471.17178
355.16466 469.29022
232.44806 334.45392
272.65722 540.12159
226.15621 363.96341
249.51664 391.01427
246.77223 552.27406
308.46126 501.16040
285.34866 422.40104
292.21397 522.60369
316.91902 420.29801
300.42614 436.79826
332.43726 442.81386
251.10187 572.29947
260.79450 396.19640
319.07148 516.79377
299.15985 538.78321
321.11745 479.11515
366.16048 451.16780
337.90153 485.08607
371.96098 465.66859
315.80425 452.34872
247.74400 377.81095
250.11928 421.87077
262.55329 421.64740
241.10735 414.36481
256.53106 324.20245
278.38287 317.52752
297.78930 315.32657
314.52863 316.57683
326.87955 321.09459
336.88650 339.18946
378.82429 372.36599
325.16786 354.66782
310.07883 357.96147
291.25639 357.66548
273.91470 355.01202
260.84858 351.82833
251.80425 348.82658
381.56669 372.96134
263.51923 423.71837
237.18935 384.05590
237.74582 425.50865
230.70587 432.63655
238.77739 427.24762
260.42331 427.23449
227.03930 434.52654
226.50079 436.35647
252.63046 339.38509
244.71870 343.26520
239.65852 346.60027
317.23722 336.59078
326.07114 330.18873
143.17087 339.25428
157.21712 338.55603
142.13832 329.02235
128.92715 339.92241
144.13772 349.26467
290.53197 336.36767
302.33472 336.32917
290.86706 326.66488
278.94769 336.30815
290.36111 345.90015
