183.68821 422.37576
179.79315 383.65469
180.67149 392.07075
171.71929 340.23650
179.98764 371.67422
180.69621 354.09833
183.03561 309.06136
105.03926 299.16607
184.42961 276.05918
184.99998 258.84973
187.90072 192.05651
183.64758 427.08607
183.67573 431.74423
183.83675 434.92007
183.73112 435.32704
183.60581 441.41975
183.41286 448.56676
183.29464 455.59424
181.65179 467.84243
179.96264 388.78335
169.10283 386.64488
60.94443 241.94480
136.94395 309.17247
125.66185 310.32156
114.63410 309.77001
100.54476 302.51298
146.37480 306.38328
117.31568 276.17296
130.72421 276.96845
105.63635 278.59210
98.51767 283.24166
90.80532 308.67007
140.39698 478.99125
100.82766 295.71600
56.85746 295.96673
77.63300 298.11276
125.34079 362.59634
171.33242 419.69939
172.80882 430.99068
160.08271 423.45298
152.78710 426.82626
163.89994 430.93982
157.05065 431.21321
132.43653 437.05532
170.26858 382.87828
168.92298 371.27736
81.95263 271.97555
148.95825 332.62040
144.92123 374.05770
144.67169 366.78233
92.01714 357.69968
170.15168 354.84976
106.60206 261.12284
91.55383 264.73507
71.26414 222.00989
157.98375 270.72765
142.57920 281.73035
124.23935 424.49814
74.96304 404.96042
153.16035 381.25641
162.05796 385.58652
143.84503 431.75710
146.42630 431.96258
85.54121 256.25373
144.67060 378.06814
128.02597 261.71887
125.63708 251.91672
117.20919 196.73083
78.40668 237.50644
123.08161 223.69302
75.52157 264.65833
67.66714 253.14709
171.79350 425.93405
161.89946 427.42814
154.78976 429.05749
155.70975 383.24881
145.17374 431.89010
149.35948 434.95432
147.78689 432.05830
158.33800 379.77248
158.95518 432.85099
165.59435 433.33128
173.91095 434.08290
166.24117 465.86888
170.29066 453.84567
170.97634 446.93001
172.19473 440.02021
173.74861 434.41873
158.80852 432.81114
156.44572 435.27296
153.98650 438.42531
151.95002 441.99202
134.96687 407.06078
60.04143 344.56237
180.20216 390.42692
153.84785 432.39491
151.58690 433.60622
165.96875 390.55477
148.56640 384.50731
164.09398 388.17168
137.05805 338.62138
118.21867 345.81346
142.94026 371.10588
88.68817 206.44652
95.75644 226.94270
102.36529 251.24564
140.85062 447.82866
153.90135 254.72046
152.26513 224.18644
149.21299 192.40123
105.67097 307.23899
78.45675 315.75033
152.32853 303.57736
88.05027 286.69392
156.96803 325.66271
151.37593 371.71600
65.52733 322.79222
86.05019 325.95068
100.36675 332.11855
122.21255 331.07468
138.29539 326.42254
149.87343 321.46263
171.96894 311.52984
67.83354 348.47355
78.98323 283.32554
174.14355 388.20032
149.27433 345.85215
54.52555 290.63339
158.54153 315.98320
142.29023 370.42635
95.63719 295.42181
151.50210 362.73017
65.81664 373.79944
152.21238 299.15976
160.52073 357.66170
97.13974 441.41614
99.13336 451.99089
59.56862 347.05521
83.90356 422.75209
61.62838 272.59984
138.43489 490.22917
175.44445 389.75068
139.09430 353.64675
68.26750 298.07813
115.89415 303.31552
125.43423 303.93099
147.31636 436.54639
71.30293 372.30514
157.81626 508.46199
127.30557 485.57520
114.63776 471.21544
186.20591 225.35130
180.96617 512.43258
134.87349 302.82506
143.88554 300.84659
149.59923 299.89892
71.12692 278.45965
141.61154 290.46052
131.30345 287.29337
121.02997 287.20472
111.57778 289.31655
106.03529 292.12643
55.47381 263.44339
109.51355 301.45630
181.21193 400.79265
144.91694 401.80801
152.98159 379.92234
165.40993 400.58176
183.92401 291.70591
111.12185 459.59650
124.41393 474.59644
156.98279 501.68692
86.49628 431.34325
148.83168 295.67493
163.81714 331.92962
180.99083 505.92904
141.01130 498.83868
64.80538 373.45787
165.41193 433.47103
163.02624 437.60732
161.05517 442.77403
159.67101 448.80932
151.67937 458.14553
151.79942 431.52388
149.55368 430.52120
147.69934 429.37041
127.74096 414.74293
84.97977 381.85945
164.58212 317.82851
159.68073 290.55235
152.87499 291.52081
154.03771 432.49810
86.26442 408.75739
169.20405 291.42254
145.80220 467.54444
181.52258 338.93945
171.69056 326.66117
182.25443 324.65807
155.37918 350.90672
181.05469 494.56025
181.32683 480.15119
162.58295 477.25086
122.20408 440.61708
133.20174 379.22627
132.88027 455.21373
107.73062 375.56931
123.37607 390.61257
99.55302 393.29950
158.52717 490.70682
148.87047 356.24768
113.36821 448.28841
126.88912 464.03096
113.34034 424.79297
75.90340 392.31363
99.92953 424.49138
72.16891 398.39076
115.86554 404.64917
156.75282 338.68994
154.76441 377.67128
148.23309 378.54321
159.52097 371.17096
149.60364 279.16676
129.77074 271.92952
112.95851 271.14746
99.77555 273.67571
91.44213 278.79581
87.80880 296.73734
56.62165 321.38989
96.98782 314.77981
108.33475 319.10680
123.61742 319.48776
137.93879 316.82124
148.78693 313.22195
156.17381 309.91211
56.99164 317.16782
148.63186 380.80206
162.99654 344.52581
162.40952 380.16039
168.48336 385.39746
162.63388 381.24862
151.71341 383.95338
170.59611 387.05995
171.74904 388.69381
155.97657 300.02236
161.80413 303.65615
165.00601 307.00744
103.00799 294.17938
94.52128 288.26443
191.66199 340.56526
269.34157 303.33084
191.90895 387.07605
320.74191 245.91420
235.72140 313.00704
247.54515 314.38575
258.98650 314.01467
274.01396 307.35947
225.67017 309.91083
256.14882 279.05803
242.01617 279.62364
268.66894 282.01864
276.14949 287.20263
283.97507 314.44471
224.20636 481.10307
273.84785 300.03845
320.99997 300.59064
298.43439 305.11642
241.91906 364.69445
196.34903 419.85852
194.91137 431.22461
208.30044 423.80993
216.10497 427.37658
204.47022 431.39223
211.87088 431.82791
236.54349 439.25636
189.62901 383.20955
191.43357 371.58745
293.67342 277.00311
218.80297 333.74667
218.63583 375.36756
219.64148 367.94999
277.30122 361.15651
191.50881 355.12154
266.46555 263.61520
282.95563 268.42863
309.92489 225.45748
211.89463 272.92264
229.51029 284.54979
245.53837 426.91831
301.13640 410.25819
209.78623 382.35236
200.25753 386.22935
225.93773 432.56601
223.35280 432.73589
289.99220 260.04865
219.24649 379.38083
243.27284 263.96220
245.76445 253.85155
260.42714 198.79579
299.53738 241.39261
250.96854 225.97678
301.01595 270.48255
311.10632 257.66208
195.81934 426.11802
206.41011 427.85365
214.07450 429.61618
207.08525 384.19838
224.58384 432.67319
219.94601 435.76001
221.97304 432.81044
203.41364 380.68838
210.20296 433.40273
202.89328 433.75266
194.11194 434.33415
197.94211 466.57466
196.56842 454.37752
196.07294 447.35404
195.20508 440.34884
194.05135 434.66972
210.12103 433.46099
212.40847 436.02838
214.69151 439.28475
216.58551 442.97893
232.22803 408.83342
318.42122 349.82918
215.64566 433.15232
217.77958 434.39562
196.28460 391.12093
215.57162 385.71276
198.15285 388.82416
230.84439 340.17335
250.14553 348.18998
221.76619 372.39044
290.93720 209.34424
280.53378 230.30599
271.14012 253.58521
226.64864 449.63066
216.18840 256.33957
220.64942 225.33762
227.28184 193.47858
268.47079 311.86661
296.64156 322.43814
219.14515 307.05453
287.14320 292.04622
210.73792 326.53651
211.09337 372.80339
307.99279 327.33782
288.06536 331.58071
272.65704 336.43611
249.93605 334.83477
233.27626 329.83421
221.00716 324.34783
194.64564 311.87565
304.30962 353.09083
296.92635 289.61813
186.00043 388.39421
217.21665 346.89499
325.98421 295.12319
211.80834 318.16081
223.04896 371.70976
279.12403 300.39105
212.01182 363.69384
311.63973 379.22911
219.29472 302.70549
202.01329 358.31219
273.17088 445.96957
272.36184 456.71149
315.54600 352.16572
288.09140 427.70662
316.79449 277.09295
225.84240 492.61883
185.00737 389.94676
227.55513 355.06322
308.62381 306.26921
257.98319 307.29133
248.00898 307.80003
222.02151 437.39508
300.51630 377.11046
204.75220 509.77688
239.34151 488.64193
254.50562 475.15758
238.02378 306.49378
228.43993 304.42142
222.21165 303.60690
305.62701 285.69070
231.45785 293.73160
242.33540 290.43767
252.89194 290.37432
262.68259 292.75043
268.35108 295.92894
325.63809 267.61608
264.67558 305.48563
220.60192 403.09283
209.56112 381.14884
198.23164 401.26721
257.34896 463.57462
242.17535 477.97133
205.57909 502.93943
287.35251 436.29398
223.20769 299.11920
201.81353 332.54921
223.26485 500.99936
309.57196 378.71534
202.87886 433.95415
205.01799 438.22414
206.71709 443.52912
207.98006 449.71157
214.02375 459.39398
217.70560 432.17295
219.83460 431.14652
221.74685 430.01954
241.04422 416.82430
284.99342 385.95879
202.62251 318.48818
211.32523 292.92304
218.55280 294.52767
215.66958 433.14292
284.62424 413.14789
200.67616 293.04310
219.49047 469.27273
193.22949 326.99037
209.53692 351.85506
200.96335 478.14526
246.29408 443.34289
233.00898 380.87841
234.11694 457.53888
260.31710 378.56439
244.17950 392.88649
269.42139 396.80880
204.28568 491.81339
216.55856 357.24823
254.98959 451.67263
239.79739 466.91751
256.00909 427.81213
296.17293 397.15506
269.68792 428.32602
301.54742 403.62538
253.21284 407.28132
209.40142 339.55054
207.09057 378.70659
214.83736 379.83576
201.74567 371.82911
221.50418 281.83270
242.09164 274.51564
259.97664 273.97967
274.13041 277.30737
283.30244 283.17356
287.31154 302.74202
319.71709 326.31526
277.04390 319.99154
264.84988 323.57905
249.00731 323.56042
234.14332 320.55796
222.71754 316.52866
214.86014 312.68910
322.75315 322.04965
214.70072 381.99071
201.00609 345.19960
198.28818 380.80110
192.39968 385.95918
198.61153 382.08849
211.79123 384.99442
189.85611 387.47220
188.93967 389.00511
215.25502 303.19781
208.96151 305.96544
205.02846 308.67181
271.46788 298.22352
280.29351 292.92768
125.02385 293.64837
136.21840 293.43243
124.66576 283.27498
113.56991 293.81200
125.24821 304.02623
248.58370 297.38915
260.69865 297.67628
248.83467 286.87353
236.57055 297.03004
248.41061 307.93393
