147.27075 334.72077
148.11945 300.42257
148.33139 308.25184
140.97622 266.57305
148.26330 290.54547
148.65503 276.89710
149.67744 242.74754
82.87250 236.39405
150.21137 217.44785
150.40849 204.06904
151.24912 152.26164
147.18057 336.94010
147.01973 338.70546
146.84486 339.87905
146.82678 340.00039
146.78152 342.77950
146.70055 346.11673
146.51876 349.73166
147.57116 365.88446
148.19658 304.92711
138.76356 303.69015
49.98905 194.52291
108.86404 245.40305
99.67683 246.06236
90.70587 245.46305
79.05143 239.65663
116.66771 243.29261
95.05937 219.31119
105.83341 220.78864
85.28886 220.47187
79.01722 223.76780
71.52992 245.61120
112.45428 379.73502
79.46920 233.71150
45.49741 237.27084
61.70522 238.77459
101.52746 286.15169
136.18200 332.47576
136.69818 337.33985
126.31410 333.12007
118.88855 333.27972
127.96766 336.25652
120.81773 335.28243
104.31650 345.73519
140.17873 299.95513
139.04228 290.42522
66.88488 216.13010
121.54020 262.24966
117.60572 294.15512
117.20306 288.48514
73.95258 283.09403
139.91191 277.68892
88.08008 207.15859
75.47275 209.89721
58.55615 178.27493
128.86299 216.91252
115.11480 224.92036
96.98021 336.35862
54.94835 327.50688
124.52161 299.95387
132.20701 303.27217
107.50225 332.65755
109.46897 333.24927
71.10683 204.02308
116.87627 297.67523
105.33514 208.64262
103.77468 201.14577
95.40813 156.96093
65.56223 190.11677
101.30521 177.73430
62.05598 211.78202
56.51521 202.86739
136.31693 335.28532
127.07273 334.73963
119.79543 334.23231
126.59128 301.61808
108.52758 332.94633
113.58284 335.92616
110.47594 333.57197
129.54031 298.21419
121.81011 336.25150
128.91986 337.46435
137.27691 338.76102
135.04388 364.99218
135.94247 348.50992
136.13445 344.80757
136.56252 341.66263
137.30358 338.95459
121.84507 336.27190
120.57140 337.28604
119.30877 338.84753
118.26439 340.87561
107.49824 321.71440
44.78296 278.20229
148.26604 306.51680
116.37806 335.09632
114.96437 335.39965
135.43974 307.20749
119.86810 303.09730
133.88363 305.30675
111.65588 267.18144
96.18181 273.01389
115.45349 292.20787
72.74940 165.34133
79.67359 181.19370
85.14850 199.93562
112.47516 353.08092
125.93891 204.51408
124.25211 177.44040
120.75594 153.00109
83.27379 243.39902
61.86842 251.83536
121.70442 241.03351
70.37984 227.62084
128.22881 256.52246
123.62600 291.86173
52.31042 257.23243
67.39740 258.69334
78.76699 262.77105
96.60719 261.91290
110.01320 258.46830
119.92836 254.46845
140.66265 244.87925
53.30806 277.67218
63.52232 226.27265
143.25382 304.50881
121.44504 272.45584
42.99911 234.38432
127.33961 249.82979
114.64210 292.04191
75.56345 233.97794
123.37778 284.91537
48.57084 302.15955
121.63965 237.64836
131.55412 280.38068
73.70779 353.85984
74.83617 364.18025
45.69723 278.51647
62.45023 339.69031
50.69332 218.42152
110.35755 389.84789
144.20654 306.07475
112.87611 278.92775
54.59346 240.15820
91.87025 239.78663
99.72370 240.59725
112.34939 336.76751
54.84071 297.32877
127.17344 404.13188
100.12762 388.87354
88.54030 378.61313
150.80062 177.93785
146.66313 406.41822
107.37779 240.12240
114.61012 238.90315
119.33092 238.27448
57.68274 224.12870
113.50519 231.74416
105.47933 229.35016
97.44987 228.58731
89.44576 229.41975
84.44446 231.09956
45.14562 212.13926
86.55727 238.18594
148.38169 315.17268
116.35734 317.01955
124.62885 298.75512
134.70777 315.25862
150.01098 229.73984
85.94530 367.72044
97.62119 378.84629
126.62590 397.57426
64.16164 348.40834
119.04419 235.20134
134.08407 260.77765
146.63406 399.91699
112.52237 397.85165
48.57759 300.22073
128.96204 337.56104
127.70794 339.51193
126.91480 342.07481
126.35467 345.39569
122.41281 360.01686
114.90984 334.25433
113.73579 333.56534
112.84120 332.96378
100.49274 328.26429
66.42694 303.59127
134.58280 250.09092
128.92336 231.60930
123.05248 232.25010
116.32890 335.08068
65.70356 326.53793
137.04242 231.90854
117.15883 369.33241
149.03909 265.35544
140.68994 256.30343
149.36988 254.51244
126.76174 275.86475
146.86380 389.65065
147.21376 376.92881
131.73763 375.63691
96.10754 349.58321
107.01198 299.32620
105.68075 360.66554
86.48243 296.85962
98.66277 308.64040
78.59933 311.81631
128.24884 387.66668
120.76812 280.46449
88.58831 356.98418
100.27628 368.94720
88.50694 337.14300
57.34588 314.00830
77.28258 338.08896
53.36631 320.58233
91.43228 320.34654
127.94368 266.47688
126.60965 296.56209
120.49249 297.68888
130.89031 290.89633
121.31366 222.96487
105.79765 216.37089
92.23680 214.68982
81.17843 216.23425
73.74836 220.41625
69.58751 236.29366
44.37446 257.67625
76.22074 249.75029
85.41177 252.96418
97.85053 253.29860
109.72068 251.44507
118.88929 248.62106
125.19779 245.86902
43.43937 255.91829
120.44242 299.69599
133.58682 270.35851
133.39536 298.07338
138.33166 302.51595
133.34243 299.19559
122.83098 302.38035
140.19762 303.67911
141.00139 305.26741
125.00873 238.27921
130.15651 241.05163
132.94521 242.92308
81.59958 232.50901
75.21114 228.04905
157.23152 266.64003
215.12781 238.64311
158.05950 303.73653
253.53029 195.99789
189.32235 247.60705
198.82518 248.15873
207.97525 247.52485
219.40933 241.82938
181.20449 245.65333
203.30051 223.47886
192.61453 224.28333
212.94708 224.79731
218.90974 227.70385
228.43706 247.46492
182.26896 379.89731
218.51005 236.16511
257.35548 238.88931
239.49686 240.78287
197.53412 286.62834
158.45049 333.17762
157.33148 338.11246
168.02496 334.62859
174.72358 335.59489
165.80366 337.81699
172.41045 337.52808
192.07557 345.73268
156.25110 300.00309
157.67755 290.50794
233.00096 220.81002
178.18891 262.48736
180.18505 294.51139
180.93778 288.82024
225.76315 283.99377
157.48706 277.75062
210.61906 213.95761
223.71694 215.72020
245.09714 179.45505
169.08788 222.50860
183.17550 227.81518
199.86459 336.48498
245.14875 328.39831
172.94569 300.22459
164.96852 303.44456
184.08994 336.57427
182.17941 336.87135
229.03696 209.26739
180.79204 298.05056
192.52664 215.45402
194.40622 207.73444
207.50827 157.53186
237.86882 190.95017
200.86452 178.15774
238.61612 215.58325
246.99903 204.14429
158.03501 336.04711
167.01410 336.35218
173.69236 336.55997
170.71306 301.87653
183.11313 336.72876
178.63277 338.89375
181.15682 337.03337
167.66573 298.40779
171.16453 338.31150
164.53319 338.87573
156.48250 339.45798
160.48301 365.10001
157.27048 349.14625
157.29612 345.40817
157.01059 342.28988
156.45235 339.57759
171.14032 338.31916
172.42492 339.38807
173.55749 340.94996
174.41574 342.95730
189.92082 321.94492
257.18999 279.54830
176.07158 337.78029
177.38657 338.24262
161.52574 307.35889
177.58941 303.52007
163.16585 305.50720
187.93081 267.54930
203.45443 273.61327
182.64032 292.56964
230.76650 166.22743
223.36984 181.81658
214.04239 206.07220
183.62474 353.08594
172.00756 210.59939
177.45031 177.67211
181.88530 153.29701
215.31818 245.49810
239.72116 253.68808
176.04251 243.66154
228.67143 231.05041
171.64272 256.69160
173.89000 292.15853
249.20980 258.57438
233.08038 260.64088
220.77993 264.75149
202.39334 263.95906
188.82265 260.48687
178.89902 256.59958
158.93743 244.94507
247.50646 278.94535
236.64533 229.32261
153.27541 304.50241
177.69338 272.69019
260.07276 235.95625
171.50344 252.16521
183.53479 292.42815
222.86161 236.52118
174.57269 285.20524
252.66420 303.27987
175.85535 240.37130
166.14526 280.55110
223.40189 354.32751
222.50867 364.57260
255.76738 279.86041
235.81770 340.38186
252.41037 219.92495
183.69764 390.04784
152.33064 306.08048
186.12058 279.27655
247.79852 241.97944
206.39928 242.09280
198.49525 242.87203
179.76780 339.80946
245.29329 298.43950
166.28322 404.25972
194.94215 388.88655
207.58060 378.76917
190.66618 242.48113
182.99915 241.41138
178.14485 240.99147
243.19250 226.30007
184.35482 233.62668
192.56784 231.30520
200.90114 230.95961
208.68536 232.00899
213.56008 233.67274
258.06146 213.71601
211.57173 240.37465
180.92016 317.26770
172.83943 299.02648
162.42782 315.41119
210.00114 368.05428
197.19085 379.03805
167.01810 397.73809
234.57109 348.92822
178.57858 237.51031
165.01150 260.89947
181.60680 397.88628
251.94654 301.36651
164.57347 338.92510
165.71354 340.85700
166.36779 343.36491
166.81514 346.62264
173.27196 359.97341
177.59147 337.15246
178.84895 336.59551
179.84796 336.07383
196.71283 328.45033
232.96548 304.50292
165.16645 250.23914
169.63119 234.39317
175.08459 234.89921
176.03788 337.77064
232.78810 327.22782
161.98791 235.22854
178.08872 369.40212
158.18315 256.33436
171.85392 276.14867
163.12408 375.70063
200.33867 349.85339
191.20027 299.75364
190.08115 360.76526
212.54305 297.54478
199.65065 309.13195
220.20607 312.53448
165.99380 387.83199
177.84553 280.71690
207.71335 357.28680
194.99925 369.10755
208.58602 337.60513
242.14193 314.89936
220.17580 338.62751
246.17574 321.49128
206.59452 320.83275
171.17328 266.69629
170.65710 296.77854
177.07477 298.03681
166.19447 291.04394
176.85814 226.61083
192.34892 221.11762
205.97185 219.91108
217.16142 221.26700
224.63647 224.88151
230.15070 238.83765
257.87916 259.19471
223.09724 251.69831
213.71858 254.86978
200.94818 255.33430
188.73596 253.45634
179.46807 250.78119
173.14304 248.09532
259.26973 257.35216
177.01967 300.04000
164.77655 270.51294
163.44034 298.18786
158.47726 302.60862
163.67895 299.39145
174.56394 302.69529
156.43741 303.71689
155.63358 305.28212
172.88366 240.95372
168.38167 243.43919
165.90700 245.46330
216.36171 235.02248
222.84010 231.43108
97.86495 234.26681
107.33717 234.37933
97.99999 225.78715
88.30101 234.04849
97.69003 242.62040
199.46233 235.67935
209.23250 235.44464
199.31093 227.36676
189.72753 235.82821
199.61694 243.94362
