180.66528 371.05315
180.29512 336.63087
179.97801 345.33436
170.95360 298.91031
180.16203 325.41863
179.94448 310.13323
179.53432 272.75523
103.96910 270.63491
179.48174 250.00033
179.38841 235.68416
179.06202 172.75864
180.72725 374.21676
180.73137 376.98345
180.71878 378.69126
180.74699 378.67665
180.95642 382.25463
181.07801 386.48407
181.16093 391.06955
180.59822 407.91410
180.35137 341.79465
169.81766 340.49203
60.43005 223.31762
134.78077 280.51450
123.68647 281.61894
113.07304 280.67324
99.60043 273.72015
144.24383 277.68482
117.05742 250.12444
130.00389 251.10060
105.69435 252.37103
98.68227 256.57066
90.19493 279.43979
141.27804 429.83550
100.13641 267.19198
55.21441 272.95462
77.02782 271.64801
125.99817 322.94391
166.74784 368.89916
168.24444 376.36318
153.96994 371.20648
144.91657 373.53434
157.45564 376.16839
148.62989 376.34612
130.68790 387.52108
171.44455 336.27505
170.02159 325.46765
82.74345 248.63518
148.68282 295.32480
146.00502 330.20702
145.50200 323.87049
92.56598 321.11807
170.46997 311.25686
108.86677 239.46157
93.39945 242.16775
71.64211 204.09211
157.27945 250.19213
141.32278 255.69831
121.25694 377.29913
67.22710 379.11954
153.94464 336.56080
162.53521 340.00520
132.29254 377.02516
134.86168 377.08474
87.01834 235.02781
145.19976 334.05340
130.00000 241.61481
127.82196 233.02877
116.51646 178.77507
80.65331 218.45498
124.24585 203.20543
75.64531 242.86330
68.70739 233.47581
167.27072 373.19622
155.69204 373.92103
146.69538 374.99123
156.22036 338.28319
133.59219 377.05683
139.70774 378.98931
136.27411 377.13691
159.71373 334.55081
150.25038 377.34722
159.04419 377.62547
169.25066 378.22050
166.55031 407.42931
167.79371 390.39145
167.96732 385.73544
168.47641 381.65648
169.30828 378.23084
150.31698 377.36437
148.60592 378.87637
146.81618 381.03438
145.41119 383.70631
133.56524 361.18306
54.73902 322.41228
180.18961 343.58949
143.61549 377.25929
141.69254 378.01396
166.16791 344.32245
148.76316 339.97389
164.45765 342.24526
137.33635 301.34094
119.14894 308.52297
143.39542 328.07347
89.59635 188.76792
98.44955 207.77633
104.84165 230.91525
140.21929 395.54096
153.47532 236.54515
150.06350 201.99078
145.30230 173.86769
104.39636 278.19446
78.33731 285.95701
150.37970 275.14263
88.22117 260.81613
156.21784 288.61932
153.01395 327.61340
65.43404 294.06437
86.36219 293.82307
100.58273 298.29101
121.26833 297.39156
136.57057 293.55187
147.79785 289.05187
169.67598 275.31457
66.97395 317.44040
79.06578 258.83743
174.84550 341.40612
149.11324 306.52573
51.70616 270.66101
156.22986 284.14008
142.37186 328.08992
95.43661 267.63790
152.63784 319.91210
59.10213 350.51140
150.49110 271.45361
161.44350 314.60799
92.01534 404.75168
93.70546 418.07307
56.40860 321.13001
77.27558 390.12681
61.62807 251.13462
139.24774 442.56075
175.83593 343.13550
139.29672 314.16839
67.12719 272.30265
114.22398 275.31345
123.56339 276.27080
138.00880 380.32376
68.50426 340.59238
159.41406 458.32583
126.50085 443.57077
111.53124 433.06393
179.14431 202.24241
181.74601 460.08135
132.95155 275.19989
142.02820 273.22345
147.85244 272.29689
70.61049 255.30074
139.59261 262.15930
129.62292 258.46416
119.77190 258.06289
110.48536 260.12965
105.15814 263.07510
54.35799 244.13212
108.07821 273.12290
179.99672 353.20760
144.69353 355.67814
154.12500 335.26130
165.17817 353.35681
179.48500 260.53231
108.21365 419.45258
123.35545 431.24044
158.61750 449.77272
79.45465 401.50741
147.06394 267.80031
163.04344 292.81985
181.58951 451.38230
141.88784 452.45283
60.00175 346.43301
159.10135 377.64121
157.50959 380.23464
156.40541 383.50855
155.72300 387.68347
152.03571 402.53754
141.36919 376.63252
139.38765 376.02413
137.80556 375.31467
124.83505 368.40948
82.63994 346.01848
163.19742 281.17805
157.33776 264.07530
150.95013 264.63586
143.52800 377.22565
81.46795 373.22812
166.48085 264.71755
146.30016 416.02465
179.76509 297.31180
170.19033 287.56353
179.62862 285.30974
155.66338 309.93042
181.29980 438.68215
180.90452 422.51384
163.30139 421.82627
120.65384 394.56929
133.40954 336.89270
132.79127 406.98037
107.41760 335.94964
122.65146 347.94513
97.40791 353.74566
159.89088 437.41748
149.09876 315.23347
111.62714 405.20986
126.60076 418.37703
110.68953 380.75377
71.25771 360.05859
96.61409 384.31608
65.90857 369.56179
113.08426 361.32207
156.37016 299.51306
156.41273 332.76050
149.31534 334.14510
161.08776 326.29732
148.55848 255.18854
130.20445 248.32590
114.07681 246.92588
101.10207 249.05579
92.30013 253.58517
87.46414 269.66336
54.26723 296.78664
96.53593 284.35982
107.66474 288.00877
122.22454 288.61455
135.93948 286.35590
146.54163 282.89231
153.71399 279.74472
52.63897 296.20700
149.25537 336.29754
163.02788 303.49035
163.97413 334.24250
169.35200 339.18113
163.90953 335.58152
152.00476 339.12584
171.45685 340.48604
172.33456 342.23801
153.96851 271.99878
159.10089 274.42519
162.36423 276.66689
102.34409 265.27154
94.62746 261.42587
188.56359 298.68104
252.24636 269.10879
190.60442 340.11692
299.64264 220.75976
224.89092 279.84254
234.72048 280.37365
244.44458 279.15680
256.95938 272.08482
216.74295 277.44081
240.34439 250.05338
228.80239 251.34998
250.86357 251.81710
257.34093 255.56313
267.00375 277.94521
220.50337 429.16203
255.91064 265.86204
304.69051 269.94177
280.61237 269.93106
233.46312 321.70895
194.31923 368.40359
193.05162 375.97813
206.97468 370.25685
215.67699 372.31386
203.54237 375.44142
212.01237 375.31004
229.25152 385.96683
189.13769 336.02602
190.12989 325.16001
274.31149 247.05369
210.69246 294.61399
213.74981 329.30026
214.09971 322.95440
266.68125 319.01876
189.40176 310.96287
248.25283 238.37061
263.42232 240.77031
287.57679 202.01643
202.18893 250.67603
218.90749 256.09903
238.22609 375.35980
294.46613 376.28255
206.04284 335.82608
197.51997 339.55009
227.68311 375.42552
225.06779 375.56373
270.50873 233.36818
214.46901 333.13284
227.92732 241.24679
229.90200 232.67659
241.51707 177.62952
278.32504 216.43978
233.89891 202.22390
282.21111 241.38697
290.78022 231.18191
193.92269 372.75375
205.30739 373.13046
213.95615 373.86554
203.64857 337.61938
226.35244 375.50380
220.70421 377.62505
223.62040 375.65080
200.67282 333.92337
210.31715 376.31130
201.89957 376.91109
192.07653 377.84157
194.51029 407.17362
194.43247 390.01226
193.97293 385.30253
193.19181 381.22460
192.07556 377.82184
210.26171 376.33154
212.30185 377.80208
214.24459 379.91245
215.77398 382.54830
225.86281 359.75398
306.62079 319.49432
216.58079 375.99989
218.66476 376.70835
193.91783 344.03669
211.06308 339.19391
195.65630 341.89404
221.94086 300.41796
240.12924 307.19254
216.13459 327.15899
268.94478 187.12611
260.06210 206.25031
252.57778 229.64784
220.09933 394.49236
205.40592 237.28653
208.06084 201.52365
212.78587 173.25366
252.42157 276.52179
278.48938 284.33124
211.38849 275.11302
268.47980 259.34324
203.18754 288.05779
206.97502 326.87420
293.76793 291.45182
270.32585 292.32173
256.27628 296.85047
236.45569 296.15357
222.17644 292.59100
211.70166 288.40666
189.46527 275.07919
292.41627 314.74967
278.30856 257.36577
185.76139 341.20843
210.34943 305.76401
309.40983 267.58891
203.79751 283.67515
217.13211 327.14225
261.08555 265.88940
207.14869 319.16586
302.46464 347.69115
211.56839 271.51508
198.32180 314.11097
268.61427 402.52969
268.08327 416.09868
303.57117 318.06266
282.96562 387.25744
298.17768 248.41833
223.13477 441.94000
184.57973 342.97312
220.06088 313.20717
291.06209 270.42213
243.00560 273.87107
234.80425 275.20173
222.50689 378.89217
291.14243 337.76824
203.75122 458.04401
236.07151 442.62184
250.72166 431.75207
226.73130 274.69411
219.08321 273.17565
214.07385 272.38856
287.63710 253.78962
220.63446 262.65839
229.16082 259.16924
237.79533 258.67383
245.98576 260.19718
250.76710 262.52011
306.28834 241.25011
248.44761 271.54997
215.00431 354.64356
205.94351 334.54624
194.88583 352.98309
252.96104 417.96724
238.44730 430.27149
204.14661 449.44757
282.23068 398.94694
214.43497 267.98973
196.34403 292.41472
220.99215 451.87160
299.97097 343.29782
201.93710 376.89918
203.82418 379.43902
205.18293 382.70103
206.19265 386.90703
208.66354 401.85705
218.86263 375.30267
220.81402 374.61784
222.44686 373.85337
234.51477 366.62242
276.85654 343.44729
196.04986 280.83266
204.04562 264.29839
210.49791 264.87301
216.62022 375.96812
278.34885 370.45667
193.92017 265.12027
214.81594 415.35388
189.09603 287.29845
203.87087 309.36703
198.21417 421.51973
239.39007 393.07232
226.10949 335.70451
227.86907 405.91287
252.02606 334.09451
236.85246 346.45133
262.15454 351.56322
202.24724 437.09948
210.43915 314.44532
248.99235 403.65814
234.61468 417.34095
248.89793 378.91161
288.55412 357.12695
263.27698 382.11137
294.21906 366.40220
246.36524 359.46536
203.02229 298.97677
203.86681 332.03834
210.59284 333.33127
199.08369 325.72827
211.60959 255.40483
228.02820 248.06110
242.93442 246.24838
255.30777 248.00915
263.94268 252.25510
269.56837 267.97267
305.54585 293.69844
260.47958 282.84264
249.81426 286.57776
236.05721 287.41213
223.39678 285.56488
213.86568 282.49345
207.26170 279.45955
308.65074 293.12816
210.49362 335.46417
196.51266 303.06684
196.49292 333.70531
191.18200 338.84527
196.58836 335.10230
207.79224 338.37139
189.11251 340.18709
188.03934 341.94795
208.04493 272.01224
202.25594 274.34441
198.06602 276.50975
253.52890 264.28715
261.47808 259.99714
122.62589 266.11358
134.03021 265.83957
122.57164 255.31484
110.95892 266.35195
122.60059 276.89406
234.38477 266.02410
245.33848 265.93455
234.35152 255.89153
223.64048 265.98061
234.46156 276.20437
