186.77400 380.36272
187.22627 351.23483
186.67244 358.95792
177.41308 311.34718
187.30283 339.83385
187.19331 323.62273
186.46942 283.08286
105.61823 276.21883
186.15533 252.09018
186.05703 236.16005
184.95039 175.79885
186.83557 385.01695
186.72897 389.81119
186.54043 392.95092
187.05181 392.66002
187.43845 398.89854
187.70017 406.05515
187.71997 413.21446
187.11498 424.67420
187.07115 356.06042
175.74607 354.05192
58.17623 224.08602
137.87489 286.70658
126.41426 287.66612
115.42038 286.59379
100.90166 279.40400
147.69060 284.01517
119.05199 252.23869
132.53639 253.60723
106.86752 254.55621
99.19786 259.33984
91.30807 285.12200
145.58580 439.85780
101.46871 272.66724
55.08976 274.03156
77.21107 275.40895
128.47128 332.53530
171.65372 377.31041
172.80025 388.75348
157.36160 379.83280
147.63195 381.86544
160.94543 387.60706
151.62330 386.64333
134.45802 396.98113
177.81774 350.59387
176.61222 339.55286
81.10366 246.73354
152.12770 305.04127
151.31134 342.19666
150.63911 335.50779
93.01313 328.84705
176.95114 324.50979
107.56292 234.69839
91.81511 238.69831
69.34749 205.12994
160.22033 246.33166
144.27974 259.20639
125.20742 385.35278
70.14303 377.15443
159.42571 348.75956
168.50711 352.66880
134.15710 383.76895
136.82026 384.50480
84.63108 230.42122
150.69833 345.57032
129.87014 236.04105
127.62693 226.59573
116.34723 180.65033
78.42958 218.72162
124.30832 204.73723
73.65368 240.33885
66.73069 233.77628
171.99321 383.49903
159.13354 383.89654
149.56136 384.25155
161.92848 350.44639
135.54733 384.15718
142.34832 388.81740
138.25998 384.86142
164.95378 347.59441
153.28733 388.48228
162.60276 390.18256
173.74462 391.91394
171.57659 423.45588
172.50934 411.57436
172.88751 404.43681
173.54927 397.36949
174.41896 391.63726
153.83968 388.28543
151.96062 390.64476
149.86303 393.88266
148.28849 397.55907
138.33437 371.36131
55.72021 320.32348
186.87780 357.58529
146.65966 386.77356
144.52402 387.67961
172.28635 357.10706
154.15685 351.16440
170.48637 354.97033
139.93860 310.60953
120.59929 317.41659
148.59789 339.29724
87.66914 190.16327
96.66048 208.32969
102.91622 225.31973
143.95250 407.46389
156.31034 230.72893
152.94698 204.86688
147.74255 176.38928
106.22230 283.96033
79.10478 291.82175
154.03097 281.46133
88.11317 263.15362
160.26600 298.59791
158.17155 340.27391
65.50966 298.00942
87.70656 300.66232
102.80893 305.84828
124.56472 305.14613
140.45410 301.16096
152.23882 296.43913
175.71632 285.48256
67.28447 321.76422
78.47244 259.83940
181.29222 355.52877
153.29958 316.91165
51.01732 269.82784
161.14587 291.05887
147.19621 338.70571
95.91604 272.41528
157.68850 332.02238
61.18459 348.15760
153.88111 277.55605
167.14252 327.31671
95.94877 408.79029
97.33150 419.76312
57.25704 322.05422
80.94465 392.33507
60.35112 252.09008
143.88452 450.88683
182.26411 357.03265
142.81227 324.00627
67.16671 276.21030
116.45876 280.89562
126.08495 282.00834
140.51166 390.18643
69.64201 344.34048
164.27646 465.95733
130.65738 448.18516
115.49493 436.40908
185.54742 205.57446
186.88175 468.25036
135.75796 281.10484
145.00467 279.26538
150.98564 278.39937
69.68275 256.01590
142.58178 268.49069
132.17167 264.89780
122.18372 264.49856
112.78068 266.36361
107.16180 268.99791
52.61537 244.42944
110.02506 278.66854
186.86184 367.00886
150.04808 367.05186
159.50267 347.70365
171.25181 366.55541
186.24677 266.92169
112.52737 424.72345
127.70235 437.80624
163.84834 459.83481
82.83922 401.17252
150.29962 273.98502
168.32229 304.06904
187.09793 462.23451
146.34935 458.76042
61.78209 346.98415
163.28638 389.96550
161.57331 394.26426
160.18577 399.55946
159.35184 405.89885
156.06893 416.85082
143.99805 385.53831
141.94612 384.27293
140.23220 383.00426
129.24867 377.30481
84.00188 352.12575
168.13678 291.30625
161.32040 267.88741
154.55448 269.57144
146.28074 386.82281
84.19695 377.80325
171.74488 267.64959
150.27044 427.86048
186.97336 309.93741
176.45727 299.19085
186.74465 297.14083
160.48166 321.35667
187.19543 451.56597
187.15704 437.40455
168.34724 435.76761
124.53233 402.88741
137.41861 346.89570
136.40615 416.74422
109.32245 344.88733
126.20884 357.45139
99.76686 361.41967
165.14547 449.32611
153.71065 326.21046
115.46987 412.37091
130.44103 426.75197
114.45776 388.23290
73.39853 363.26048
99.82843 390.75864
68.75303 370.33778
116.90696 369.60702
160.97198 310.30344
161.59963 345.76801
154.72007 346.37814
166.77705 339.72892
151.34081 256.04655
131.59540 247.56125
114.64750 246.29854
101.03160 249.03153
92.01841 254.37787
87.73609 273.87127
54.67044 297.87880
98.05288 290.59438
109.90507 294.57206
125.11570 295.32374
139.35415 293.10834
150.48221 289.65341
158.05282 286.34187
52.62636 294.51225
154.84195 348.18232
168.52359 315.46400
169.70583 348.05982
175.19424 352.91599
169.37109 349.02902
157.64604 350.85258
177.61541 354.48908
178.49746 355.95479
157.84872 277.96498
163.73636 280.30272
167.60103 282.54782
103.97291 270.97983
94.88865 264.74025
196.39785 311.27608
265.25713 277.18816
197.68692 354.06834
303.22210 224.52466
233.07405 286.92046
244.47328 287.99346
255.32102 287.11979
269.53424 279.98561
223.33141 284.09258
251.85003 253.22601
238.34325 254.45328
263.97745 255.34716
271.37548 259.95093
278.26070 285.37106
226.88039 439.01510
269.39382 273.62427
307.17031 274.53197
290.43893 274.74700
242.58180 332.59092
201.22795 376.46570
199.77249 388.06443
214.49897 377.97235
222.89505 379.53359
210.56404 386.16504
218.72757 384.68433
237.48083 396.66834
196.47310 350.54784
197.95436 339.47002
288.40257 245.20854
218.86055 305.03316
221.23989 342.25595
221.55122 335.52788
276.02235 328.95867
197.22738 324.38516
263.51453 234.84240
278.78988 237.80681
294.59051 205.61051
211.80378 246.96760
226.60322 259.69389
246.34279 385.11499
290.73087 375.92285
213.25225 348.90060
204.53552 352.84544
234.25657 381.27405
231.67856 382.06532
284.96912 228.47381
221.54264 345.68472
241.86243 236.78887
243.77691 226.87492
251.43324 181.09205
288.16167 218.60794
245.34212 204.72841
294.56888 237.94695
297.67664 233.81236
200.87839 382.78308
212.62746 382.34418
220.90881 382.11070
210.78251 350.59065
232.93237 381.67811
227.61613 386.93707
230.25858 382.48130
208.32672 347.62273
216.86372 386.64346
208.58787 388.86697
198.52920 391.29493
202.35376 423.34097
201.97605 411.43506
201.38084 404.15685
200.19443 397.02458
198.79436 391.21189
216.88278 386.83266
219.15088 389.39554
221.59746 392.75710
223.40116 396.61162
233.93877 371.36028
302.84044 320.15283
222.93064 384.95567
225.32634 385.83668
200.96416 357.32110
218.11737 351.39454
202.63408 355.18894
230.58233 310.70168
249.76503 317.53909
223.34995 339.40551
278.49977 190.63886
271.82500 208.25087
267.64059 224.53502
228.52399 407.09741
215.41582 231.17381
217.45561 204.90547
221.18988 176.63120
264.29170 284.65366
289.44570 291.85059
217.10497 281.46693
281.49572 262.80858
211.26270 298.52498
215.03862 340.23824
299.67386 298.16243
282.50028 301.13276
268.98618 306.44865
247.93340 305.75503
232.01044 301.66963
220.29157 297.00121
197.04753 285.40840
298.20020 321.82260
289.86982 258.92357
192.77963 355.48525
218.00098 316.93598
307.89999 270.24379
211.56643 291.70887
224.13599 338.88783
274.36777 272.89821
215.06849 331.98781
298.26292 347.33936
217.03985 277.49695
206.51437 327.18893
271.06546 407.64606
268.40059 418.04211
304.74737 321.84249
283.94350 391.41724
302.68823 252.45373
228.07687 449.81084
191.42179 357.03960
228.13032 324.11641
299.31509 274.92364
254.29243 281.60283
244.63808 282.42381
229.56129 388.36699
295.73881 344.13828
208.72692 465.27279
239.38249 446.46730
252.74358 434.58623
234.95718 281.27893
225.65227 279.24771
219.74283 278.31909
297.05522 254.20834
228.04174 269.15460
238.45243 266.15317
248.67818 266.02932
258.20081 267.88912
263.88246 270.39577
307.17214 244.89981
260.76006 279.59439
222.66800 367.06866
213.30610 347.81958
202.49601 366.71126
256.26070 423.42942
242.48006 436.51614
209.77680 459.21734
280.42375 399.66593
220.50563 274.15120
204.33204 303.96946
225.34614 457.42842
300.32697 346.44309
208.68841 389.01278
210.91480 393.48619
212.80553 398.95873
214.08006 405.52046
217.11910 416.45158
225.36171 383.24096
227.35292 381.85823
229.13477 380.48264
242.55605 377.30352
283.75616 352.02044
203.95673 291.26789
210.18255 267.98359
216.42662 269.72855
223.04863 384.70416
282.68064 377.25588
200.67634 268.01899
222.43682 427.25479
196.82323 299.08486
211.84600 321.39066
205.52057 435.43029
246.48836 402.21942
233.80979 346.97733
235.30988 416.03367
261.27161 344.89222
245.27711 357.44876
270.03343 361.25069
208.79341 448.88039
217.83224 326.25578
254.52234 411.33212
240.55460 425.72078
256.18917 387.77089
291.98160 362.80195
269.04192 390.00618
294.16284 369.52571
254.31417 369.56060
210.88527 310.30247
211.75731 345.74207
218.02072 346.47399
207.11027 339.62483
220.01485 256.28170
239.62362 248.19783
256.61363 246.84365
269.93169 249.11869
278.47059 254.16341
281.20195 273.67745
307.27914 298.06800
272.42765 291.21417
261.21370 295.13268
246.35332 295.76640
232.16493 293.39931
221.18667 289.88805
213.76976 286.55256
305.72115 294.71722
217.63574 348.28236
204.62661 315.36860
204.18104 347.94884
198.42083 352.88342
204.15414 349.02915
214.89889 351.00025
196.30258 354.42213
194.98943 355.94069
213.38358 277.96179
208.09515 280.51283
204.95449 283.16793
267.08429 272.21061
275.46377 265.19630
126.09302 272.53518
138.20819 272.57692
125.86071 262.02744
113.77546 272.41741
126.24094 283.01443
243.46128 272.98830
255.73873 272.89351
242.87088 262.77172
231.23247 272.97935
244.07560 283.14961
