180.82229 405.14477
178.38470 368.48440
177.68981 376.65778
169.07081 325.42729
178.37760 356.13586
178.18523 338.74066
177.41504 294.83211
102.58327 285.07851
176.97513 261.54003
176.81010 244.88763
175.67268 183.80523
180.80066 407.87451
180.50826 410.36111
180.17947 412.01717
180.35354 421.80245
180.57269 426.83989
180.57292 432.90184
180.39794 438.87514
178.01299 449.30904
178.26156 373.77142
167.66055 371.78268
56.98285 233.84599
132.69113 296.48177
121.88831 297.45129
111.50050 296.43465
97.93182 288.73039
141.91106 293.50944
116.27687 261.67373
128.85398 262.93470
104.95609 263.94829
97.75420 268.57542
88.57038 295.62033
139.65572 461.19313
98.72426 281.37538
53.05015 285.53021
75.91973 286.44103
123.27373 347.79318
167.56900 402.51526
168.19362 408.96518
155.07961 404.49209
146.37901 405.68840
157.79432 408.47904
149.78276 408.28489
127.66563 416.34053
169.55947 367.82464
168.22910 355.82905
81.87444 259.70353
145.86345 318.68447
144.56174 359.06554
143.93821 351.78791
90.16820 343.04399
168.61625 339.70175
107.40146 248.17548
92.35408 252.02624
67.65533 213.93631
154.66247 258.76150
139.75774 268.17103
119.21548 402.85766
69.07834 395.74348
152.22367 366.26437
160.58198 370.34871
134.47280 406.71959
137.14259 407.57910
86.23733 244.26627
143.79745 362.71542
127.84982 249.36593
125.75566 239.86995
112.23985 188.42484
76.23084 227.58629
119.36906 212.81996
75.11092 253.55652
65.15760 243.47558
167.71537 406.13335
156.35328 406.52441
147.95732 406.94509
154.38638 368.05774
135.85307 407.14774
141.21818 412.53196
138.43337 408.02147
157.68577 365.09510
151.36588 409.31073
159.23627 409.80345
168.85406 410.72919
162.62550 447.79093
166.09363 436.50164
166.80951 430.61144
167.85476 424.69183
168.93737 420.07719
151.59814 414.32378
149.54072 415.82232
147.15366 418.28569
145.22287 421.15518
131.47416 388.50956
53.88208 335.20227
178.03485 375.35577
145.66919 411.59707
143.50539 411.86222
163.92926 374.90728
146.84524 368.60143
162.32549 372.73772
134.37576 324.51663
116.16334 331.31101
141.86683 355.84856
85.17354 198.13093
93.42485 216.60586
103.45548 238.91343
136.46602 428.48392
151.04716 242.96616
145.95432 213.18489
141.42577 184.28166
102.86250 293.64140
76.78783 303.17199
147.93431 290.57493
87.00402 273.55725
153.40762 311.71490
151.12813 356.88348
63.52252 310.60624
84.35123 312.51657
98.47690 317.92838
119.26950 316.90475
134.48962 312.52648
145.68807 307.34130
167.44197 297.33770
65.55677 335.63479
78.09743 271.49625
172.83637 373.20275
146.75975 331.50507
49.06921 281.60964
154.03533 301.43875
140.53651 355.10750
93.73389 281.50139
150.71174 347.92842
59.53614 364.78514
148.03004 286.29413
159.46618 342.74517
95.15777 427.74691
96.36792 439.94791
55.58444 336.34450
80.59539 410.83592
58.68184 262.67686
138.59983 471.92263
173.72729 374.83403
136.74039 338.99815
66.77236 287.42571
112.82024 289.92676
121.86227 291.05757
139.20058 413.48339
68.25877 359.63182
157.65258 487.40563
126.80183 469.22515
113.14410 456.99260
176.15516 214.28959
178.68304 489.77823
130.95317 290.22242
139.58865 288.30385
145.22567 287.27015
70.00119 267.96999
138.25084 276.98711
128.81353 273.24977
119.42004 272.58740
110.19639 274.37662
104.54833 277.23214
51.24347 255.08824
106.80064 287.63624
177.86811 384.83714
142.67255 384.54592
152.45015 365.18683
162.76025 384.31669
177.14221 277.59794
110.36010 444.53636
124.12803 458.15505
156.93155 481.62191
82.16838 421.01690
144.96246 282.60246
160.76583 317.59406
178.69621 483.94732
141.03021 480.05147
60.50088 363.02789
159.43780 417.33451
157.46793 420.45158
155.59116 424.83326
154.26421 429.95188
147.69788 439.64864
143.22616 408.05456
141.28112 407.08484
139.71935 406.19450
122.90569 394.37690
81.96096 367.68392
160.59783 303.76860
155.20526 277.29954
148.99432 278.29298
145.00886 408.94902
83.09461 395.03093
164.06985 277.71172
143.38002 449.63335
177.92682 323.96000
168.16844 312.25625
177.67997 310.09734
153.50507 336.33214
178.59275 473.66586
178.31214 460.56138
160.21468 458.79241
119.78837 421.85478
131.33844 363.51133
130.65711 437.11775
105.59564 360.40211
120.95086 374.06245
97.04032 377.53480
157.68296 471.59562
147.12522 341.62000
112.42250 431.54202
126.03313 446.80570
110.43403 405.74994
72.44479 379.75979
97.78854 408.44781
68.07933 387.91070
112.38090 386.10645
154.01427 324.42397
154.49933 363.04462
147.84276 363.64477
159.10764 356.16251
146.52148 266.20720
128.51323 258.32688
112.71987 256.98699
99.85528 259.65416
91.14215 265.02737
86.02893 284.06695
52.71346 310.67888
94.66029 301.25149
105.73909 305.45257
120.23578 306.12633
133.81248 303.71066
144.30425 299.89920
151.45143 296.27262
50.62497 307.70385
147.78588 365.55125
160.94436 329.93510
161.96031 365.33997
167.18574 370.59062
161.77663 366.55308
150.18680 368.39872
169.40967 372.18315
170.22872 373.79563
151.69347 286.82842
156.89372 289.88118
160.10482 292.41764
101.30244 279.42823
93.30434 274.09277
186.69711 325.32011
247.35011 282.27451
188.31966 371.72481
288.19854 234.13225
218.80878 294.48057
229.31068 295.17744
239.36626 294.14522
252.01633 285.94439
209.80754 291.64787
234.61868 259.98709
222.35610 261.17989
245.55247 262.04220
252.25803 266.45056
261.69162 293.46074
215.93162 460.82865
251.05239 278.59132
293.30535 286.31308
273.67873 284.05523
230.92212 347.80998
193.54446 403.24557
191.88083 409.73392
204.26723 405.79256
211.06548 407.68461
200.75183 409.87097
207.20241 410.26906
227.23094 416.87894
187.03883 367.81969
188.30192 355.73880
267.31857 257.11390
208.22540 318.44378
210.57384 359.04996
210.94382 351.69624
262.58254 343.07161
187.56503 339.55575
243.24260 245.90389
257.43808 249.59961
278.75510 214.26130
197.85155 257.03144
211.71882 266.41651
235.44849 403.55276
277.24208 394.34111
203.10302 366.25156
195.04993 370.42383
220.00285 410.53112
217.39783 411.06265
263.05793 241.48626
211.14948 362.77329
223.71978 247.21169
225.51192 237.65738
237.02296 188.88102
272.21492 227.84249
231.14516 213.23004
273.47675 250.70377
282.36640 243.70397
193.03004 406.94902
202.69515 407.96566
209.38857 408.95166
200.86902 368.09321
218.67706 410.81146
214.61806 415.59547
216.20662 411.32226
198.20186 365.00137
205.09464 411.20633
198.79935 411.13210
190.60001 411.43614
193.25801 448.15605
193.92966 437.43440
193.44787 431.43529
192.34031 425.46991
190.80749 420.82423
205.20930 416.25523
207.64930 418.00457
210.19035 420.66684
212.08492 423.70171
223.54457 389.12226
290.20766 335.13641
209.78397 414.10884
212.31975 414.67127
191.78710 375.02869
208.21063 368.78573
193.34705 372.83306
219.45182 324.39001
237.57560 331.32205
212.91209 355.88319
262.74837 198.64257
256.04934 217.08338
246.77058 236.25968
218.67053 428.96221
201.05704 241.17086
205.43533 213.42014
209.04388 184.50944
247.51250 291.16697
273.54507 301.36987
203.94084 288.81813
262.56618 270.96437
200.93826 311.44373
204.49805 356.76169
285.61320 310.73209
266.63444 311.17108
253.64150 317.10836
233.61938 316.06191
218.66126 311.44186
207.73021 306.36657
187.32963 297.26544
284.37747 335.53997
271.25739 268.98075
183.58993 373.15917
207.55363 331.32183
294.82444 282.32186
199.63111 300.57644
213.96198 355.24307
255.95344 278.54239
204.56523 347.75281
285.36395 363.84806
203.71757 284.45592
196.32182 342.53912
256.95789 426.81807
254.55760 438.28497
291.52980 336.19303
269.52625 409.92466
288.21811 263.18737
216.97864 471.31103
182.30052 374.78375
217.37346 338.95856
282.98427 285.15208
237.61897 287.30507
228.97971 288.68610
216.52385 416.73101
281.81308 359.22055
199.21512 486.84121
227.68333 467.70878
239.93652 455.35579
220.22704 288.02998
211.72443 286.27797
206.27452 285.38206
278.75076 265.05045
213.32351 275.72449
222.64552 272.26087
231.88171 271.68209
240.55541 273.14928
245.77666 275.47833
293.21998 255.55617
243.31481 284.86762
212.65907 384.85530
203.00735 365.11364
193.13556 384.61049
243.14166 443.65619
230.22598 457.30777
199.81067 481.32418
266.48441 419.46088
206.72965 280.98306
194.26658 317.36386
214.73766 478.92655
286.84711 362.33266
198.94847 418.69246
201.33514 421.96518
203.34598 426.49588
204.75841 431.76012
207.76283 440.04602
212.43327 410.69244
214.52010 409.86962
216.16405 409.07262
231.85664 395.16985
269.80148 367.52125
193.92303 303.61288
197.10632 275.60856
202.71747 276.55642
210.33191 411.43852
268.46423 394.52709
189.13585 276.63827
212.04303 449.60354
187.12444 312.09609
201.49398 336.16760
195.89187 458.85517
234.74639 421.75629
223.05396 363.61606
224.29977 436.94871
248.20293 360.45940
233.62041 374.26594
256.35192 377.51420
198.87420 471.49571
207.43964 341.45842
241.77489 430.92211
228.68823 446.24134
243.69064 405.84850
277.85091 379.15880
255.34106 407.97802
280.19843 386.89354
242.10162 386.51973
200.59974 324.21498
201.38663 362.90094
207.45246 363.63042
196.96933 356.03318
205.19248 264.18953
222.65926 256.34069
238.07090 255.02229
250.45444 257.54819
258.61602 262.64422
263.61823 281.37162
293.87916 311.08189
256.03069 299.37115
245.71727 303.93410
231.69746 304.54697
218.37814 302.08071
208.15833 298.38573
201.25194 294.82670
293.11160 308.19572
207.31708 365.59405
194.50370 329.70185
194.29427 365.21985
188.98582 370.50153
194.33730 366.48517
204.94872 368.49065
186.89716 372.08041
185.72723 373.68980
200.33469 285.07593
195.86108 288.47747
193.38126 291.55926
248.77937 277.19883
256.35329 271.50790
121.24870 281.75077
133.71268 281.62837
121.02468 269.73137
108.58787 281.75322
121.36663 293.65463
229.37717 280.24560
241.06055 279.87842
228.49803 268.97840
217.58311 280.54269
230.20377 291.49077
