193.00639 428.39010
188.39104 389.69169
188.67743 398.04183
178.08312 344.03409
188.30109 376.95915
188.30859 358.49736
188.33434 312.04315
106.13915 303.97831
187.12550 285.07865
186.77405 269.29580
186.35519 197.65938
192.98727 430.89724
192.71365 432.83867
192.34703 434.08969
192.56419 433.97717
192.77172 437.78876
192.82671 442.19219
192.66776 446.83613
190.28075 469.78659
188.48380 395.17401
175.44955 392.66147
62.24482 250.06854
138.83189 313.18539
127.29790 314.75377
116.01311 314.52042
101.40604 307.78011
148.73040 310.05261
119.70343 284.65990
133.06469 285.47827
107.94691 286.51223
100.50414 290.31249
91.63044 314.63378
144.95510 490.32081
101.71944 300.98573
56.88549 304.56906
77.95355 306.40517
128.82706 367.39416
176.10197 425.20950
177.51103 431.19883
161.24926 425.30277
150.59029 425.63365
164.41710 429.55667
154.04995 428.36815
133.45345 441.80254
177.84514 388.87840
176.24777 376.53275
84.00816 282.18913
153.54149 336.09027
147.45707 378.57511
147.23689 370.73435
94.56511 363.07956
176.97401 359.40322
111.22868 272.26121
94.99461 275.39540
71.74055 230.00579
163.42616 283.13799
144.94572 289.34336
123.10364 429.46359
68.88811 419.99419
156.36767 386.17190
166.58787 390.66771
135.25235 426.49528
138.19806 427.06872
88.81697 267.72902
146.59315 382.32072
133.85559 274.22330
131.56678 264.82741
116.66296 203.89500
79.71863 247.33237
124.55378 232.91912
77.26914 276.15474
69.04175 262.55575
176.67160 428.69613
162.84583 427.60507
152.28035 427.01323
159.06361 388.10611
136.78345 426.80151
143.64029 430.11318
139.74209 427.34436
163.51199 385.31799
155.48092 429.51515
165.94683 431.01697
178.43268 432.83918
174.19442 468.52835
176.94117 445.70026
177.38102 440.82401
177.97308 436.50316
178.74298 432.78195
155.75060 429.66733
153.91852 431.30408
151.92885 433.58198
150.20594 436.28378
136.64372 412.55904
56.22500 356.46684
188.56230 396.80098
147.75427 428.58914
145.76792 429.24601
171.30307 395.78408
150.94065 388.91702
168.98718 393.29567
141.50734 342.42490
122.52818 350.23431
145.01358 374.99230
88.71603 214.13572
97.37051 236.88765
107.21535 263.00076
144.53596 452.23400
159.38193 268.28463
153.36966 231.75268
148.10372 198.79383
106.71627 312.22616
79.29331 322.06088
154.95833 307.22161
89.36085 294.36561
161.77380 328.99160
155.75987 376.84496
66.64879 330.18868
87.50845 330.88655
102.31768 336.10965
124.14174 334.64619
140.35372 329.75494
152.24179 324.58520
176.93024 314.81299
68.28072 356.11929
80.09034 292.67041
181.87392 394.52172
153.29012 349.50219
54.40281 300.14579
161.32605 319.03663
144.30491 374.15989
96.73668 301.35208
155.50461 367.21707
60.41376 387.52109
154.56614 303.17030
166.24449 362.32659
93.57371 454.43086
95.38931 467.93123
57.72961 357.48091
79.21172 435.66078
62.83408 281.13226
141.66659 504.55085
183.05071 396.10916
142.56907 357.66984
68.36913 307.30388
117.33805 307.79949
127.22008 308.19500
141.76100 431.19535
69.80868 381.39870
163.46987 523.73793
127.86770 502.60994
112.87331 487.97879
186.72009 231.62876
188.89721 526.62358
136.93446 306.77493
146.15616 304.66941
151.99437 303.78203
72.05521 289.14026
143.37525 296.90732
132.87529 294.90989
122.84220 294.91047
113.26601 296.39162
107.48188 298.35513
56.89557 271.87059
110.76931 306.04217
189.28070 406.95073
148.10343 407.16053
156.68770 385.04756
171.37436 406.28718
187.84121 297.08048
109.51315 473.53818
124.82472 489.30648
163.37008 514.59214
81.32819 446.80542
150.99638 300.47925
169.17406 335.47718
189.15242 517.63248
144.12363 515.30204
61.52642 385.32938
166.27047 431.05650
164.69405 433.95116
163.43846 437.55122
162.49564 442.03062
157.66285 461.75309
145.63918 427.55641
143.73825 426.68918
142.16635 425.79980
127.47157 420.05309
84.36407 389.49728
169.57592 321.16262
163.09925 296.70963
155.66672 297.13603
147.72526 428.46909
82.92778 418.75668
173.03473 298.05940
151.25422 475.35756
188.40849 342.52513
177.41896 329.96537
188.44551 327.63590
160.13575 354.95279
189.61058 503.26332
190.01656 485.40619
170.35338 483.70790
122.99681 448.15571
135.22866 383.71285
136.08015 463.43954
109.74060 381.17880
125.17949 395.98106
99.17147 400.11760
165.85528 500.66851
152.34736 360.05699
113.13258 458.81858
128.83387 475.53458
112.38917 431.71053
72.77493 402.76687
97.85139 433.61558
67.77111 411.28310
115.60095 410.40081
161.48661 342.31096
159.64325 383.18106
151.18521 383.44551
165.39048 376.51195
153.49554 288.26936
133.71174 281.77579
116.65238 280.37414
102.89051 282.34208
93.58052 286.84491
88.56057 304.04873
55.84128 330.76772
98.11392 319.95067
109.87461 323.74520
125.36162 323.70838
139.89619 320.66675
151.18761 316.80296
158.91432 313.44532
54.84078 327.81055
151.12273 385.43702
168.79401 348.62904
168.74491 385.95535
175.06628 391.56307
168.60850 387.12887
154.41948 388.54720
177.74506 393.33359
178.67300 394.84307
158.62862 304.01938
164.81610 307.67531
168.14410 310.72222
104.18970 299.85051
95.95396 294.89354
199.00744 343.94481
275.76720 304.27558
201.99767 392.92939
318.01730 248.90616
241.47223 314.00550
253.60125 314.95152
265.37253 314.49557
280.86302 308.21611
231.05856 311.60902
259.41073 285.18422
245.38210 286.51861
272.13473 286.60145
280.34014 290.24239
290.65047 314.69216
235.06354 490.41544
280.33018 301.54990
323.57500 303.73852
303.47117 306.51402
251.13470 367.05260
209.53085 425.41144
207.33673 431.35184
223.15184 425.49383
232.13534 425.95249
219.23613 429.79318
228.27444 428.67682
248.97154 442.59208
199.08972 389.01937
200.58106 376.62036
296.19650 281.41003
225.32702 335.61520
231.07104 379.36786
231.49619 371.35722
286.04067 362.17209
199.80246 359.32706
266.79675 272.23674
284.32394 274.72457
306.97913 228.68087
212.40681 284.82804
233.24004 290.85889
259.23849 430.45094
310.87927 419.26381
222.10345 387.03186
211.66838 391.37852
244.57392 427.01394
241.72377 427.45734
290.02734 266.58357
232.18718 383.31193
242.95527 275.00047
244.49210 264.97521
257.86429 202.92326
298.47834 245.03438
250.00666 230.94512
302.20774 275.20028
310.45813 260.85180
208.67987 428.88990
221.29824 427.87853
230.36242 427.34430
219.30994 388.97560
243.12750 427.25154
237.23242 430.25589
240.25069 427.66777
214.34000 385.67758
226.29462 429.71587
217.11073 431.21840
205.84231 432.96072
207.16530 468.73460
207.85899 445.57448
207.54250 440.77843
206.87268 436.51565
205.86760 432.84163
226.16553 429.70756
228.20761 431.36002
230.08318 433.48639
231.53475 436.05886
244.69958 413.35385
323.78935 356.16107
233.02260 428.69736
235.18633 429.41466
206.97396 396.37676
228.08424 389.90006
209.21482 393.98350
237.67851 341.84264
257.33420 349.45179
234.00198 375.78364
288.06902 212.82425
279.26154 234.40768
270.10603 262.26723
237.60126 452.62236
215.50238 269.32934
220.30661 230.76552
225.09230 198.26713
275.18332 312.39572
303.48456 321.92061
224.34248 309.31425
291.81673 294.25547
216.74200 328.54550
222.17131 377.23454
313.64027 329.08771
295.96693 330.41553
281.16297 335.47184
258.12018 334.87581
240.69437 330.74132
227.74641 326.05452
200.19843 314.57127
312.27305 355.09576
300.55476 292.43275
195.23169 394.63489
225.58714 349.38703
326.36713 299.48230
217.85929 320.62098
234.90984 374.90108
285.46790 301.84666
222.54702 367.51428
319.36781 386.97868
224.40714 305.31321
211.13680 362.35478
286.57294 454.29599
284.28080 467.26143
322.29521 356.61612
300.64150 435.18030
317.25787 279.90344
237.07266 504.86274
194.09867 396.23301
236.65427 357.58275
312.84548 307.70473
263.91695 307.63012
253.53876 308.11929
238.96185 431.34064
310.52496 380.48042
214.46829 523.94657
250.92493 502.29522
266.54543 487.58251
243.36050 307.21395
233.61151 305.90853
227.34473 305.69913
307.87897 288.87459
236.06192 298.57142
246.69485 296.04465
257.03848 295.50572
267.23986 296.69173
273.69753 298.68414
323.86774 270.88671
270.88675 306.05427
232.35552 407.90661
221.64832 385.79525
208.19413 406.81761
270.34533 473.71418
254.18913 489.46864
215.53419 514.87680
298.43336 445.89416
228.16195 302.45891
208.63009 335.23095
234.18784 515.23458
318.04385 384.37570
217.08121 431.12576
218.87450 433.94202
220.11378 437.38829
221.06947 441.67946
224.06428 461.96237
235.37459 427.84924
237.34034 427.06222
238.95590 426.24416
254.58727 420.98302
296.33360 388.79400
208.21232 320.81307
214.59464 298.63374
222.55217 299.11299
232.95897 428.65313
297.66432 418.29822
203.66347 299.88328
229.75508 475.35054
199.78930 329.81171
218.19506 354.98806
210.37182 483.74375
258.80545 448.49399
244.70381 384.16307
245.23390 463.50816
270.96251 380.79205
255.98425 396.23288
282.03135 399.93897
214.16388 500.84187
226.43813 360.24708
267.82282 458.92570
251.30133 475.55306
269.49206 432.16983
307.61084 401.98957
283.24465 433.53248
311.84538 410.42025
266.39231 410.85206
216.84477 342.13245
218.20113 383.55558
227.24722 384.28030
211.86098 376.70971
223.80221 289.90295
244.04452 282.71474
262.13511 280.55110
277.00316 282.00245
287.14640 286.47438
293.18213 304.28897
324.55119 329.95906
284.41939 319.93908
272.19744 323.59302
256.05612 324.01524
240.61346 321.71365
228.62807 318.47344
220.27571 315.29096
325.60496 327.35466
227.43033 386.37641
208.75597 348.45916
208.58025 386.15458
202.29744 391.79128
208.97633 387.41500
224.25757 389.47687
199.45427 393.49381
198.61737 395.02634
220.03825 306.20226
213.59608 309.60341
210.00498 312.38027
277.47786 300.27808
285.52878 294.99924
122.69875 300.28059
134.86937 299.99400
121.95546 289.76095
110.37472 300.49006
123.39180 310.74159
256.78660 300.72097
269.44617 300.32424
256.03815 290.51759
244.10769 301.10263
257.57063 310.91759
