182.26582 421.29282
198.16057 379.80602
198.08590 391.90525
188.85670 335.49227
198.57410 366.31523
199.41513 348.83777
200.90544 307.59140
108.29338 304.35820
199.51984 285.21112
199.14660 269.88494
200.62202 203.08870
182.66218 425.93359
183.69341 430.82208
185.26829 434.25033
185.21667 434.55436
185.01183 439.00016
185.30022 444.63569
186.44228 450.99478
194.26947 472.52865
198.16298 386.60793
184.57163 384.54657
64.85830 254.90466
144.06412 313.29227
132.11363 314.85602
120.14328 314.55823
103.58431 307.85765
153.82828 310.12242
124.34847 284.41589
138.29693 285.36044
111.54276 286.24730
103.30976 290.16379
94.74123 314.76236
142.00178 495.54863
103.42987 301.02091
59.95411 308.29564
80.52589 307.42622
134.63619 363.63210
167.26994 419.57045
170.97828 430.94645
153.63573 424.58762
145.00860 430.34888
160.35336 432.59099
151.99545 434.91099
134.99983 445.14115
186.76260 378.48540
185.57762 365.46236
86.88400 282.90625
162.09841 332.96010
155.39726 370.95080
155.36739 363.87189
98.14671 360.68601
187.32496 349.42517
116.65518 272.73322
98.92708 275.92132
76.12495 233.22351
171.52994 281.65937
150.29697 289.29076
124.81785 432.11044
66.72443 433.14994
164.68494 379.06083
175.52994 383.83042
137.55741 440.04558
140.69372 439.45354
92.37236 269.09756
154.70947 376.02861
140.49929 273.92161
138.20927 265.15175
127.20200 206.08977
85.24103 248.05573
135.06168 232.02234
79.59497 277.77005
72.99969 264.98268
168.58360 425.68170
156.77347 428.91593
148.19950 432.72784
167.74000 381.41747
139.15031 439.78435
144.00610 440.53848
142.50990 439.11249
171.71482 376.34262
155.25135 436.36795
163.37906 434.92824
173.51664 434.20707
177.14745 470.70213
171.14159 450.05667
170.75129 443.75945
171.58945 438.38095
173.35751 434.43122
154.97772 436.40734
152.46958 438.49998
149.80677 441.31759
147.87254 444.85746
140.72279 410.87926
58.29237 367.51656
198.18260 389.41562
148.69205 437.62103
146.44466 438.99791
180.00790 389.36515
159.24534 384.00120
177.85480 386.66226
148.74023 339.67362
127.96268 347.16278
153.05929 369.20429
96.17352 216.31938
105.29366 236.61114
112.33606 264.18316
145.82989 454.94947
167.60965 267.68203
165.56465 231.58605
160.82966 202.19282
109.76446 312.35854
82.71126 322.22545
160.05592 307.22344
91.90784 294.89225
171.36263 325.29668
163.93427 367.67556
69.59358 330.46036
91.23173 330.17886
107.06743 334.57354
130.42620 332.69984
147.35149 327.84013
159.80387 322.62623
188.47784 309.89711
70.47712 356.90235
82.64837 293.80392
190.92064 385.40730
161.68797 345.24936
57.13062 308.78397
169.25291 317.00827
152.43542 369.87435
98.37513 301.42118
164.20933 359.10198
60.72676 399.56409
159.15865 303.50371
175.64981 353.03502
87.20020 462.27995
87.41009 480.64738
59.40708 362.94473
74.82840 443.73055
66.53481 284.33333
136.50169 512.02169
192.38434 388.31748
150.02266 354.01316
70.86983 308.78455
120.91473 308.47975
131.61020 308.90371
141.83590 442.49510
70.77524 383.80049
160.66051 534.32166
119.78559 513.85986
103.82589 500.00872
200.26794 233.70946
190.29299 538.49084
141.49509 307.53765
150.49845 305.36738
156.31090 304.27365
74.10976 291.15198
148.27291 296.54406
137.75808 294.01783
127.30448 293.65384
116.82215 295.19705
110.28225 297.53682
59.32457 278.49425
113.53552 306.62336
197.29729 402.74553
153.97470 403.93811
164.77140 377.21468
178.54889 401.62583
200.51445 295.96969
102.22544 481.53038
117.96427 497.34084
161.09550 522.24174
76.20712 460.16549
155.64205 300.62064
179.38814 329.15437
190.76735 526.51463
138.08899 525.75400
61.65516 392.21153
163.13095 435.04598
160.63820 438.20187
158.75341 442.43645
158.03169 447.88505
159.52560 463.80527
145.66893 437.24142
142.39706 436.51491
139.66209 435.44535
130.19548 420.34827
85.93861 389.56458
180.25938 316.72780
169.63097 296.32001
161.08406 297.16326
149.12933 437.69699
81.15206 422.66660
181.66563 296.68680
150.62176 479.37839
200.05314 334.26874
188.57889 322.93471
200.58100 320.92048
169.11530 348.53772
191.80206 509.45900
193.04020 489.72970
171.36698 487.40873
121.32088 451.93437
141.72066 380.26068
134.53915 467.74001
113.40837 377.87302
129.14761 393.32049
100.73627 399.08342
165.02844 505.87226
160.76649 354.84782
108.44719 463.86675
124.57031 481.07784
111.58550 434.35075
71.83891 406.92057
95.06281 437.11808
65.69664 419.13014
117.37135 409.99921
170.86081 337.07167
167.74916 373.88499
159.07631 375.66664
174.05800 366.09289
159.78836 287.69006
139.54634 281.37375
121.52973 280.06003
106.54833 282.13928
96.42260 286.96873
90.93699 304.46429
58.18497 334.99551
101.65724 319.60489
114.49842 323.04009
130.75733 322.89525
145.91034 319.88890
157.43746 315.95339
165.45536 312.47763
57.62026 337.99587
159.27761 378.67138
178.74521 340.87631
177.12164 375.69149
183.90713 382.61004
177.05904 377.81599
162.90333 382.63965
186.54734 384.11502
187.81511 386.88537
164.04064 303.96263
171.63992 306.77373
176.28227 308.92933
106.44350 299.41348
98.23780 295.00767
210.94740 336.80799
282.06385 310.18235
212.46637 387.11686
336.92631 269.51875
248.60018 316.47198
259.94390 318.71004
271.43166 319.53298
287.62756 314.47513
239.15594 312.69547
268.86097 288.60274
255.65460 288.21499
280.77724 291.54192
288.28732 296.23632
298.41877 322.85341
243.23061 501.89530
287.22336 307.55136
340.43552 324.76013
314.27227 315.91689
262.66422 371.15757
199.27689 419.85414
199.08451 431.13925
218.90705 425.69335
232.94563 431.44212
214.59663 432.85035
227.72776 435.16977
255.79937 453.01191
209.71807 380.31250
211.43137 367.26628
307.14523 288.79110
237.93039 337.02107
242.58448 376.86610
243.02130 369.51071
299.04007 372.18805
211.32311 350.85734
277.57788 276.06948
294.76913 280.49886
325.76683 246.17059
224.95108 282.63073
243.91228 291.20969
266.87233 441.74805
328.36636 448.80726
232.95084 384.12712
221.96783 387.72930
250.16590 440.09810
246.77164 439.40925
302.73113 273.30662
243.33836 382.29069
254.61748 276.29140
257.31125 267.31414
273.76236 213.22133
315.59532 259.12013
264.43571 237.71256
316.32442 283.67148
327.99477 277.81563
199.27523 425.94454
216.47266 429.54344
230.18337 433.35606
229.83541 386.19459
248.33954 439.75583
240.82644 440.67366
244.87507 439.06221
225.60167 380.38222
226.00319 436.29662
213.25201 434.94871
199.27151 434.32899
211.72983 472.80114
203.60819 450.95082
201.86977 444.47792
200.47377 438.79191
199.49404 434.55842
226.21668 436.22536
228.51969 438.69233
231.34163 441.91355
234.04106 445.84661
252.89000 418.41470
340.32726 384.64410
236.06266 437.56516
238.04810 438.93514
216.94645 392.51595
238.40063 389.73536
219.44469 390.20915
250.55769 345.28058
270.21275 355.20818
245.25570 375.35552
305.77354 226.83043
295.24670 245.25705
282.83289 267.25227
243.97511 461.07206
229.43155 268.89256
234.03151 234.77071
239.86198 206.03582
281.32868 318.38354
311.83617 331.89196
233.00268 309.41650
300.94437 301.63587
229.21412 328.29299
233.58599 372.32381
329.88991 345.47157
301.04496 339.71141
284.11360 342.91667
261.20871 338.69972
245.38502 332.04137
233.88096 325.79004
213.02610 311.28313
327.64023 371.74761
311.83548 301.01901
205.37081 386.73802
237.46101 349.60052
343.39703 325.54503
225.00984 319.39947
246.06308 376.05017
293.08319 308.20101
234.03036 363.46982
336.67534 416.13351
233.90963 305.62326
222.68732 355.93753
303.10844 476.09859
301.96712 493.52101
339.27315 379.31163
317.98450 458.71304
334.40495 298.96294
246.45247 519.16877
204.13273 389.41897
248.49764 359.84793
326.17012 318.15611
269.77421 312.78147
259.98550 312.50699
243.70852 442.84606
325.97271 398.58240
220.39999 538.10802
264.04707 522.40049
282.44516 510.78225
250.80437 310.63303
242.14399 307.86820
236.53605 306.52197
322.18483 298.37998
245.27035 299.19854
255.60167 297.58371
265.53606 298.47254
275.02035 301.02561
280.85947 303.76024
342.03735 294.31289
276.74360 311.72833
240.89539 409.70747
232.79182 382.17179
216.23812 404.39747
285.41313 493.60180
266.84349 506.89232
221.09819 526.32730
316.32832 474.33618
237.53809 302.92426
220.73427 331.37646
243.90095 532.03166
335.57453 408.28741
213.52135 435.01791
215.71667 438.57259
217.87588 443.29332
220.03750 449.13286
229.60327 468.01958
238.50054 437.36051
241.07145 436.85969
243.58664 436.10395
262.24852 429.38025
309.44939 402.71167
220.84265 318.85739
225.75502 297.47624
233.11546 298.76168
235.91446 437.67375
312.49935 436.86136
214.36008 297.29680
236.58382 484.45137
212.16631 324.24560
229.74215 352.09137
215.14017 489.97657
268.88718 461.73787
255.49530 387.60139
253.91733 475.13692
282.30537 388.01995
266.10952 402.15555
293.67050 411.12162
219.29729 509.43042
238.01697 359.45281
280.82977 475.20940
262.01191 489.69236
280.10553 445.72031
323.59074 421.81044
296.72298 450.09774
329.78668 434.88608
276.19989 420.68938
228.79560 340.28646
229.59503 378.25656
238.54059 381.25325
223.23641 369.50826
235.30712 289.01760
254.72511 284.11765
271.74906 284.11105
285.86941 287.32764
295.75813 293.02446
302.41024 312.18821
341.35242 351.76745
290.41981 327.38887
277.50200 329.67933
261.46231 327.79436
247.08738 323.44177
236.24519 318.67244
228.73638 314.57864
341.95988 355.01687
238.40933 384.38525
220.64266 343.21343
219.72353 379.00888
212.92116 385.25423
220.03469 381.26194
234.72759 387.90659
209.95176 386.22240
208.94468 388.79893
229.48231 305.79674
223.13404 308.22161
218.54261 310.49578
284.36926 305.86337
293.31310 301.49975
129.05348 299.17566
142.40072 299.12339
128.49850 289.15658
115.50962 299.08467
129.52944 309.00934
263.73487 304.29936
276.33453 305.79720
264.49196 294.08446
251.35277 302.68772
263.11043 314.48112
