138.91408 322.92536
136.58343 295.56663
137.16079 302.04977
130.21130 262.54759
136.57748 285.80137
136.95720 272.55798
137.99947 239.39068
77.28358 233.18976
138.00862 216.26197
137.93704 203.35325
139.32853 147.10421
138.86767 325.60186
138.74247 328.02853
138.71381 329.59781
138.84330 329.59891
138.90286 334.47890
138.82670 339.91932
138.69578 345.08435
138.75197 353.94955
136.84052 299.98693
128.30437 298.15044
46.37887 187.61315
102.29470 242.52571
93.12913 243.01920
84.60934 241.73605
73.91461 235.53886
110.16217 240.28457
88.53547 215.22164
98.98106 216.65272
79.13277 216.60682
73.22207 220.01743
66.84811 240.08849
107.56682 368.05548
74.39149 230.25885
42.76379 230.32806
56.97861 232.71752
93.60188 278.91552
125.96400 319.57268
127.11270 326.43433
114.87405 320.01557
106.97682 320.35417
117.45807 324.66723
109.73714 323.26158
97.33712 330.11080
129.47030 294.99532
128.65777 285.48189
60.13272 210.48379
112.57258 257.03932
110.10152 287.20059
110.01746 281.62543
66.19992 274.98420
129.35134 273.17956
79.83012 201.20203
67.95796 204.21102
54.58800 171.86931
119.63181 211.15442
108.07786 221.07682
89.73504 319.96188
54.57810 319.09767
116.02876 293.06857
123.09274 296.62241
94.56313 320.21641
96.97978 321.00878
62.99752 198.06771
109.77851 289.75059
96.63342 202.59777
94.90702 195.32349
88.77133 151.22920
60.47335 185.35327
94.21883 173.77391
55.07592 205.93023
51.47252 197.51810
126.31980 323.47472
116.12025 322.48292
108.28173 321.80070
117.97854 294.42176
95.82318 320.64295
101.03019 324.32315
98.25093 321.36277
119.90739 292.75765
110.94243 324.46567
118.76984 326.27436
128.03458 328.27849
126.57288 352.83988
125.51728 343.51050
126.08010 338.24304
127.05657 332.88657
128.20910 328.28177
111.07358 324.33139
109.04752 326.16499
106.94924 328.59572
105.26295 331.21802
99.67978 309.52521
43.69941 270.44474
137.02878 301.24555
105.13661 322.91757
103.03021 323.56490
126.01561 300.32457
112.56783 294.27956
124.62338 298.56835
103.17979 261.25002
87.96092 266.14102
108.53894 284.57713
68.02411 159.39440
74.19179 177.10535
76.53245 194.07716
105.14445 339.16448
116.53727 199.03260
114.83456 173.13939
111.75834 147.33933
77.74289 239.35077
57.97116 245.07662
115.20203 238.03608
64.86714 223.03086
118.68962 251.92314
115.04674 286.02771
47.90997 249.86366
63.66465 251.77000
74.60469 255.88105
91.06307 255.91781
103.52671 253.25959
112.90589 249.68380
129.96835 241.28318
48.04055 269.51867
58.02993 220.75341
132.30981 299.40886
112.87614 266.77007
40.93726 226.82584
119.80702 245.44271
107.71291 284.07019
70.49735 230.05042
115.16553 279.05251
47.94579 294.26700
115.34978 234.96150
122.14917 275.40320
71.52629 343.77378
74.49740 354.68481
42.95176 270.99326
59.93428 330.49015
46.78410 212.34841
107.45507 377.40218
133.39562 300.69594
104.91082 272.25967
50.09162 233.23308
85.42645 237.33956
93.01143 238.58679
99.31992 325.18607
49.45332 288.84918
123.90532 389.78053
99.21515 377.23095
88.14671 368.12493
138.58403 173.98960
140.39849 391.51860
100.82579 238.13831
108.24094 236.66938
113.01352 235.76828
52.09582 218.04446
106.83869 228.39081
98.82205 225.68528
91.01563 224.95059
83.53698 225.88748
78.96340 227.61917
42.20063 204.86994
80.53548 235.30441
137.59572 307.96423
109.13272 306.60512
115.88456 292.37972
125.38831 307.27080
138.28889 226.88648
84.44426 356.87330
95.65118 367.30173
122.17532 384.13952
63.84450 339.49722
112.63375 232.29903
124.11320 256.57152
139.43044 385.84367
110.69026 384.84608
46.18558 292.34824
118.95089 326.23986
117.04007 329.64506
115.42153 333.72271
114.27661 338.44653
114.58228 347.10978
103.34321 322.11027
101.77354 321.18271
100.51509 320.27847
92.36810 313.63730
59.10064 294.84456
124.48720 246.07498
120.90348 227.64190
115.99677 228.90818
105.04689 323.07554
60.42535 317.06098
128.06050 227.43610
110.53851 357.40786
137.31831 261.51659
130.03392 252.62256
137.61391 251.06936
117.75481 270.51761
139.03596 377.06255
138.77023 365.05878
124.07075 363.79308
91.22174 336.37288
100.29050 290.68909
100.38377 348.17220
78.16872 288.59381
91.14964 298.97409
70.71965 302.27720
122.07410 375.48644
112.79620 274.30107
85.44991 345.40557
96.71971 357.32147
82.76702 323.73556
52.58614 305.17482
72.55162 327.11997
51.32712 312.20062
83.54441 308.25900
118.67915 261.57034
117.36943 290.96840
112.41042 290.94304
121.37229 285.68557
113.34288 218.38351
98.07721 211.50107
85.03867 210.11126
74.58958 212.00434
67.76547 216.11533
64.63071 231.34740
41.57126 250.44269
71.54002 244.29649
80.27730 247.64723
91.91834 248.72297
103.16462 247.35285
112.06836 244.64320
118.02878 241.96715
41.86852 248.21358
112.70053 292.19986
123.67060 265.83286
123.31475 292.98399
127.66637 297.28958
123.11557 294.00816
114.89207 294.33942
129.47408 298.52959
130.43938 299.79420
118.33503 235.25549
122.49507 237.24964
124.84912 238.83263
76.37029 229.00886
69.79251 224.16672
144.62107 262.73131
201.72086 235.01203
146.16099 298.67920
236.88374 191.37800
175.66094 243.97700
185.08366 244.50531
194.02619 243.52195
205.40128 237.46039
167.58931 241.91520
190.89291 216.54824
179.87500 217.67445
200.79892 218.19780
206.81256 221.87620
213.16609 242.48059
171.02643 369.11731
204.96869 232.14782
241.11451 234.94437
223.48454 235.08130
184.36566 280.87137
151.74290 319.35529
150.25872 326.14369
162.56535 319.36592
169.83235 319.28609
159.73363 323.99762
167.02454 322.27764
182.13944 332.30328
143.89466 295.23215
144.84652 285.62885
220.80457 212.14905
164.84788 257.79892
165.88231 288.30368
166.46355 282.57558
212.91055 278.50991
144.73059 273.30812
200.17888 202.86144
212.67594 205.78835
227.26418 174.88992
158.19903 212.07502
170.20966 222.01859
190.16976 322.69664
231.38577 323.11397
159.57736 294.06841
152.40334 297.41504
181.47591 318.48021
179.07792 319.33701
218.12035 198.97408
166.85105 290.94458
182.50531 204.18907
184.32824 196.39202
190.76062 152.83260
219.25721 187.91242
183.14080 174.81161
226.36868 207.06899
229.90514 200.91635
151.21619 323.24214
161.19990 321.83565
168.50690 320.76300
157.77623 295.44316
180.21546 318.92934
175.25811 322.88210
177.84768 319.73728
154.67934 293.46723
165.80987 323.46146
158.32331 325.57476
149.35984 327.97922
151.19427 353.53074
151.55167 343.46659
151.18993 338.13870
150.41110 332.68913
149.39189 328.00825
165.71294 323.32357
167.72641 325.22740
169.64684 327.67428
171.05882 330.41587
178.70816 311.75709
242.43516 275.26119
171.35430 321.61569
173.36961 322.20605
149.25868 300.97847
164.59943 295.57455
150.71471 299.31070
174.60282 262.43403
190.23957 268.29899
168.47131 285.68525
212.53346 161.77517
204.17264 178.91236
203.80368 194.99030
173.70904 340.90358
161.53298 199.44813
162.25779 173.78425
167.30927 148.26360
201.29330 241.31106
222.66766 248.12571
162.33561 239.89440
215.32788 225.01599
158.38609 252.44926
160.01801 286.83334
233.49561 254.08337
216.78277 254.94192
205.47143 258.78132
187.93198 258.16179
174.66313 255.06442
164.86104 251.36728
146.33563 241.49729
233.35759 273.97824
222.66595 222.85242
141.42096 299.61537
164.19854 267.56534
244.61560 231.61050
157.67266 247.04122
169.74446 285.28304
209.15391 231.91395
160.48522 279.79267
238.46120 298.72799
162.14547 236.80681
152.61643 275.78706
210.14783 346.56763
208.82363 356.96207
241.45589 275.68554
223.14706 334.37622
236.14732 216.29841
171.78563 378.10430
140.71618 300.89022
172.58351 273.49300
231.01785 235.69902
193.06718 238.99492
185.26631 240.07922
176.91384 323.76143
232.53579 293.39173
156.99197 389.88585
182.13933 377.83960
193.96291 369.36077
177.29905 239.54704
169.56559 238.21999
164.53683 237.54981
229.08940 219.68855
171.61088 229.69340
180.13810 226.83408
188.37476 226.34832
196.06290 227.54894
200.58389 229.46243
242.31271 209.11850
198.20878 237.08999
168.64274 308.08158
159.29011 293.36424
150.61761 307.93790
196.18226 358.64536
184.14742 368.53403
156.84686 384.46055
221.02555 342.64655
165.17060 234.01257
151.90833 256.91295
170.16949 385.03418
238.58502 297.03067
158.24635 325.57089
160.13017 329.09345
161.57716 333.25967
162.49732 338.10960
163.62244 348.31021
173.00328 320.70494
174.49147 319.71675
175.78706 318.81469
186.84148 316.39761
221.27137 299.04696
152.17406 246.47468
156.77018 228.58104
161.78767 230.21367
171.35270 321.77063
221.02155 321.03195
149.08049 228.29136
167.75994 358.65393
145.51108 252.77885
158.35902 271.18291
153.69006 364.50942
188.31479 338.35731
177.67579 292.28850
178.51876 349.69694
200.31071 291.61690
187.34158 301.31888
208.60036 305.75141
156.08222 376.10616
163.98259 275.07155
194.43703 347.19714
182.47132 358.67968
196.99044 326.43562
229.81530 309.56892
207.83429 330.02911
233.25150 316.67963
195.76272 311.21520
157.80644 262.13605
157.30571 291.75047
163.18723 292.01800
152.76795 286.16869
164.71227 219.38355
180.66521 212.90363
194.52287 211.79590
205.49111 213.83569
212.58027 218.02882
215.29893 233.46077
242.40929 255.14875
208.12920 246.79397
198.87711 249.93762
186.59165 250.57118
174.81934 248.91879
165.67792 246.19607
159.55739 243.43981
243.98698 253.02579
163.39585 293.29626
151.64712 266.20275
150.52016 293.46588
146.52119 297.83282
151.05798 294.71903
161.58746 295.48359
144.46635 298.88699
143.81318 300.14407
159.20605 236.99131
154.96259 238.51766
152.38784 240.20552
203.10571 230.90857
210.09770 226.08620
92.39917 231.47055
102.37704 231.48535
92.22831 222.08734
82.29729 231.35294
92.50560 240.71406
184.75797 232.97095
194.46049 232.96246
184.18336 224.79674
175.04811 232.90697
185.29721 241.08504
