136.84229 328.56549
143.25562 295.77136
141.77423 303.01274
136.44684 262.17759
143.75280 286.48613
144.13773 273.22123
144.76515 239.35054
81.68886 227.43091
145.16878 215.48012
145.70517 203.00624
147.74319 153.04808
136.65627 332.48754
136.41068 336.27563
136.27466 338.82448
135.98736 339.48122
135.82863 345.60309
135.59299 352.91027
135.34328 359.98595
136.21813 366.87915
142.81662 299.91949
133.56493 298.01843
47.68143 183.76868
106.24731 237.98699
97.18039 238.25549
88.66249 236.99828
78.25724 230.05378
114.16164 236.25265
92.90516 210.15802
103.44299 212.27467
83.40496 210.75121
77.52876 213.69589
70.38078 234.84822
102.79886 373.62093
78.86171 224.25403
42.95055 224.37145
60.51838 226.01412
97.42203 278.60469
126.55474 325.14483
127.35405 334.92116
116.34529 327.69638
109.29029 330.86914
119.40613 334.52018
112.88929 334.87243
97.32847 341.04072
135.67459 294.65816
134.74522 285.57744
63.62471 202.51121
116.49326 255.53874
113.12532 287.48378
112.53807 281.77557
71.78143 274.27212
135.56993 273.23231
83.29882 195.60617
71.37098 197.01556
56.47100 168.95375
123.75637 209.98987
112.57572 217.20879
91.69947 330.68464
49.43169 311.96484
119.83946 293.61029
127.02091 297.25587
99.88691 336.46953
102.09293 336.45594
66.58775 189.68405
112.32292 291.04606
100.33707 199.34335
98.75338 191.42244
93.97432 152.46209
62.71450 180.75809
98.62234 172.98839
58.64590 197.07324
53.72608 192.15237
126.75472 330.66018
117.86867 331.42635
111.01578 332.95875
121.75474 295.40752
101.03092 336.49128
104.84478 339.10071
103.29107 336.43753
125.15741 292.01294
114.19506 336.19349
120.61222 336.48182
127.99847 337.47432
124.06645 364.66813
123.90577 358.12023
124.80242 351.04190
126.12993 343.76943
127.60256 338.14985
113.92595 336.32372
111.66912 339.02810
109.22020 342.48641
107.14401 346.30521
102.88778 315.45450
40.68829 262.92702
142.39216 301.41720
109.05323 336.20424
106.98809 337.57648
129.79828 301.32212
115.04004 296.71945
128.48232 299.34413
107.09469 259.92789
92.58524 265.29602
110.69626 285.42011
71.14187 158.04079
76.97218 173.78243
80.13653 187.46717
104.08661 349.62969
120.90885 197.52951
121.14185 174.94050
118.79742 151.15101
81.87523 234.27723
60.71413 240.07898
119.37077 234.43662
68.85466 215.91798
123.08483 250.43035
119.31246 285.44084
50.06414 245.39748
66.37043 248.28339
77.48659 253.64122
94.58973 253.73057
107.29107 250.81833
116.71665 247.41667
135.88316 240.50082
51.34657 266.11844
61.63744 213.16314
138.16076 299.14747
116.41848 265.77675
39.82506 220.97899
123.80575 243.48232
109.82897 285.16694
74.82641 223.75559
118.81796 278.55048
43.57580 286.45227
119.66219 231.10390
127.11830 274.94347
68.15239 342.10088
67.67225 350.66249
42.77534 264.66213
58.45158 326.60996
48.24087 206.73730
100.01795 382.71201
138.66911 300.68933
108.07791 271.77477
53.35426 226.20042
89.51982 231.91680
96.96032 233.29445
102.86987 340.86131
52.97209 285.37216
114.86305 398.40390
89.66780 378.49011
79.50939 366.52941
146.70303 177.58167
133.96336 402.69719
104.68302 233.00014
112.21346 231.95775
117.19084 231.57550
55.64720 209.83255
111.06653 224.36392
102.84859 221.48612
94.88390 220.55780
87.43391 221.08946
83.10919 222.34653
42.63224 200.14428
84.78220 229.73243
141.14676 310.69489
111.44773 310.93121
120.20510 292.34575
128.47918 309.98228
144.85476 226.75351
78.30215 357.07842
88.57775 369.71999
115.15808 392.75047
57.97819 333.67928
116.97638 228.36464
129.27294 255.50932
134.45007 397.32250
100.96375 389.76723
45.46705 286.01029
120.21648 336.93018
117.95078 341.30394
115.91391 346.79715
114.35419 353.07158
112.63300 358.05399
107.39304 335.56405
105.46745 334.68549
103.86751 333.64567
96.05801 322.35523
64.77936 293.51818
129.62524 244.82366
125.28725 225.05361
120.40159 225.46920
109.17711 336.31426
62.94315 315.36998
132.43626 226.04412
107.65162 364.96617
144.37021 261.70201
136.05167 251.85461
144.58605 250.89822
121.88515 269.76086
135.27451 387.84093
135.87103 376.37764
121.07914 373.29707
89.01937 342.69002
102.35352 292.09669
97.17014 354.72707
83.66863 288.80993
94.62887 301.34606
76.08046 303.15945
117.45136 383.70136
115.86058 273.79222
81.41603 348.14885
91.77156 361.30946
83.23130 329.68403
55.12976 301.67881
72.76304 328.63836
49.92630 306.41582
87.71618 313.21426
122.99219 260.42066
122.36271 290.24732
116.06548 291.13052
126.64520 285.10900
117.67115 215.63159
102.31867 207.62867
89.02086 205.02253
78.43365 205.79456
71.67728 209.12689
68.42384 224.93903
41.62315 244.15817
74.99847 239.92275
83.70903 243.97445
95.60562 245.10851
107.02036 243.76208
116.00861 241.44201
122.11145 239.19507
39.70821 241.48160
115.82602 293.23056
128.97219 265.13418
129.08022 292.21958
133.45524 296.85946
128.90072 293.26384
118.01527 296.09039
135.26747 298.16449
135.67116 299.71208
122.62684 231.88732
126.78213 234.76370
129.08583 237.06690
80.70129 223.35976
74.11968 217.49017
151.89098 263.46969
203.83045 234.64397
151.42681 299.50744
235.53802 199.19220
176.51323 241.07007
185.79113 243.18678
194.75883 243.67035
206.31268 237.37370
169.11354 237.69531
196.40862 216.61521
185.35522 216.33892
205.39143 218.92839
210.10777 222.51609
212.52991 243.94722
168.40069 378.58062
207.18918 231.39564
236.92928 240.38108
222.47002 236.02000
185.38349 285.08634
147.36462 326.48257
145.52835 336.04589
156.81984 330.33252
162.84842 334.17810
153.06114 336.59293
158.91806 337.64498
176.95961 346.32478
150.67934 295.90384
152.41529 287.07238
224.70001 213.75634
169.39701 259.70277
171.25015 292.21102
171.94223 286.64481
209.30210 284.04337
152.31642 274.59122
208.38131 205.85378
219.11461 208.41937
229.77844 183.48770
167.22898 211.95621
175.07088 219.03190
183.57853 336.68376
221.77776 325.24995
164.24299 297.14630
157.08712 299.75985
170.25589 340.34085
168.08918 340.08896
224.43806 201.18841
171.15379 295.81076
191.69937 206.32145
194.73148 198.58349
198.55942 161.62347
224.35852 194.30803
192.61971 181.10937
229.73404 208.18666
231.04450 206.82761
146.61915 331.91121
154.95142 333.78427
160.99253 335.98711
161.99738 298.61182
169.14656 340.24867
165.59151 342.31749
166.91639 339.92996
160.36276 294.88617
157.38575 338.72554
151.61146 338.33003
144.61557 338.51678
148.47612 366.51576
146.86119 359.35587
146.36297 352.16405
145.55119 344.78279
144.48145 339.00923
157.32258 338.57253
159.44695 341.50234
161.56256 345.17102
163.29039 349.18944
176.20956 320.47656
233.13534 278.61576
161.68484 338.99539
163.61895 340.58753
153.87053 303.33854
167.57986 300.92069
155.44254 301.61682
177.64700 265.31526
190.87048 272.51339
172.93798 290.50191
218.47534 170.71763
212.31030 185.34080
212.70786 197.73132
169.70383 354.15775
172.37728 200.05139
171.40459 179.34993
175.79323 156.19025
201.98246 241.77469
220.50140 251.28143
164.66368 235.00568
217.27371 225.30647
163.85727 253.70501
166.21584 289.29872
230.42080 259.70760
214.63608 259.37602
203.80779 263.62966
187.24545 260.75431
175.31023 255.18250
167.09435 250.16565
153.14880 241.98584
227.85458 279.39332
224.02435 223.54509
147.38882 299.89716
168.80014 269.91549
237.50870 237.21818
161.22261 245.31746
173.30654 290.22537
210.64209 231.36094
166.78432 282.50614
228.98228 301.08831
165.00534 231.46175
159.75811 277.61225
204.01505 352.25051
202.43153 360.91351
233.98140 279.65976
214.23508 337.97849
234.24232 222.02126
169.45486 388.31008
146.13037 301.34008
175.78207 276.99729
228.38913 237.19739
194.66099 238.40193
186.51989 238.26649
167.40442 344.24682
224.57424 297.75392
153.01548 401.62223
179.39760 385.62689
190.20294 375.20940
178.59280 236.22748
171.25336 233.47212
166.78232 232.17539
229.27444 220.23812
174.59652 225.72850
183.56886 224.33006
192.17739 225.15487
199.53880 227.17534
203.56232 229.20033
237.83291 216.02652
200.09876 236.83896
169.25785 315.14126
164.42444 295.85974
153.82406 312.03269
192.85431 366.01989
181.69558 377.12044
153.83202 395.92889
212.45426 345.35686
168.09359 229.07564
158.38625 257.86853
167.44270 395.16137
229.68346 299.98728
151.54325 338.50545
153.51988 343.11308
155.18883 348.78904
156.42719 355.23909
160.47611 361.42353
163.56075 338.74157
165.51117 338.11207
167.20959 337.28359
181.09756 327.82172
213.57052 303.71158
158.44994 247.24865
161.54161 225.05013
165.61943 225.82615
161.70326 339.29505
212.37038 325.76513
156.03415 226.09060
164.73200 369.08643
152.64824 253.24140
164.08890 273.18982
150.80717 375.46168
184.90101 349.66226
179.45013 297.93545
175.84976 360.46019
197.24506 296.69582
185.71846 307.75176
202.49584 311.67870
153.24493 386.49264
168.99590 278.03093
191.46111 356.40134
180.17311 368.04340
192.00527 337.34571
220.80593 313.42083
201.97388 337.80456
223.73299 319.30156
190.39051 320.09470
163.46394 263.70529
163.20393 293.54277
168.31131 295.32532
159.86294 287.85284
170.82449 217.20017
187.60307 212.95650
201.21868 213.27309
211.11771 215.56348
216.45260 219.22637
215.68493 233.56411
236.54556 259.95164
207.59007 248.90111
198.65898 252.02391
186.67747 250.91882
175.57402 247.17154
167.50256 243.19998
162.27890 240.07460
235.56629 257.57074
167.82385 297.40096
158.32811 267.49339
157.07338 294.50836
152.06917 298.39424
156.88313 295.60026
165.18827 299.83523
150.23314 299.37676
149.16231 300.80932
162.25538 232.04066
158.62623 234.91890
157.15424 237.93838
205.72124 230.51379
212.36866 226.10971
95.76550 225.43560
104.84209 226.04013
95.98711 217.15272
86.51930 224.73522
95.44403 233.70103
188.41034 229.71737
197.91145 230.78641
188.82198 220.63569
178.76005 228.47420
187.93999 238.72779
