157.79459 344.06552
159.69986 312.39767
158.70239 321.84879
151.29600 277.99731
159.76268 301.55098
159.54736 287.62339
158.90993 254.49530
91.34229 254.73570
158.64557 232.20067
158.63664 218.34126
158.19147 161.12777
157.90531 347.99949
157.91315 351.91749
157.86920 354.46054
157.91097 354.31448
158.05585 359.04036
158.12790 364.69495
158.17173 370.68280
157.83790 382.83063
159.48734 317.82901
149.76123 317.21197
50.36804 214.19641
116.93163 261.25492
107.35784 262.58708
98.24812 262.47849
86.72191 258.48498
125.30138 258.33373
103.10751 234.41996
113.97853 234.78959
93.18691 236.89617
86.67482 241.38168
77.64658 264.46204
122.69739 402.83422
88.03901 252.80016
47.99562 260.46313
66.45168 258.38797
109.28085 302.99834
144.42434 341.42320
145.93982 350.94880
132.05127 343.69828
123.86165 346.24268
135.79584 350.33526
127.91692 350.23400
111.87877 363.47540
151.58279 312.21697
150.56129 301.77480
72.48598 233.20740
129.74311 277.68262
127.68959 308.02140
127.15086 302.41293
79.47488 302.14002
150.89649 288.88037
95.26899 219.95737
81.85543 224.89581
60.25442 194.83613
138.32658 226.73305
123.59237 238.36226
103.54684 353.38075
59.69938 358.89803
134.66756 313.93660
142.74892 317.12416
113.78290 350.33455
116.11480 350.52407
76.42200 219.10450
126.78104 311.96115
113.78032 219.70593
112.12471 211.88995
101.30884 168.02689
68.67315 206.89190
108.43702 190.15032
66.55656 229.44576
58.12204 222.15269
144.97182 346.65834
133.91706 347.25321
125.82506 348.28376
136.82809 315.62153
114.96639 350.43350
120.12115 353.48452
117.41783 350.65874
140.10311 311.54080
129.60115 351.69997
137.48270 352.43131
146.97116 353.55842
144.95077 382.46390
145.20151 369.58646
145.61407 363.52523
146.28601 357.91815
147.16354 353.50737
129.79015 351.87243
128.07033 353.89541
126.15156 356.72570
124.63367 360.08269
115.19744 337.49021
47.72537 307.83510
159.15701 319.92815
123.87813 351.35158
122.07031 352.27263
145.91150 321.08397
129.88605 317.57297
144.43613 319.17985
119.04964 283.51755
102.83113 290.17861
125.09647 306.65125
76.64722 179.02978
84.86477 195.79152
91.86334 212.60005
120.80476 371.07721
135.32022 213.74679
131.91223 188.23203
127.51020 162.52882
90.85466 261.31990
66.94870 271.39441
130.93536 255.53824
76.89699 246.11783
136.89344 271.01441
134.30307 304.99191
56.84620 278.87471
73.50599 277.29381
85.83002 279.92287
104.32115 277.89679
118.13039 273.61466
128.57885 268.65717
149.75895 257.24387
58.10138 300.05141
68.83577 244.92416
154.54527 317.49443
130.28659 287.40658
43.94888 259.85355
136.52019 263.10088
123.96207 307.08683
83.18884 253.30955
133.91655 298.15482
52.29414 333.21780
131.20086 252.30430
142.42317 292.57435
80.81298 380.44580
82.50105 393.36618
49.90181 304.84430
68.23553 367.41362
52.54676 239.58635
121.34086 414.17752
155.20176 319.53200
121.16239 294.74723
57.87880 260.60172
99.83678 256.90224
107.56704 257.17177
118.43921 355.01924
59.49150 321.41797
139.15731 427.86162
110.68246 415.57068
97.83270 406.54340
158.36221 188.08536
158.26654 429.25690
115.55090 256.14167
123.29225 254.27279
128.51104 253.21692
61.60116 243.45774
121.87736 246.78676
113.38682 245.06874
105.51403 245.21960
97.80798 247.11097
92.98154 249.49950
45.49709 234.53162
94.78719 255.87095
158.34797 329.29024
125.66850 331.98148
134.81926 312.55445
144.74237 329.46118
158.66548 243.09902
94.57880 393.79593
107.58438 404.21258
138.32252 420.52084
70.34284 378.83178
128.23759 249.90943
143.67641 273.52589
158.33549 421.67537
124.02765 423.00551
53.31461 328.02216
137.74259 352.52073
136.10145 355.97614
134.78361 360.38028
133.89160 365.78891
131.64770 377.77020
121.67286 350.25969
119.65767 349.32634
117.98471 348.31337
106.92829 344.55128
71.22776 325.55046
143.56815 263.39146
138.14102 243.92650
132.20136 245.71411
123.77210 351.16374
70.75958 351.20481
146.53995 242.87066
126.80976 390.28921
159.34938 276.28492
150.50785 268.05625
159.13978 265.70431
136.59040 289.51506
158.30328 410.50916
158.06638 396.09083
142.08643 395.67028
104.16700 370.18706
115.84066 315.50112
114.85635 381.84238
92.76731 315.20089
105.99640 325.90773
83.90592 332.06523
139.25235 409.66130
130.23550 294.94939
96.89245 380.34854
109.92630 392.34303
95.29531 357.03707
62.03037 339.46163
83.73483 360.89244
58.48104 349.01697
97.19228 338.45870
137.25433 280.38957
137.22841 309.75648
130.61658 311.55725
142.07327 303.10706
130.30737 234.98487
114.02500 229.32403
100.11980 229.06677
88.67199 232.21882
80.70295 237.79533
75.78182 255.68185
47.71679 282.51359
82.90989 268.05856
92.56166 270.03881
105.41795 269.58659
117.69312 266.95180
127.43862 263.24140
134.20620 259.70430
45.30706 283.70114
130.46861 313.82730
143.75549 282.82419
144.55034 310.71628
149.41734 315.78427
144.21262 312.36059
132.94071 316.57593
151.39700 316.76972
152.03695 318.80220
134.56182 252.22969
139.49171 254.04076
142.44434 255.28519
90.22667 251.26805
82.64427 246.56982
167.28574 277.70274
224.27400 253.43594
168.25786 316.86313
260.60899 211.20718
198.26032 261.97847
207.87107 262.77283
216.95390 262.04178
228.34112 256.83703
189.94344 259.49122
213.11132 233.68608
201.86155 234.45031
223.17331 235.82738
229.29773 239.98224
236.65228 262.38830
193.34932 401.83129
227.55960 251.04407
262.76369 257.10373
247.10977 255.31634
206.72174 301.75140
171.02779 341.48539
169.86707 351.17366
183.79236 343.80430
192.23146 346.62377
180.07715 350.74107
188.09328 350.80770
201.70328 362.41074
167.67925 311.95510
168.74080 301.46349
243.59209 230.78491
186.68382 276.82260
189.54645 307.26476
189.86116 301.60756
235.49379 300.06087
168.03854 288.55088
221.52937 220.49128
234.87054 223.75351
252.31443 192.13948
178.57940 230.23778
191.99754 238.64267
209.79162 352.17067
250.30840 355.91756
182.45615 313.38991
174.54490 316.80349
202.64799 351.53788
200.26785 351.60985
240.15405 216.54341
189.87558 311.28266
203.01054 222.03363
204.75610 213.29348
213.88128 166.55770
245.71062 203.51544
207.65031 188.16129
248.92480 225.56252
254.87379 218.74768
170.74718 346.81650
182.02814 347.58016
190.27898 348.75787
180.10353 315.16201
201.43251 351.58339
196.26104 354.48146
198.91847 351.67004
177.97836 311.02852
186.21656 352.23703
178.24575 352.84974
168.79785 353.78559
170.81407 382.16405
171.07872 369.88309
170.51435 363.75729
169.70640 358.14113
168.66264 353.72984
186.10075 352.45172
188.06249 354.61703
190.17599 357.55476
191.83652 360.95861
199.73363 336.59207
260.64916 304.55195
192.11645 352.09438
194.16540 353.17591
171.40367 320.89574
186.36041 317.13211
172.90565 318.95039
196.88852 282.48520
212.94641 288.78307
191.49492 305.90382
237.40587 176.80672
230.56448 192.85118
224.87390 211.77740
193.66426 370.19028
181.79079 216.45210
184.52169 187.28066
188.39792 161.78914
224.22559 260.29235
246.54810 268.78295
184.45612 257.05551
238.34634 243.97243
179.98571 270.28919
183.75173 304.29742
255.83475 275.85336
240.82307 275.67553
229.40919 279.29272
211.39562 278.41200
197.61488 274.75317
187.31485 270.30029
167.91917 256.92412
254.93845 297.17702
245.84383 242.17257
164.34444 317.30556
186.33821 286.59030
264.62473 256.59444
179.75494 265.11257
192.13739 306.37799
231.95207 251.32506
183.80128 297.41057
256.57987 329.96526
184.12675 253.54409
175.98440 291.97617
232.57211 378.12020
230.58324 391.14408
260.89727 301.38757
244.09540 364.57103
259.04287 236.31417
194.72353 413.15818
163.03272 319.42402
194.91430 293.79705
254.58231 256.49962
215.71966 256.53625
207.86066 257.32836
198.08935 356.09542
253.39841 318.52080
177.45628 427.38184
204.85303 414.17546
216.72491 404.78981
199.76614 256.63532
191.86559 255.13594
186.67856 254.40775
252.03542 239.26471
193.47681 246.08838
201.98022 243.37377
210.28062 243.18042
218.18254 245.03272
222.90712 247.59499
264.01933 231.45208
220.83093 255.03429
190.07837 331.37680
182.56544 311.98014
172.05410 329.24734
219.65288 391.97173
207.50589 402.79901
178.35985 419.94483
241.34698 376.17581
187.11435 250.47334
174.09801 272.99256
192.26831 422.05066
257.44173 324.58692
178.14424 352.94797
179.92294 356.45250
181.44163 360.93093
182.60000 366.37393
183.56748 377.06172
194.61813 351.02148
196.69042 350.10835
198.42249 349.05038
207.05568 343.45359
242.84422 323.11590
173.72659 262.89801
178.13085 245.48385
183.46643 246.82072
192.29520 351.88157
242.51451 348.60813
170.39041 245.30689
188.79869 389.44489
167.64595 267.71082
180.84465 288.85935
174.12685 395.22669
209.94474 368.86021
199.86330 314.54563
199.96194 380.70684
222.76739 313.47621
209.39085 324.68899
230.86042 330.10717
177.40232 409.12250
186.54432 294.18342
217.50917 378.64214
205.18938 391.00852
218.58995 355.54194
250.68433 336.52384
230.15169 358.85529
252.72630 345.74102
217.34872 337.08375
179.90841 279.72959
180.94450 309.12127
186.70660 310.89443
176.70446 302.53234
185.80915 236.68940
202.07693 230.13784
216.40562 229.08225
227.85452 231.43762
235.32419 236.26756
238.57717 253.27170
262.99589 279.06033
231.62958 266.70673
222.30905 269.47628
209.75179 269.87311
197.57402 267.82544
188.03079 264.56253
181.57243 261.24278
262.99989 280.42864
186.36751 313.20748
174.34251 282.27686
174.26475 310.19737
169.00224 315.40173
174.18470 311.90328
183.69039 316.07646
167.29787 316.47193
166.02735 318.54217
181.07404 253.82257
176.66698 255.73969
174.14499 257.45372
225.55872 249.48895
232.82571 244.86175
106.11187 250.65886
115.86406 249.96083
105.57119 242.13545
96.25501 251.29647
106.58908 259.11007
207.17516 249.66089
217.36177 249.81313
207.07285 240.33388
197.04267 249.45972
207.29189 258.96150
