184.06145 435.00686
179.79830 390.98865
179.43055 399.52394
172.52312 346.51266
180.45966 378.89930
181.57929 361.08426
184.19569 314.76283
103.35520 298.88989
185.65190 276.05659
186.48302 258.00552
191.35723 195.17608
184.01064 437.70685
183.79647 439.89876
183.56581 441.38532
183.49594 441.53834
183.35049 446.15742
182.90011 451.56585
182.27789 456.92304
178.15545 471.56603
179.58613 396.20818
168.32468 394.09919
63.58389 239.20233
134.85112 314.68876
123.43409 314.40778
112.48330 312.75046
98.43321 303.00081
144.75655 313.32583
120.75251 275.03846
134.02577 278.39626
108.44759 276.01626
100.23995 280.50225
88.45036 311.09382
137.42175 482.25086
99.44985 294.34628
57.00211 293.21145
76.73979 300.79659
124.90048 367.53891
172.72402 432.55096
173.36569 438.72517
162.39436 434.15816
155.05955 435.31392
164.63156 438.10539
157.64946 437.75462
131.58263 444.92584
170.51703 390.04379
169.42904 378.24495
85.70847 269.83091
148.74379 337.74522
145.06777 380.87134
144.72823 373.39342
92.11367 361.50092
170.92307 361.53410
112.84888 259.91322
97.12309 262.09923
75.05911 220.05747
161.06964 277.44212
144.98331 285.92909
123.94707 434.08928
68.82306 403.20549
152.96643 388.48248
161.33418 392.85428
145.00002 437.39786
147.11798 437.73144
91.90968 253.74570
144.54123 385.10322
133.59473 264.01980
132.28547 254.01681
121.22876 197.17701
81.44240 234.91344
125.79941 223.46824
79.58136 263.37050
70.07075 249.87315
172.93803 436.14993
163.46535 436.25222
156.27377 436.55329
155.36974 390.57930
146.12063 437.60560
150.23587 440.07437
148.22274 437.85266
158.19712 387.09737
158.85401 438.79875
165.64722 439.47042
173.91941 440.45397
164.25379 469.05671
170.52887 455.55357
171.51335 450.08147
172.62211 444.81608
173.75708 440.49369
158.62650 438.46362
156.86079 440.32452
154.98431 442.90517
153.27147 445.80865
134.36034 415.60019
56.44490 341.08080
179.49938 397.81889
153.70068 438.01481
151.99648 438.95878
164.90490 397.75358
148.04444 391.92303
163.15745 395.38224
136.84554 343.67049
118.18348 350.44302
142.80459 377.79762
92.77348 205.51149
98.74792 225.37883
109.75382 250.03779
139.76647 453.50316
158.45032 260.70864
154.97807 225.67086
153.14375 194.24167
103.33117 308.86989
75.59876 319.25378
151.35327 311.38595
89.15228 285.84434
156.93976 330.77120
151.52224 378.64651
65.00410 322.87878
82.23273 329.23507
96.29883 335.82877
118.63387 335.97924
135.35059 332.62479
147.68984 328.33279
173.05693 316.80847
66.81445 349.77457
80.57362 283.66194
173.73488 395.57575
149.17408 351.45995
54.34325 287.10560
157.04985 322.94753
141.95286 377.11018
94.75851 294.63345
151.60475 369.29079
60.72024 370.83520
151.73499 306.95705
160.89547 364.15019
91.40940 444.16411
91.44974 453.32111
57.33015 345.54797
78.99033 423.86363
62.89084 269.55662
134.36589 494.06472
174.75352 397.05111
138.82834 359.16399
67.59459 302.25724
114.17193 305.06716
123.76854 307.12085
148.58557 441.35165
69.67318 373.67868
154.17012 514.00111
120.99524 489.27408
107.19738 474.01678
188.65151 228.00306
178.14663 518.71798
133.38313 307.52975
142.64935 307.22114
148.77840 307.39012
72.92376 280.11019
141.90960 294.97089
132.29136 288.90911
122.29449 286.52666
112.12641 287.27478
105.79560 290.00120
56.78004 260.34555
107.74573 302.10313
179.24824 408.59419
143.65448 409.91496
152.92288 387.11140
164.03029 408.43323
185.10905 294.93816
105.08944 463.14662
119.09735 478.30441
153.56049 506.01017
79.54033 431.02094
148.65847 302.50801
164.28761 337.63144
177.52917 511.00995
136.12542 503.41864
61.28500 372.44018
165.41302 439.26932
163.61618 442.46730
162.06780 446.59039
160.70589 451.41966
150.51585 462.26329
152.22891 437.63978
150.68980 436.93882
149.50762 436.16834
127.76528 424.06190
84.28580 384.78049
165.07605 322.97743
160.38763 298.05468
153.64157 298.51662
153.87492 438.36977
83.65054 411.16689
169.94540 298.99334
143.50462 471.22408
182.47908 345.55727
172.57685 332.60648
183.30534 330.96870
155.43549 356.94260
177.49335 498.68728
177.75908 484.02157
160.25477 480.51890
119.05266 446.83379
132.19660 385.51012
129.81366 460.02118
107.61080 380.12155
122.50712 396.84013
98.87101 397.77936
155.77160 494.05732
148.74939 362.39261
108.83063 452.87957
122.77405 468.01489
111.01250 431.77456
73.27795 393.69116
96.66613 428.90835
67.73764 398.03042
115.31256 411.84725
156.82806 344.31010
154.82289 384.87618
148.31721 385.58357
159.80347 378.14015
152.01399 284.61955
133.95808 273.40281
117.44482 269.66650
103.75140 270.94302
94.17052 276.20777
87.14739 297.80733
55.57074 319.23707
94.09659 317.28116
105.57341 322.78660
120.90935 324.29241
135.53021 323.01091
146.89631 320.43235
154.76303 317.54088
55.13323 313.53230
148.48481 387.97886
163.46718 350.59832
162.46451 387.44788
167.78716 392.86960
162.31539 388.65555
151.35830 391.27415
170.07918 394.47081
170.97428 396.07534
155.59880 308.01203
161.09145 311.46464
164.30861 314.14230
102.18705 292.30878
95.13039 286.40152
192.30744 347.42891
266.32285 306.33801
191.08652 395.14882
318.96292 251.15298
232.44696 318.93890
244.58617 319.94077
255.97235 319.16449
270.05007 310.92030
222.35728 315.71922
253.73412 278.88472
238.98051 280.11685
266.30362 281.97797
273.44130 287.93164
279.49248 319.59573
217.25584 486.58271
270.18248 302.08134
318.27490 305.14025
292.39123 309.57758
237.78666 373.36757
195.03245 432.21358
193.53876 438.47425
204.39200 432.93520
211.13806 433.80649
201.71729 437.25521
208.26102 436.52503
225.56780 450.98166
189.26308 390.88720
191.71235 379.24946
290.42101 278.91610
217.30219 340.92479
216.12952 384.63056
217.48083 377.09908
271.49958 370.73400
192.12817 362.44353
266.82593 263.92649
281.62051 269.21097
308.38332 230.95698
213.80843 274.33870
225.94660 286.40831
233.94648 440.95364
295.05759 414.75588
207.10379 391.39765
198.28040 394.79052
220.50471 435.54128
218.31602 435.91059
287.87493 261.71215
216.07596 388.93142
245.25244 264.19122
248.22676 254.46333
261.86594 203.49310
297.44563 245.13189
252.26870 229.13101
296.83577 273.29016
308.43127 261.41607
194.43701 435.84564
203.07032 435.31565
209.78697 435.19843
204.37689 393.21921
219.35366 435.74380
215.14704 438.79476
217.21510 436.08987
201.98290 389.23146
206.92572 437.58126
200.35544 438.73573
192.59629 440.25261
191.66617 470.86218
193.25100 455.75042
193.51759 450.16413
193.27000 444.78216
192.57180 440.38361
206.82948 437.53942
208.50592 439.64609
210.00086 442.36810
211.11506 445.53790
223.96849 420.73529
315.32736 353.57116
211.84920 436.75285
213.53434 437.69089
194.22839 399.42203
212.07888 395.42502
196.17308 397.25556
228.48536 347.98210
246.40074 356.83317
218.84337 381.74929
290.69430 214.66462
279.99098 233.79042
271.52384 254.49053
216.71408 458.37381
219.37575 257.66454
222.72726 228.64560
229.89321 197.63702
265.06995 316.32513
291.49561 328.39098
215.72680 312.50800
283.20116 294.31252
209.91663 333.14454
209.86090 381.54957
304.88612 334.39096
284.17014 338.34846
269.61359 343.70081
246.92133 341.71320
230.24981 336.31292
218.24072 330.45037
195.09121 317.71764
299.77404 361.49261
292.25115 292.63544
185.55222 396.04744
215.39618 354.64725
323.84245 299.23293
209.59975 323.81564
219.77641 381.12841
274.93567 302.73798
211.03312 372.19476
307.45119 383.13663
215.23196 307.69019
202.03612 366.06017
265.69056 453.40203
265.72970 462.60029
312.08182 357.97408
280.43833 434.67946
314.36446 281.29697
220.38168 498.38274
184.31969 397.50381
224.74532 363.40247
301.34383 311.45824
255.51161 311.87518
245.40213 313.15064
216.59632 440.16050
294.17101 385.35183
201.50912 516.17479
234.52990 494.72776
248.73854 481.17415
235.01238 312.27236
225.10226 310.19093
218.49146 309.07840
299.80368 289.76826
226.99397 296.36978
238.09519 291.47029
249.44006 290.60933
259.71812 293.06658
265.31451 296.86726
324.05028 272.45984
262.03394 309.26885
214.99243 413.80754
207.14304 390.08093
194.77175 410.09991
250.56662 470.60269
236.04762 484.34922
200.88942 508.27487
280.36475 441.60689
218.98665 303.26017
201.71603 339.34846
219.34336 507.19862
304.88486 384.63945
200.40224 438.78452
201.84386 442.21631
202.70594 446.56696
203.12766 451.71558
205.56902 465.70995
213.50539 435.98404
215.06819 435.20918
216.38037 434.40284
230.42101 430.28844
277.29132 395.10428
202.51013 324.66529
209.03704 297.07940
215.00056 298.35984
211.82024 436.80898
275.75472 421.56081
200.33987 297.01515
211.63393 475.22332
193.86692 333.53709
208.54037 359.62712
194.72821 482.56075
237.17383 453.50901
228.64134 390.49044
225.60385 465.47654
253.68719 387.97841
237.35339 403.14997
260.97044 406.70075
198.43449 496.36245
214.68241 365.62665
247.07446 460.09972
232.46035 473.87921
246.43027 439.48696
288.47048 405.07376
260.87935 437.82034
295.27605 409.84467
243.54624 419.26547
208.50306 346.75245
205.63849 387.41756
212.21838 388.99370
201.43256 380.08019
219.99110 283.65527
241.17262 274.69017
259.19512 273.88229
272.80215 277.60154
280.74755 284.34922
282.25279 306.12377
316.84325 331.52997
273.40754 325.47546
261.79259 329.67297
245.97342 329.76138
230.91963 326.73370
219.57236 322.51157
211.92542 318.41339
319.93956 325.86604
211.71072 391.36504
200.97296 352.39735
197.62757 389.01440
191.84275 393.93848
197.65875 390.38284
208.57344 394.35639
189.37128 395.29846
188.20341 396.82970
211.51171 308.13382
206.20795 311.26750
203.40037 313.78883
268.11785 299.66755
276.80231 294.46231
122.33288 296.13311
134.61657 297.11165
123.89969 283.89339
109.98087 295.10575
120.71125 308.32453
244.94677 302.52355
258.06548 302.37829
245.13010 290.49384
231.73468 302.56346
244.79399 314.56375
