192.44650 411.19241
188.39186 376.48290
188.58669 386.52196
176.54591 335.63085
187.78904 364.44488
186.98503 347.58418
185.26613 305.54757
105.60959 304.69353
184.54756 276.50561
183.82555 260.40831
179.40104 193.43674
192.55550 415.81217
192.47534 420.48710
192.31907 423.50091
192.19479 423.64971
192.29544 428.83908
192.27484 435.02233
192.18317 441.65736
191.93420 455.59154
188.66354 382.04353
176.98582 381.70503
57.31609 255.71223
139.43558 313.37400
128.08304 315.65268
116.81725 315.93895
101.37316 308.63609
148.74861 309.63612
117.44741 281.51203
131.13329 281.47164
105.92155 284.93069
99.05579 290.02231
91.98528 316.88758
152.25359 478.74014
100.90887 300.79336
55.51914 309.83487
77.35184 309.10240
130.05096 364.44144
177.27827 409.18313
179.25478 420.40190
162.96703 413.30111
153.89524 417.59366
167.85046 420.83088
159.10196 421.77240
139.66206 436.68879
178.74557 376.73916
176.60988 365.28309
82.02984 284.04376
152.11437 332.27466
151.12921 371.72737
150.29585 364.73904
95.80544 364.60652
176.43101 349.46702
108.64433 272.70989
92.69751 276.59001
66.77784 234.77207
159.89183 279.97847
143.37240 285.58530
129.95014 426.98469
75.14673 421.12713
159.96473 378.22309
169.40794 381.73490
143.45068 424.53684
146.30564 424.30658
85.44573 269.17620
150.97637 376.05482
130.69950 273.18995
127.60616 263.98423
111.20415 204.94960
76.20056 249.08995
120.59940 230.48090
73.95838 277.81718
65.49021 265.88761
178.04022 415.35193
165.41441 417.42568
156.42731 419.79625
162.69341 380.10929
144.89887 424.43133
150.36486 426.62742
147.92566 424.22160
165.48983 375.50977
161.18044 423.21185
169.87595 423.03730
180.45933 423.36763
177.41400 455.45449
177.86798 441.37820
178.53460 434.64749
179.43399 428.44512
180.43089 423.53867
161.21288 423.42470
159.17160 425.88635
156.90590 429.16687
155.05035 432.98364
141.72119 407.97125
59.03305 360.53841
188.67304 384.24464
154.82513 423.71170
152.67033 425.02289
173.50395 386.34861
155.26213 382.52417
171.54673 384.11412
140.63938 339.72642
122.20695 349.11262
148.70380 369.46868
83.61021 217.49185
93.53876 236.70217
103.63153 263.55351
149.91379 444.33540
154.62898 265.32489
148.95924 227.82230
142.11819 197.50087
107.16003 313.74145
79.98535 326.09286
154.60335 306.50396
88.52093 295.75282
159.83501 324.47375
158.01060 368.41532
66.18378 334.36807
89.25369 334.97311
104.98526 339.27458
127.05816 335.81795
142.68084 329.59646
153.69205 323.58134
174.37811 309.12242
69.50371 360.06652
78.70230 294.77989
182.65945 382.06809
153.33225 344.78920
53.05443 305.68577
161.92041 317.52845
147.86518 369.39704
96.21302 301.77486
157.28722 359.86960
65.00910 390.28231
153.86086 302.27008
166.58125 353.61815
100.72021 452.53537
102.99261 464.76585
59.47308 361.78316
85.66454 435.92169
59.94640 285.78209
150.67219 492.17189
183.79848 384.03852
143.57588 353.87078
67.38289 310.69332
117.49594 309.31686
127.38913 309.35117
148.33336 428.54580
73.18481 384.42373
173.13797 508.57993
137.50622 492.44973
121.63401 481.18490
181.55642 225.59316
197.41638 509.37674
136.87296 307.28625
145.82985 304.44241
151.49147 303.17725
69.47636 291.38769
141.92719 292.21373
131.22141 288.46207
120.80643 288.73642
111.22377 291.83122
105.91749 295.65765
53.21756 277.90418
110.56906 307.37769
189.08125 396.09018
152.10653 401.03412
159.78260 376.68535
173.27095 397.32086
184.87537 290.10355
117.45365 468.27109
133.51103 480.35906
171.42153 499.59539
88.31081 445.92657
150.02274 298.38523
167.56893 329.14243
196.06890 500.41846
154.15674 502.25129
64.95817 388.52532
169.92619 423.25041
168.03259 427.23748
166.39923 432.17769
165.16687 438.21082
162.24915 451.03702
152.27533 422.90002
149.73475 422.13643
147.59853 421.14853
133.80365 416.87439
88.08840 391.03551
167.19728 315.97030
161.12757 294.24601
154.15686 294.85955
154.87520 423.57961
88.86923 419.46830
171.09594 295.04720
156.89726 464.57904
186.34577 333.26221
175.31303 323.02603
185.77076 319.87224
160.20695 348.44961
194.79763 487.13599
193.31619 470.56419
174.96113 470.26048
129.02237 443.89033
138.66671 379.67152
142.02515 455.79007
112.18004 380.06152
128.65559 392.84716
103.39252 399.96321
172.23040 486.39596
153.70167 354.61644
119.94806 454.47975
136.05900 467.43939
118.34715 429.94063
77.66684 404.79914
104.02218 432.67407
72.75967 413.13580
120.64381 408.89194
160.59547 336.73391
161.85604 373.75992
154.79315 375.80505
166.75508 366.57158
151.08349 285.24979
131.35021 279.37375
114.30698 279.22006
100.99476 282.49128
92.30354 287.93987
88.22716 305.30044
55.93536 335.75721
99.29331 322.16855
111.65716 325.65856
127.21117 324.61907
141.24157 320.54960
151.66708 315.89282
158.72866 312.02520
55.78831 332.66605
155.24679 378.28148
167.89480 341.06300
170.29829 375.05565
176.40778 380.17672
170.21618 376.47942
158.57187 381.33784
178.85618 381.39977
179.90658 383.39965
157.85622 302.88095
163.84451 305.77097
167.67467 308.67252
103.09034 298.43673
95.18665 295.39858
196.36959 333.98425
267.26997 291.72723
200.28519 379.74870
309.16645 234.17868
233.01025 306.45072
245.07954 306.21682
256.80161 304.69832
271.67160 295.35143
223.07793 305.20729
252.03674 273.74160
237.72064 276.25041
264.48265 274.61137
271.96686 277.94236
281.52611 302.24137
236.69147 472.25655
271.45473 287.51540
316.20251 287.47536
294.85126 292.83325
246.07174 355.57882
207.16715 407.62885
205.34502 419.22709
221.44920 410.23045
230.29331 413.92440
216.48224 418.62392
224.99424 418.86944
243.00587 429.70869
198.10389 375.13917
198.99578 363.42235
288.40286 269.99461
221.19938 326.63243
225.30346 366.12412
225.53452 359.04528
280.80067 349.94335
197.67313 347.67967
261.69453 264.55689
277.76718 264.96138
297.08469 215.16811
209.78436 280.56298
225.55923 282.28889
251.96613 418.43485
309.85939 400.98970
217.09702 373.90134
207.91737 378.95456
240.43770 420.84073
237.61124 420.77475
283.65208 256.64100
225.84408 370.60731
239.24442 268.95196
241.52431 259.28934
248.34911 193.33565
289.25270 231.22988
242.49374 220.42899
294.34177 262.91303
301.72871 245.97060
206.63265 413.97754
219.04034 414.85517
227.74929 416.51647
214.46733 376.29644
239.00330 420.82663
233.56083 423.29573
235.99636 420.77356
211.29480 371.81093
222.62737 420.51088
214.20595 421.10843
203.97362 422.33225
206.50980 453.77171
206.26461 439.97442
205.65063 433.33457
204.79456 427.26609
203.65324 422.52772
222.38533 420.81682
224.62048 423.11403
226.97865 426.17915
228.85033 429.74304
237.99976 401.20394
319.21894 338.48585
228.79448 420.66918
231.15047 421.88113
204.11381 384.32140
222.39048 377.84860
205.97799 381.76583
233.31123 332.31988
252.78450 338.86202
227.52361 363.68828
277.76627 201.03131
270.39890 222.04833
265.57476 254.56652
233.34019 438.81818
213.64788 265.68210
214.00351 222.47808
216.77715 191.21832
266.42002 301.03048
294.50520 309.40711
216.85337 303.68818
283.01476 281.75910
212.81275 320.04543
218.17322 363.68869
307.50648 314.27777
286.76979 319.04762
271.88961 325.57549
249.17126 326.29187
232.30598 323.26688
220.34336 319.70815
196.54125 307.20079
307.05479 340.65764
292.16316 279.37079
194.70802 381.04363
220.95287 339.44839
319.45435 282.95788
211.52048 315.38894
228.40504 363.57466
276.04988 288.04148
218.19725 355.08962
316.47133 368.90999
216.71192 299.43309
208.09217 350.24938
285.95428 436.83324
286.49822 449.11420
317.70317 339.88294
299.23000 417.75154
309.21967 264.56281
240.74234 484.93611
193.56527 383.27219
231.43051 347.13965
304.46236 293.06850
255.83332 297.79100
245.36861 299.56248
235.69962 425.04857
305.98259 365.40089
221.44909 504.76454
255.45738 482.56634
269.92970 468.53110
235.20077 299.77488
225.39764 299.46747
219.36260 299.78431
299.54082 274.96089
227.23946 288.06276
237.74399 282.75295
249.00040 280.91497
259.44221 281.68011
265.64125 283.95592
316.04366 255.46105
262.70344 294.84291
226.93733 395.78308
217.04082 372.31835
205.38805 395.15216
271.02135 455.28461
256.60557 470.24052
220.50232 495.67636
299.28802 427.82813
220.05920 295.06432
205.10492 326.05121
239.87190 495.24345
314.92981 367.32194
213.90623 421.36302
215.88223 425.09379
217.55146 429.82405
218.86066 435.63578
221.37493 447.27403
231.76571 419.55936
234.31591 418.55646
236.53652 417.30379
246.95854 408.97022
291.34125 374.69365
204.45971 312.86774
209.21204 293.44450
215.76321 292.78993
228.99223 420.45337
293.65925 402.54283
200.14837 296.01959
229.54098 459.36451
196.55190 321.19323
214.27851 344.23510
211.67561 467.74684
255.27519 434.22337
238.49037 372.23038
243.56388 448.24407
265.58025 368.06410
249.88525 383.70140
276.57253 386.19305
217.14897 483.02397
221.37447 349.41285
266.34552 442.49897
251.73450 458.27596
264.48471 418.71166
303.66711 386.12507
279.61151 418.34647
309.83444 392.96155
259.86691 398.31574
212.90007 332.53093
214.75676 369.54075
222.00218 370.71700
209.14915 363.12302
218.44604 283.09664
238.13629 274.05661
255.75115 270.85737
269.75769 271.37747
278.76053 274.97795
284.06818 290.89292
318.42392 313.28655
275.17212 308.26478
263.27301 313.62818
247.25266 315.28798
232.11899 314.08359
220.94109 312.00157
213.38913 309.72920
319.64546 310.19127
221.74858 373.36727
205.69115 337.97792
206.42088 372.01126
200.84721 378.15730
206.70275 373.50906
218.88000 377.02820
198.49304 379.75910
197.45483 381.94150
213.07499 300.88866
207.64608 304.72375
204.75101 308.00410
268.98590 285.88682
276.34617 282.19323
125.69981 298.58646
138.18302 297.22977
124.58252 287.28317
113.01849 299.97795
126.75644 309.98225
245.30842 289.83804
258.49098 288.52888
244.53983 278.50137
232.06051 291.13432
246.19488 301.25714
