227.84879 485.59733
229.47087 441.40629
228.58212 451.68956
216.83980 389.35620
229.57581 426.60114
229.33675 405.53874
228.31536 352.69126
129.13142 344.54382
227.85519 316.86929
227.77200 297.96444
226.79719 223.26178
227.70253 491.75886
227.39400 497.91711
227.17484 501.86163
227.33804 501.79217
227.47170 508.50853
227.41906 516.26998
227.20494 524.47690
227.13124 543.53086
229.19049 447.75662
214.65020 445.32931
70.87418 282.96724
170.20461 355.58170
155.54599 357.50871
141.59009 357.06254
123.45063 348.95299
182.92197 351.79355
145.01765 317.11657
162.24919 318.29132
129.91351 319.84654
120.73512 325.28895
111.57052 356.77528
174.80571 559.12645
123.82033 340.71202
67.65919 345.47373
94.67778 345.50044
156.53899 418.53024
208.95676 481.20207
210.10850 496.32729
190.48280 484.18924
177.88983 487.13855
195.14237 494.76592
183.28028 493.67937
161.24171 508.00384
217.36165 440.58965
215.66129 426.31796
98.54771 312.39497
185.70580 381.74480
183.28389 431.08980
182.48875 422.33224
114.54495 414.05361
216.23933 406.73035
130.49596 298.94352
111.02017 303.31732
83.85602 259.12466
196.42972 311.95653
177.67457 323.97703
150.93190 492.13969
88.03563 477.08342
193.50564 439.46628
204.94172 444.13397
161.37452 491.14313
164.85827 491.93582
102.75697 293.71499
182.34313 436.06288
158.29451 300.69952
155.05475 289.52205
142.31570 228.87643
94.21058 276.28644
151.39447 258.78268
90.10604 304.92828
80.51057 295.02820
209.15681 489.44839
192.76315 489.72474
180.49210 490.38772
196.65414 441.74084
163.15253 491.53774
171.15041 496.84118
166.62387 492.38270
201.02395 437.21226
185.48316 496.10443
197.31400 498.19706
211.34023 500.39360
206.88241 542.12444
208.43217 522.32008
209.12213 514.08581
210.21882 506.53511
211.48934 500.30232
185.70329 496.12947
183.25047 498.69744
180.44135 502.39663
178.24706 506.88684
167.60720 471.17282
70.01090 404.86443
228.88173 449.81308
176.75395 494.48995
173.97618 495.48445
209.61652 449.81572
186.98777 443.56427
207.38057 447.05039
170.76594 389.37673
147.31345 398.63287
179.80534 427.74820
106.49054 240.45394
116.70377 263.37087
124.88990 287.83522
172.70217 521.32429
190.59083 293.78915
187.02874 258.62574
181.17955 223.82768
130.09925 354.26814
96.64634 365.67662
191.10810 348.29651
107.24974 330.17487
195.73655 373.09680
192.27483 427.74292
80.30778 374.93799
106.36288 376.81061
124.72853 383.15167
152.30971 381.22988
172.66200 375.30808
187.60861 368.98027
214.66256 355.80138
83.63543 405.28569
95.71233 327.26369
221.75092 447.05296
186.91464 397.42684
63.24012 341.04406
198.72678 362.03542
178.45168 427.13003
117.17973 340.58649
191.79898 417.07104
76.80205 439.92320
190.81170 343.31295
203.76550 410.54239
118.01749 517.60765
119.68518 531.78098
71.83389 406.09177
101.32388 496.17112
73.53373 317.84682
172.46545 572.56238
222.94637 449.10910
173.84990 407.15315
83.33863 346.64039
142.91331 349.24492
155.11952 349.84694
168.69307 498.70214
87.46852 434.11366
197.71821 592.09895
156.83419 569.02882
139.73552 553.49329
227.25713 259.60144
226.90385 594.92499
167.48532 348.08254
179.45493 345.40575
187.23204 344.23699
85.90731 322.89647
176.00459 334.96934
162.45993 332.10564
149.82377 332.18855
138.06554 334.37372
130.99601 337.13703
64.78329 308.74342
134.78726 347.09074
228.45166 462.89677
181.86230 464.62177
193.78934 437.82232
208.25272 462.72547
227.94091 333.69552
135.94884 538.72200
153.48285 555.69936
197.10812 584.32256
103.20958 507.96007
186.14102 339.86384
205.61703 379.96611
227.19498 587.07682
175.44984 582.81726
78.08173 437.84833
197.53510 498.13037
195.23553 502.76427
193.34336 508.62794
191.99834 516.00193
187.38591 533.45159
173.60167 492.66395
170.79753 490.95182
168.54167 489.24407
156.57922 480.41782
105.17253 444.12650
205.42615 363.46756
199.63223 333.67238
191.54538 334.86644
176.53405 494.33462
105.17201 477.60208
211.40637 334.36671
180.88767 545.31451
229.00544 387.47174
215.62672 373.37579
228.66109 370.67805
195.75177 403.01454
227.31881 573.96108
227.25278 557.50502
203.13081 555.62468
149.66847 513.23216
166.64161 438.12050
163.74825 531.06850
134.33797 434.89045
153.60696 452.16431
123.37487 456.73061
198.89890 571.49064
187.09546 409.79650
139.02049 523.73584
156.78876 542.17825
138.58945 493.82350
92.30370 458.48767
122.27601 495.25091
86.83068 467.67061
142.70091 469.01671
196.57964 388.46367
196.72063 434.82724
187.64386 436.39388
203.17475 426.61150
186.47319 321.14578
160.89707 312.11086
139.20646 310.74612
122.16740 313.87420
111.44858 320.02949
107.30759 342.93443
67.75864 375.46386
119.52805 363.45086
134.12385 368.06283
153.47003 368.07293
171.77131 364.46827
186.12122 359.72205
195.72602 355.47926
65.69648 372.42088
187.61880 439.14815
205.81582 394.96669
206.94810 437.40383
214.01551 443.77238
206.74668 438.87572
191.27942 442.77241
217.09054 445.73769
218.19329 447.80078
195.90798 344.02694
202.80808 348.06731
206.68912 351.50995
126.91155 339.12539
115.59140 331.56658
240.93396 389.26627
323.90305 345.32596
242.81628 445.38950
373.60921 283.68828
286.19717 356.84686
300.18655 358.47958
313.40333 357.67167
329.97952 349.46128
273.97260 352.73548
307.33247 318.16376
291.19767 319.42966
321.96740 320.44472
331.10997 325.57905
342.38034 357.19135
279.13605 557.99573
328.80399 341.62139
378.79155 345.94558
357.52522 345.83257
297.82872 418.55342
246.43582 481.85874
244.24336 496.91829
263.54646 485.47812
274.42944 488.96327
258.13386 495.97098
268.69332 495.41976
292.47815 507.87272
241.33656 440.60774
243.22141 426.24715
351.49693 310.85630
268.93582 381.72143
273.47546 430.99125
273.94902 422.13661
338.12646 414.17013
242.18903 406.60463
319.79291 297.77216
338.85636 301.59357
362.78527 259.99360
257.38999 312.42797
276.95126 325.00491
302.98566 492.24494
359.68449 476.44471
263.01556 439.50748
251.85986 444.27417
288.31811 493.91941
284.91624 494.53720
346.02643 291.27580
273.92178 435.99323
293.18539 300.47132
295.34421 288.79946
309.11351 229.70977
354.92627 276.55774
301.39882 259.30693
358.94841 303.30834
366.91373 295.25920
245.78831 490.11870
260.94189 491.04921
271.75130 492.19557
259.71120 441.80971
286.58570 494.23767
279.74408 499.02477
283.14034 494.87780
256.37650 437.27631
266.15800 497.72058
255.49233 499.28156
242.58935 500.92674
247.29367 542.07255
245.65007 522.98518
245.23019 514.62145
244.21441 507.04166
242.74773 500.80256
266.16578 497.72746
268.95882 500.35266
271.72784 504.03634
273.72300 508.51297
287.43279 471.30105
374.66927 405.13048
274.03783 496.56090
276.97186 497.62460
247.29665 449.98869
268.89703 443.65085
249.49208 447.24724
283.28374 389.36373
306.33191 398.72852
276.26828 427.62126
342.69711 241.39572
334.27472 263.83712
324.32053 285.84072
281.03635 520.96715
261.53321 293.80080
266.81992 258.98343
271.68435 224.29831
323.95970 354.83092
357.42348 366.07512
265.96127 348.99831
344.41407 329.96301
259.42281 373.01755
265.12322 427.70758
369.35498 375.22967
348.89775 377.06173
331.99815 383.27797
305.58072 381.78728
285.59224 376.03214
270.65255 369.64724
241.60252 355.78496
366.90388 405.53565
355.26421 326.92612
236.48164 447.07028
268.20409 397.34682
380.04159 341.64202
259.51619 362.51638
276.98434 427.05471
335.55440 341.03408
265.21123 416.95825
369.39870 439.76767
265.56119 343.95362
254.03584 410.39233
334.02627 516.34536
331.10196 530.03667
376.17291 406.19257
349.77345 495.30601
373.04913 318.26595
281.07011 571.05612
234.73538 449.13337
280.80369 407.12077
368.82455 347.24633
311.31020 350.07659
299.87424 350.97887
282.04938 500.92037
363.49698 434.18570
255.79640 591.19940
295.57011 566.80499
312.16302 551.27378
288.15526 349.38670
276.67317 346.53678
269.19984 345.08057
364.27918 322.41978
278.69626 336.30846
291.23177 334.15540
303.20241 334.44579
314.54865 336.35149
321.55267 338.65418
378.68821 309.38776
318.74543 347.79981
274.03680 464.72825
262.95846 437.86906
248.60413 462.90102
316.57769 537.12072
299.46786 553.90715
257.12792 583.55395
346.26000 506.76228
269.66172 340.61469
250.89913 379.87508
277.59431 581.02821
370.69909 437.73722
255.64374 499.15487
258.19989 503.80724
260.16164 509.69569
261.36830 517.13998
266.50315 533.08969
277.15268 494.81407
279.97697 493.21672
282.34807 491.57334
297.77516 480.59304
347.19476 444.14092
250.25243 363.48578
256.47652 333.97217
264.28735 335.52806
274.09528 496.39958
346.99002 477.18204
245.06608 334.52529
273.12115 544.50772
241.46657 373.30009
260.55795 402.95596
251.27003 555.20362
303.90839 512.69850
288.21111 438.00327
289.90804 530.21318
319.43574 434.88749
300.87926 452.11995
329.94736 456.60006
255.64534 570.94752
268.54558 409.66666
314.12797 522.62611
296.70193 540.84786
315.09293 493.67711
359.00689 458.32274
330.67326 494.65262
362.99687 467.25560
311.45531 469.04021
259.17550 388.40123
260.76669 434.84951
269.16344 436.35449
254.98193 426.58002
267.96593 321.56436
291.72879 312.47328
312.35104 310.68034
328.91179 313.35201
339.78368 319.41096
345.24365 343.29132
379.24496 375.77781
335.20650 363.92116
321.67226 368.53739
303.22438 368.86105
285.44770 365.46760
271.44917 360.51374
261.94028 355.99031
377.86801 372.89814
268.76679 439.12549
251.34007 394.81947
251.19244 437.41973
243.77393 443.84319
250.99812 439.00228
264.91162 442.77917
240.98203 445.76711
239.32286 447.79364
260.97028 344.58663
254.52382 348.44567
250.94617 351.82506
325.68581 340.31217
336.52325 331.78348
152.70556 339.97827
168.38368 339.44056
152.27687 327.03797
136.97211 340.38224
153.08110 352.83739
297.97120 341.68965
313.15041 341.76259
297.86637 329.29241
282.88960 341.51536
298.18887 354.03501
