171.87566 376.06193
182.52667 346.07524
179.10563 355.56486
172.48345 308.89558
183.01305 334.55022
182.45040 319.60641
180.23150 283.59125
104.35546 282.58755
179.67795 254.49681
179.88995 238.65638
180.95036 179.85703
171.82524 379.56363
171.73438 382.76471
171.64328 384.60307
171.81231 403.76615
171.77604 407.39717
171.67086 411.98413
171.56003 417.61227
176.10219 429.70802
181.62150 351.96563
169.71421 351.40494
59.29801 232.82466
131.39653 290.47266
121.89410 291.27984
112.26424 290.77914
98.68611 285.81997
139.54158 288.17654
120.76154 262.54556
131.02574 263.96109
110.33774 263.75226
102.61578 267.43324
89.27678 291.39075
133.73713 446.99842
100.42373 280.44270
53.67484 282.79921
77.31347 284.71965
120.26229 332.21689
155.43919 373.72519
155.98096 381.56531
139.72829 375.26467
128.90321 377.28972
142.74661 380.74494
132.54449 380.77835
117.62563 397.08288
173.75832 345.91386
172.75788 334.64066
89.09047 256.82363
145.18163 306.29755
144.28063 339.84033
143.38965 333.53023
85.77592 329.33555
172.79404 320.68266
117.57109 246.95380
101.80417 249.50236
72.12706 212.56969
158.71346 258.66834
139.42885 268.09486
107.79052 383.59448
57.69772 390.37933
151.63558 346.83291
160.58463 350.50771
115.95616 382.24090
118.61119 382.88425
96.22878 242.20999
142.18436 343.47625
136.36618 249.38517
135.78545 240.37015
118.43999 185.76075
80.31863 223.54945
124.33873 207.47116
81.83915 251.81570
67.78678 240.13519
155.46128 378.09438
141.23347 378.19628
130.71606 379.05225
153.46864 348.61547
117.30571 382.51719
123.84166 391.63647
119.83193 383.31864
159.56256 345.27818
134.16211 382.02880
144.29276 382.42083
156.87800 383.55135
158.81915 428.60808
155.72243 416.15274
156.11131 410.51662
156.77489 406.01798
157.73351 402.68558
135.40471 396.01422
133.82537 397.05977
131.87020 399.26107
130.57496 402.31119
123.14425 368.71749
47.25385 332.64619
180.54725 354.26536
127.95129 391.24521
125.83876 391.07777
164.14368 354.59166
143.83792 349.29743
162.54197 352.66627
133.05930 311.59158
113.98612 317.54776
140.22422 337.56024
90.96101 196.40186
98.26514 212.03572
114.66378 238.03788
128.16329 410.02925
157.73671 244.71417
150.65327 207.27608
147.50758 180.89144
103.66921 289.15102
77.18255 298.42775
144.91978 285.79918
90.93640 271.65398
153.58960 299.97650
152.86565 337.34156
63.12468 303.33426
84.80134 304.43736
98.22703 307.52688
117.75729 306.64445
132.22062 303.25174
143.07963 298.94068
169.74534 286.36566
61.46243 326.01140
82.29914 269.90967
176.10528 351.73022
145.59212 316.98797
47.69496 280.90168
151.54191 293.79412
137.85683 337.51016
95.25689 280.01334
151.96688 329.55075
50.40698 360.56522
144.26404 282.71610
162.47165 324.14651
83.98263 418.01936
83.73973 432.66834
50.67712 331.04614
69.22456 402.66305
60.19534 259.85361
132.77205 460.60057
176.21795 353.84307
134.77729 323.95088
66.57880 287.30287
114.54682 285.05413
122.84167 285.44159
122.27748 392.76306
60.45655 349.74747
153.76864 477.63360
118.33939 460.14706
102.44046 448.60427
180.02705 207.76850
176.19666 479.83729
130.33898 284.82560
137.48599 283.64488
142.09710 283.14071
73.29053 267.78150
136.10286 277.15434
128.22543 275.06575
120.91002 274.70173
113.01394 275.82639
107.24257 277.60308
51.63396 254.35731
108.67423 283.96294
178.02983 362.10078
136.76129 363.82919
152.45395 345.63757
161.25188 362.25933
179.63406 269.30868
100.59802 433.65589
115.96921 447.15678
153.02146 469.24644
69.46191 414.60746
141.70617 280.43929
162.52921 303.62439
176.22493 471.66346
135.03564 470.43651
52.29949 356.90465
145.67023 399.92205
143.99253 402.31222
142.73946 405.99860
142.02540 411.00219
141.66423 421.25488
124.22915 381.47190
122.48484 380.41870
121.01296 379.37257
112.40798 374.80550
73.89638 355.05161
161.84708 292.54818
153.67881 274.86205
146.73379 276.14304
125.99389 382.31326
72.22211 383.92716
164.23226 274.41807
136.97856 433.23676
181.64182 307.37985
171.12773 298.24725
180.91912 296.07067
153.94053 320.05380
176.31196 458.80102
176.08760 443.15497
156.17253 441.71571
110.26759 404.49395
127.36558 345.93639
122.42345 420.34838
100.02164 344.96114
114.65709 356.57274
88.73296 362.54894
153.77042 456.62438
146.08519 325.29898
103.03172 417.26227
118.17311 432.86133
100.22649 388.34720
62.30191 370.13318
87.16243 394.74453
57.94846 380.94276
103.09781 368.37238
154.26698 310.30110
156.41915 343.07707
147.60588 344.11953
162.77966 335.85307
147.57270 265.64097
133.31891 258.54951
119.92766 256.29088
107.42305 257.69360
97.27071 262.70655
87.73211 281.81990
51.17579 306.77996
95.11618 295.37563
105.74826 298.02066
119.23913 298.35417
131.81275 296.50435
141.53291 293.44419
148.37281 290.30008
47.03292 306.40235
146.68973 346.08374
163.25362 313.55882
165.56338 344.53106
170.02612 350.07454
164.52048 346.39679
148.28183 348.97106
172.50382 351.11237
172.51727 353.12480
148.40588 282.76863
154.01349 284.88335
158.16809 286.25218
103.57308 279.11546
96.74022 272.83587
189.77090 308.76690
245.72324 280.55001
190.42493 350.89408
281.00411 233.05187
218.76691 287.21500
228.22430 288.03750
237.38553 287.76455
249.90926 283.54516
210.93995 285.10177
233.42999 259.92393
222.79889 261.06543
243.30636 261.45968
249.60999 265.57778
257.51935 287.91744
212.91520 444.54085
249.33511 279.36896
282.04175 281.51419
266.75084 279.37682
229.25381 330.67207
188.20031 374.01249
187.51046 381.80471
203.62981 375.90628
213.86884 378.18997
200.37602 381.42968
210.14081 381.77156
223.76031 393.99909
190.72671 345.60506
192.11602 334.41761
262.55704 251.88397
208.17014 305.52996
211.90320 338.66765
212.01443 332.45018
258.52643 326.94056
191.22544 320.48819
241.94920 240.88320
254.32931 244.26002
273.17704 213.20322
200.84157 252.45190
213.46875 265.23020
232.09264 379.83348
267.74087 386.62999
204.40640 345.54861
196.28213 349.57797
226.46695 383.99668
223.84133 384.55228
258.81116 235.92014
211.87482 342.06912
224.68945 242.53739
226.04249 232.85070
237.76616 186.21718
267.08546 223.92085
231.31512 208.23723
267.23882 245.73490
275.50317 240.19415
188.12775 378.32085
202.11850 378.88765
212.13059 380.00008
202.07513 347.23943
225.17171 384.24503
219.07635 392.72482
222.66431 384.88258
200.46414 344.53950
208.28927 382.93472
198.61111 383.02671
186.49709 383.76017
191.36266 427.40624
187.71039 416.10066
187.39259 410.41382
186.92693 405.94846
185.95006 402.69968
207.62746 396.53480
209.46767 397.54797
211.49430 399.68960
212.80488 402.63395
222.95773 365.42287
278.39520 330.84124
214.67107 392.21924
217.03828 392.14720
192.71031 353.81571
208.84145 347.47555
194.46023 351.87995
218.26440 310.54385
234.86188 316.13149
213.36633 336.32273
259.66546 197.20163
252.94022 212.79819
244.83311 231.14005
215.98542 407.26823
203.56023 237.13247
207.90314 207.63319
212.62189 181.12911
245.21249 286.35685
267.48063 293.61896
206.13126 282.86294
258.47310 268.22297
201.58406 299.39715
206.62289 336.63095
276.96366 301.92359
262.46285 300.80241
251.65219 304.93773
233.47016 304.82186
219.56525 301.64795
209.52489 297.66545
189.48720 286.15639
277.68887 323.66809
265.16114 264.83669
186.59722 351.45786
208.37464 316.02508
282.73949 279.99866
202.20731 292.72553
214.12301 336.04425
253.58613 278.05144
206.61591 328.77905
274.29055 357.96114
206.30269 279.76698
199.05366 323.71103
252.02584 413.79096
248.84003 428.21141
282.57081 328.56874
264.23325 398.27423
279.16631 259.38381
213.97366 457.87888
184.75667 353.65098
216.82004 322.77948
273.53776 280.64567
236.01132 281.79570
227.84081 281.94723
220.59556 393.84298
276.80001 346.23090
196.46855 476.15450
223.87715 456.59521
235.25681 444.43689
220.08904 281.26610
212.75109 280.20027
208.36434 279.90358
270.68463 261.20200
214.80656 277.16174
223.02983 277.06016
230.79156 277.58358
238.49561 278.34241
243.66456 279.05379
283.91446 253.93332
241.55553 281.22767
213.05424 361.41256
204.74995 344.57194
193.37167 361.24816
238.24750 429.98991
226.49304 443.79001
196.95802 467.78125
259.04404 410.34327
209.09905 278.47804
196.12534 303.30639
211.69240 467.71224
279.48125 353.46803
197.84596 400.15514
199.67667 402.42461
200.91985 406.00562
201.71899 410.90215
205.69444 419.01161
218.29896 382.72435
220.06947 381.73873
221.51246 380.65842
229.99905 370.96661
266.41209 351.40333
195.40757 292.19464
199.96289 271.37860
205.05894 273.17496
216.43746 383.47597
264.57692 379.67796
192.58065 271.50837
209.33698 430.79573
189.63517 298.09816
203.26932 319.40685
193.67413 440.34611
230.14062 401.66926
222.04037 344.10858
220.44129 417.59791
245.88734 342.40604
231.73798 354.17137
253.46207 359.31890
196.15727 455.25066
208.69885 324.27596
236.84502 414.12344
224.82941 429.88215
239.40953 385.25446
273.26836 365.99335
251.38463 391.00993
273.76561 376.89112
239.11839 365.24089
202.05865 309.70294
203.71896 342.27363
209.03828 342.88768
199.92375 335.34510
207.69875 260.96620
223.34683 253.63163
237.05148 252.13728
248.10155 254.30288
255.42886 259.58269
259.08353 278.42590
283.24498 305.06152
252.94080 292.53620
243.58731 295.31673
230.94273 295.79206
218.76061 293.97507
209.55499 291.07944
203.47508 288.08558
280.45651 305.17321
208.31662 344.70249
196.94497 313.21913
197.20269 343.87967
191.42285 349.51637
196.81039 345.72641
205.90031 347.29530
189.68118 350.64907
187.99557 352.66698
202.98928 279.82640
198.73002 282.54654
196.58437 284.89236
246.98506 279.37476
253.68672 270.63065
117.53831 278.59365
128.09577 278.74062
118.19114 269.65668
106.95098 278.39397
116.97692 287.29721
228.04864 278.30649
237.03660 278.19454
228.48145 269.59340
218.84061 278.43697
227.51466 286.82130
