136.85543 302.19069
135.73380 281.30116
136.45529 287.87764
128.98087 249.85131
135.59567 271.93833
135.77780 259.15015
136.69053 228.02564
76.71954 222.46233
136.98492 205.12963
136.96186 192.44854
137.36481 141.98952
136.97926 305.34999
137.16156 308.37211
137.41145 310.37076
137.55272 310.40646
137.62453 314.61336
137.71906 319.52390
137.88884 324.62639
138.47884 338.05972
135.96102 285.52448
127.62566 284.25601
45.38968 184.23843
100.83367 231.25459
91.95591 231.81602
83.61946 230.97917
73.23372 225.29606
108.49623 229.18416
87.39413 204.82615
97.61273 206.18561
78.23273 206.25262
72.54095 209.70697
65.85469 230.44519
107.33460 353.84476
73.86143 219.80295
42.10356 225.18691
56.53777 223.44019
92.32035 267.69918
124.64407 300.31705
126.22239 307.78895
113.79227 302.25725
106.55394 304.15127
117.18951 307.39280
110.25616 307.24239
96.27211 316.60242
128.56911 280.97676
127.59436 271.81454
59.63448 200.70743
111.47255 246.29843
108.92144 274.55040
108.80488 269.19627
65.22555 265.27569
128.14391 259.97760
78.89328 191.89271
67.21178 194.49251
52.68443 168.24995
117.97331 202.20742
106.56092 210.46156
88.27979 307.19785
54.54529 308.87029
115.04500 280.05555
122.07465 283.15958
97.51791 306.80286
99.83860 307.08548
62.57887 188.27652
108.36474 277.17604
95.43612 193.80501
93.77776 186.46597
86.06810 147.29177
58.28196 178.65813
91.41833 166.68610
54.93147 196.21259
50.20695 191.29938
125.17823 304.44906
115.41539 304.99562
108.28331 305.70130
116.90546 281.35817
98.70060 306.95175
103.25152 309.62967
101.03325 307.24761
119.29762 279.31555
111.96013 308.44237
118.89256 309.08704
127.44748 309.86646
126.22708 337.21688
125.88398 323.76061
126.07253 318.62879
126.69714 313.82254
127.59533 309.91284
111.99057 308.48267
110.33913 310.20033
108.59448 312.55140
107.27091 315.34561
97.98952 296.65442
44.33413 264.05586
136.17291 286.87004
106.83907 307.91995
105.03588 308.67579
125.10865 286.55542
110.96432 281.59979
123.67098 284.94580
101.92778 250.78999
86.69472 256.00324
107.16883 272.23091
65.37901 155.65215
71.24291 169.88000
75.87428 184.62284
104.17969 325.05624
114.83843 190.21553
112.59447 166.17987
109.32524 143.15245
76.92381 228.87336
56.82524 236.11662
113.47424 227.04897
64.37994 213.00648
117.69797 241.06223
114.20489 273.07642
47.64084 242.84514
62.12374 242.79178
72.71759 246.74924
89.25888 246.20834
101.76144 243.11448
111.04380 239.32751
128.69042 230.22877
47.88357 261.31090
57.71365 211.19698
131.53777 285.17932
111.87859 255.26981
40.84345 222.81393
117.90276 234.91941
106.31281 271.97824
69.95156 219.86282
114.24420 266.47760
48.21167 286.20745
113.72990 223.90448
121.09274 262.48664
70.77948 330.96202
73.64136 341.29562
42.82465 263.56550
59.52525 318.71193
45.82272 206.90862
106.90607 363.68707
132.59016 286.48387
103.64680 260.93064
49.88280 224.36770
84.53814 225.95485
91.83890 226.93175
101.73998 310.84036
49.11456 279.62425
122.99017 376.55639
98.26847 363.22963
87.19294 354.14036
137.04958 166.22342
140.05143 378.41877
99.38044 226.46485
106.64595 225.19412
111.41928 224.54496
52.14964 208.69081
105.24931 217.38104
97.41652 214.68661
89.76351 214.04224
82.46882 215.17221
78.07652 217.08065
41.69999 201.46420
79.83937 224.27990
136.90436 293.16025
107.34450 293.25073
115.01725 279.30216
124.35574 292.82812
136.97525 215.99442
83.64378 343.28330
95.15528 353.46187
121.70477 370.32521
63.35169 327.19777
111.01136 221.25582
123.00946 244.71389
139.50674 372.33623
109.71423 371.14829
46.04353 283.50880
119.01387 309.14710
117.44322 312.11472
116.27037 315.84434
115.56536 320.44324
113.94608 332.33290
104.81524 307.11513
102.96805 306.34970
101.44301 305.54221
90.77402 301.09551
58.26577 284.71779
123.37893 235.08465
119.24652 217.12201
114.35189 218.09983
106.89612 307.90647
59.51792 305.88055
126.19646 217.15844
110.29639 342.83259
136.11615 248.64612
128.77173 240.60651
136.40528 238.82514
116.85059 258.30902
139.16582 362.72971
138.80654 349.91758
124.09768 348.74706
90.24983 322.71429
98.77940 278.60551
99.79998 334.02640
76.85635 277.62910
89.58023 286.95070
69.34559 291.11341
121.98521 360.96679
111.80495 262.28737
84.54976 331.85873
96.28516 343.36917
81.45052 310.92270
52.04361 295.02964
71.33932 314.72907
51.11281 301.92689
81.91189 296.19914
117.67926 249.90400
116.62222 277.65501
111.35508 278.03024
120.48809 272.39419
111.80146 208.42174
96.83613 201.70431
83.93652 200.17986
73.69795 201.94153
67.07846 206.01496
64.07994 221.50899
41.35449 244.36644
70.34066 234.61438
78.91211 237.76589
90.46000 238.33700
101.59012 236.68860
110.32626 233.94094
116.21647 231.22488
42.33250 243.22703
111.47873 279.38108
122.57664 253.38271
122.62511 279.28355
127.09282 283.32660
122.57332 280.34493
113.56436 281.46988
128.75925 284.43909
129.72891 285.71805
116.57427 224.31753
120.69065 226.49005
122.94817 228.23366
75.64665 218.55083
69.24666 213.91353
143.60327 249.72015
202.44095 222.45064
144.84215 283.97895
236.81380 181.83085
177.18344 231.87807
186.48857 232.26804
195.13876 231.10231
206.20211 225.11639
168.99479 229.82860
189.88209 204.72631
179.15921 206.24412
199.76681 205.93777
206.09883 209.31266
213.91686 229.95203
171.57074 353.67314
205.55008 219.61588
240.64310 222.69822
224.02960 223.02211
183.90393 266.59701
149.39742 299.82096
148.71998 307.38302
161.68419 301.34982
169.92995 302.94035
158.70243 306.63442
166.52888 306.16592
181.93257 315.44638
143.09069 280.79809
143.89944 271.64470
219.06996 201.00509
164.20241 245.75741
164.80809 274.19725
165.28273 268.83053
212.49916 263.33465
143.66684 259.79005
196.78620 192.31036
209.98536 194.86990
227.83018 165.99802
155.89726 203.13587
169.95364 210.75690
189.70568 305.57404
229.52906 307.12070
158.52150 279.76365
151.18338 282.84055
180.79686 305.10988
178.40945 305.46325
215.16203 188.57846
165.54617 276.77365
178.94148 194.51909
180.24216 187.01352
190.69605 145.75840
220.96293 177.09535
184.32639 165.64365
224.50396 196.57134
230.64291 189.69369
149.29419 303.99507
160.23360 304.19279
168.29888 304.56850
156.58654 281.03186
179.56639 305.29186
174.58855 308.21655
177.16336 305.65367
153.53829 279.04293
165.04361 307.37075
157.22981 308.33484
148.02475 309.47002
151.04376 337.03822
150.25584 323.43649
149.69302 318.25594
148.92340 313.42825
148.03872 309.53520
165.01574 307.43645
166.81767 309.12794
168.68506 311.45055
170.17456 314.22780
178.30479 295.40246
240.58703 261.68323
170.83271 306.65390
172.68563 307.34346
148.27967 286.35792
163.21576 281.19070
149.61411 284.71364
174.13147 250.00664
189.97467 254.73899
167.20145 271.82208
213.30529 153.63586
206.23862 168.56647
199.81476 184.85201
173.81876 324.23236
158.35156 190.93107
162.15838 165.54358
166.21411 142.25854
202.22781 228.87655
223.81972 235.42660
163.47439 227.79708
214.97115 212.81539
157.63218 240.66457
158.89372 272.79263
232.54961 240.73448
217.77048 241.96671
206.23461 245.81016
188.94024 245.67131
175.94227 242.84694
166.00869 239.20704
145.23760 230.02416
231.93964 259.17133
222.06282 211.16094
140.51857 285.03222
163.33449 254.77922
243.81392 219.89944
158.48311 234.84135
168.47506 271.50134
209.61073 219.59393
159.27481 266.18924
236.43717 284.24240
163.08037 224.72655
151.54313 262.22593
210.10638 329.89468
208.43737 340.23456
239.35896 261.31878
221.83463 317.15037
236.05448 204.80275
172.70131 363.70638
139.78089 286.36793
171.93661 260.23213
231.91630 224.02659
194.08642 226.46546
186.43187 227.67899
176.27289 309.36818
230.93668 277.49424
157.17522 376.51597
182.79213 362.84610
194.41092 353.55505
178.54248 227.29896
170.84439 226.07488
165.68957 225.49578
228.45057 208.65222
172.17099 217.79470
180.32027 214.82251
188.18453 213.99364
195.89001 214.93162
200.63101 216.79187
241.74940 198.74869
199.09235 224.47569
168.00574 292.44320
158.36844 279.05496
150.02352 292.58820
196.86488 342.86240
184.98946 353.41577
157.34465 370.37459
219.69538 325.69360
165.94197 221.96002
151.01807 244.44436
170.81675 370.94764
235.92150 281.47857
157.24486 308.41099
158.88400 311.35136
160.21780 315.09542
161.22637 319.70388
163.68548 331.77685
172.85786 305.70143
174.57442 304.88441
176.10535 304.04013
186.46346 299.44550
220.57772 282.55319
151.23797 234.81863
156.68764 217.51153
162.07970 218.61932
170.91877 306.56442
220.46820 303.88788
148.62151 217.47728
167.97793 342.47622
144.45345 240.41416
157.31392 258.03202
153.71790 348.60306
188.29783 321.78056
176.73449 277.76882
178.77863 333.46384
200.28723 275.92193
187.02181 285.63041
208.77028 289.16037
156.37425 360.92276
162.89675 261.86579
194.95509 331.09604
183.03418 343.04161
196.86974 309.48126
228.42093 292.94936
207.99523 313.17833
230.77315 300.09599
195.67006 294.44423
156.96968 249.57972
156.22776 277.38419
162.20765 277.73168
151.71536 272.12724
163.65647 209.03544
178.83025 202.13503
192.44328 200.33214
203.66879 201.89412
211.39807 205.89114
215.79661 221.32302
241.14882 241.91244
209.01146 234.18504
199.86878 237.36069
187.90472 238.25963
176.29589 236.86135
167.02464 234.22891
160.61423 231.48433
242.80913 240.43318
162.18281 279.01096
150.68373 253.13388
149.52341 278.99654
145.27319 283.13544
149.92247 280.11525
160.23554 281.05667
143.43115 284.24851
142.69427 285.50549
159.97582 224.98604
155.59645 226.75662
152.78515 228.24669
203.34629 218.26273
209.87189 213.60280
92.61835 219.91602
101.72373 219.96102
92.79683 211.67827
83.40535 219.81878
92.34335 228.12825
187.22763 220.07013
196.91666 219.69944
186.91636 211.70714
177.55000 220.39016
187.51643 228.46833
