265.63848 580.69512
273.37898 530.97907
273.40570 542.09764
258.48639 469.12754
273.37315 514.36111
273.36119 489.29348
273.43191 424.13872
149.09580 408.68437
273.17717 377.43153
273.03617 354.06882
272.93232 259.79557
265.79035 586.73279
266.18048 592.46206
266.78312 596.15835
266.99707 596.22730
267.00686 604.44265
267.17846 613.97436
267.63794 623.65419
272.35857 638.86213
273.40187 537.61270
256.65979 534.54739
84.47989 325.19997
198.57725 423.68032
181.59954 425.78725
165.06964 424.81708
142.71641 412.54218
212.97667 419.25570
168.63298 377.18871
188.49873 379.71806
150.68052 378.71236
139.46217 383.95554
129.66671 421.37448
211.03621 655.07421
142.61868 403.09640
81.43009 401.09839
110.29078 404.62919
188.38898 500.01841
245.35114 575.74960
248.19334 590.66708
227.37865 579.21055
215.16621 582.55428
233.16828 589.41225
221.30110 588.75205
196.92678 603.46128
259.04400 529.79872
256.41317 513.77106
113.72292 362.38388
222.56058 456.06143
219.97473 517.56418
219.04421 506.95325
138.30139 493.29117
257.31937 490.37855
150.38561 348.82699
127.90186 352.53642
98.63371 298.66670
229.90648 367.95234
206.19678 386.87267
184.64281 587.58548
110.57997 552.83197
232.77140 527.56092
246.00592 533.20747
198.26780 586.89128
202.26677 587.65088
118.41259 339.19144
219.69646 523.22006
183.02673 352.24539
179.53251 338.28288
167.71374 265.73578
110.42198 321.53431
178.28693 304.32019
103.99979 351.81557
95.22955 342.10149
246.25122 584.07605
230.10824 584.64324
217.98889 585.68647
236.56528 530.30572
200.28482 587.28775
208.27864 592.71742
204.43411 588.06461
240.61729 525.01594
224.23737 591.07977
236.12028 592.66271
250.37727 594.61932
249.93044 637.44521
247.15771 621.50381
247.34739 611.67418
248.55967 602.31460
250.32766 594.64237
224.06811 590.88144
220.85999 594.14863
217.46532 598.72079
214.99420 604.06883
203.84205 563.71294
88.60073 466.90435
273.35649 539.78021
215.08106 589.59746
211.59325 590.99178
251.57089 539.88584
225.39631 531.99996
248.89624 536.62625
205.36074 464.78339
177.24358 475.84886
216.62098 512.97863
124.87593 278.18881
136.71215 307.86277
143.72017 334.48520
210.61804 616.60104
223.25203 345.40370
222.29221 305.29113
215.55902 260.29909
151.01692 420.24576
112.94180 431.09068
222.04044 415.17909
123.81969 386.94888
234.10463 446.36292
229.52900 514.06151
96.13861 440.93628
124.39785 446.43637
146.20039 456.09735
179.04900 454.83763
202.98162 448.20895
220.41355 441.27314
256.65619 427.38582
101.46858 478.31923
110.86349 381.35641
264.62545 536.76343
224.21345 475.66945
78.05614 391.56572
233.50353 433.73474
215.44670 511.62525
134.71069 401.32833
228.92704 501.15910
97.71223 508.55885
221.28839 409.04872
242.46609 494.11386
144.13685 606.61594
146.76378 618.91422
88.66293 473.70337
124.34921 580.75087
87.53757 368.61590
208.54431 667.89313
266.29955 538.90943
209.35146 486.90788
97.63126 404.43865
165.87049 415.84921
180.42154 416.87989
205.52113 594.93527
107.53126 511.86363
238.02841 688.28322
191.08286 661.08710
170.91391 643.71868
272.94909 306.52793
271.99585 692.14238
194.76923 414.77103
208.38009 411.43013
217.23547 409.93172
99.84484 374.47114
204.60857 401.15549
188.72114 398.73996
173.78048 398.48247
159.85954 399.50323
151.39687 401.01007
78.26906 354.50675
156.05129 412.56696
273.44376 554.71436
219.90629 556.54069
232.75824 525.67898
250.16716 554.58755
273.38356 399.09176
165.70175 630.32613
186.24481 648.95375
236.89682 682.14609
127.36485 590.26565
216.10394 405.64821
245.41477 456.43852
272.19669 685.90277
212.53733 677.01640
96.97552 511.01815
235.98650 592.58494
232.98409 598.38495
230.64325 605.67172
229.32278 614.55417
227.85439 628.65051
211.59313 588.15795
208.33752 586.54701
205.81043 584.87711
191.48460 574.49645
128.38474 526.74474
245.47525 435.77015
233.18544 398.04628
222.50267 399.71251
215.24076 589.77796
129.07293 563.19988
249.32934 399.87537
218.69316 641.30933
273.40736 467.24579
257.34598 449.38118
273.42642 446.55488
233.82809 483.67018
272.26267 672.90818
272.34112 654.95718
244.48603 652.66943
181.49529 607.95593
201.04116 523.93003
198.36702 626.38503
162.16015 518.82003
185.69143 540.01317
149.75515 543.50818
238.99635 669.62470
224.47523 491.13925
168.70520 616.90533
189.54208 636.61119
168.25092 587.38148
113.90093 539.62031
148.75505 585.66729
107.23967 546.22324
173.50021 560.06627
234.95831 465.65874
235.24006 522.36718
225.32513 523.88561
241.93714 513.36706
216.67351 381.41113
186.52399 369.55259
161.20892 366.68490
141.24762 368.92470
128.60476 375.07425
123.97259 402.91210
82.67258 437.10177
138.97596 430.68520
156.72993 437.81560
179.79870 438.58795
201.16825 434.58176
217.69186 429.25837
228.89654 424.66696
82.44221 428.22396
225.82323 527.08405
245.28271 474.96971
246.93707 525.73878
255.75125 532.75634
247.12034 527.03763
230.34067 531.35043
259.19804 535.17425
260.75460 537.38740
227.41991 410.36212
237.34663 416.18569
243.19954 421.51282
146.34928 402.17909
133.08655 390.37115
288.27993 469.19121
394.48769 409.40232
290.48824 534.84119
460.72929 326.04409
347.14840 425.43320
364.29062 426.79005
380.67959 425.22347
401.83743 413.81651
332.34753 421.04302
373.18199 377.12897
353.47275 379.53491
391.28735 378.97287
402.63737 384.54423
416.68007 422.76925
334.05247 654.95692
400.67734 404.22209
464.17488 402.38515
435.59624 406.75273
358.73016 500.54737
286.98961 576.20310
285.68859 591.04945
307.64809 580.45951
321.70200 584.37191
302.54894 590.34656
315.99678 590.19001
348.83766 603.98489
287.74956 530.02126
290.17628 513.93245
428.62518 363.40078
325.01427 456.30006
327.58965 517.93992
328.54877 507.18049
408.34648 494.18171
289.36752 490.38930
389.47929 349.23582
412.93201 353.03402
446.67286 299.65804
311.61701 369.23510
336.29368 387.03167
361.19144 588.21955
436.60309 552.49761
314.71893 527.95849
301.38142 533.52412
340.91961 589.52999
336.87138 590.01697
422.28401 339.49805
327.82127 523.58209
356.54697 353.19103
359.13620 338.73156
377.52834 266.72313
435.04852 322.39536
367.01385 305.17513
438.31902 353.35376
450.26665 343.01024
286.68732 584.52583
305.15934 585.81361
318.97305 587.35631
310.75996 530.63879
338.81218 589.78568
330.31620 594.43921
334.66644 590.27344
306.72329 525.38885
313.52852 592.26031
300.12417 593.34667
284.61491 594.89632
295.17088 637.67032
289.16908 621.90125
287.98920 612.00113
286.53963 602.57557
284.90187 594.88950
313.79196 591.93085
317.00432 595.22327
320.37472 599.79479
323.07346 605.12436
342.72560 564.14501
458.06717 467.86770
323.65700 591.16127
326.97235 592.62840
295.69565 540.20095
321.99921 532.41227
298.44091 536.98887
342.01893 465.12843
369.83528 476.49001
331.03100 513.29039
420.41290 279.25785
408.66119 308.84536
395.35904 334.24348
334.77493 616.91865
316.44344 346.22729
323.13515 305.83779
329.91417 260.85483
394.13773 421.07283
435.07278 432.71842
322.75669 416.94896
419.38316 388.30484
313.41202 446.49173
317.63958 514.46192
450.24799 442.28483
424.03622 447.46248
402.82150 456.37338
370.16567 455.29919
345.80784 448.85435
327.52762 441.74693
290.30342 427.46951
445.14954 479.50041
432.91924 383.29359
282.19820 536.91278
323.23357 475.86398
467.47742 392.55365
313.78407 433.67713
332.21649 511.93688
408.87245 402.68718
318.30757 501.41544
449.58652 508.92622
322.64076 410.96568
304.37714 494.28587
401.57776 605.96198
399.18938 617.73484
457.89196 474.66349
421.56063 580.17872
457.82043 369.73419
336.11515 667.54842
280.51374 539.03863
338.06900 487.24687
449.91280 407.27627
378.50281 416.16921
364.24232 417.85366
333.31215 596.74080
439.13589 512.55255
305.98377 688.00268
353.90305 659.94699
374.76116 642.47043
349.82574 416.50884
335.94601 413.51968
326.97956 412.07670
444.41551 376.72117
338.53065 402.19743
353.73081 399.46416
368.46485 399.11538
382.58926 400.20805
391.38050 401.94380
466.79306 355.35750
387.91294 412.91825
327.17754 556.83088
314.72317 526.09579
297.05006 554.96027
379.85985 629.79860
358.69537 648.39796
307.74273 682.09189
419.25591 589.36578
327.63542 407.19072
301.66397 456.55633
331.80164 676.19436
449.58538 511.47893
300.50526 593.15001
303.47683 598.92311
306.02257 606.24818
307.97791 615.06754
317.28149 628.80037
326.95038 589.99412
329.96521 588.57637
332.55032 587.11407
354.59885 575.05482
418.00163 527.24878
301.69247 435.94138
310.78857 398.51259
320.93079 400.61199
323.60893 591.41039
417.07169 563.09335
295.59586 399.56799
326.51562 641.24966
289.52351 449.44504
313.41145 483.92104
300.53364 652.68282
364.32186 608.34957
346.25210 524.30178
347.13615 626.44792
384.49928 519.45475
361.24065 540.56221
396.71539 544.05014
305.98251 669.68740
323.03879 491.29915
377.08649 616.87958
355.67951 636.38409
377.73502 587.95981
432.60555 539.76991
397.08366 585.73147
439.13441 546.07042
373.01708 560.73446
312.32380 465.85681
312.06951 522.75831
322.19616 524.32721
304.93435 513.68519
325.25414 381.84069
354.39079 369.73032
379.76509 366.82247
400.00957 369.23143
413.51292 375.81563
420.56282 404.68745
463.35915 438.39219
407.61120 431.79087
390.53879 438.35679
367.68757 439.40942
345.93452 435.89555
328.92574 430.50669
317.29111 425.48798
463.60451 429.32474
321.57692 527.45136
301.61842 475.09608
300.03445 526.08215
291.32235 533.11496
300.07851 527.49455
316.99390 531.67938
287.71557 535.42898
286.17279 537.55992
316.86916 411.81766
308.18687 416.62883
303.10822 421.05351
396.68564 403.24144
409.53289 391.45731
175.35290 403.95958
194.35146 403.73576
174.92804 389.14214
156.15292 404.00323
175.65170 418.63895
363.11760 405.54258
380.56755 405.55140
362.66304 390.50144
345.71434 405.34437
363.50750 420.45176
