185.64709 396.84963
181.67313 354.18545
182.95595 366.66950
170.65292 314.72029
181.19757 341.63027
180.95427 325.74970
180.70078 288.00169
102.16095 290.74353
180.11129 257.84479
179.64735 241.53879
178.23561 186.87985
185.58735 402.26173
185.39841 407.68850
185.21868 411.18782
185.10601 411.32391
185.08381 417.88616
185.05772 425.77050
184.96616 433.79813
185.98331 451.58382
182.20963 360.78465
171.18004 360.69125
57.13165 244.74566
133.90148 300.07343
121.95127 301.34177
110.75809 300.38525
96.78698 294.62554
144.39091 296.48090
116.61140 265.55153
129.74310 266.50638
104.58366 268.02429
96.85421 273.15669
86.24720 301.16822
141.51266 465.02812
98.44557 288.18805
53.95792 294.81943
73.56623 293.25530
121.52035 345.04068
169.37965 393.41810
170.94492 406.58187
153.47197 397.13590
142.82455 401.34435
158.36208 406.16331
148.37437 406.58908
128.53512 420.26068
171.57051 353.88058
169.42274 341.89812
79.11953 260.36165
145.82937 315.38404
143.10230 350.79274
142.09671 344.43635
87.15769 343.57800
169.89178 327.15541
105.46314 245.79771
89.73541 250.59317
66.02377 222.81699
156.25883 257.47349
141.50299 271.31453
119.24921 406.25202
73.62785 406.26393
152.64250 357.70949
162.72800 361.55178
129.74190 408.79385
133.01359 408.69459
83.34051 242.14203
142.81002 356.06926
127.27112 247.25067
124.95043 236.57447
110.76347 193.40831
72.68744 231.54739
117.26984 213.44415
72.32271 254.70075
63.08693 249.61921
169.86151 400.71575
155.89840 401.97173
145.54098 404.02137
155.56652 359.98816
131.42881 408.75890
137.40126 412.06735
134.72225 408.70032
158.59194 353.70606
150.49456 408.43034
160.37561 408.89234
172.09042 410.03464
167.92734 449.96986
167.95223 432.29927
168.76968 424.24119
170.18114 416.36940
171.92631 410.23014
150.49055 408.66871
147.58793 411.77374
144.45425 415.79744
141.83390 420.39793
131.46887 386.66511
58.59970 348.05991
182.55432 363.72991
143.07060 408.64213
140.29232 410.22551
166.60635 366.19578
147.35023 363.11676
164.76494 363.94891
133.10200 322.29673
113.78826 329.95422
140.25707 349.84130
82.98477 205.07038
89.81438 218.75093
101.13693 235.51193
138.43803 431.59226
152.06858 240.37898
145.98747 213.02103
141.56868 188.13725
101.82432 298.44762
73.74619 309.27980
151.26492 293.05226
85.14891 278.18589
154.16822 307.47510
150.43293 346.16464
61.53322 315.76313
81.07304 316.45598
95.21032 320.02346
117.26017 318.76690
134.19079 314.32220
146.91736 308.59017
169.37164 291.03629
63.52592 340.06085
75.71989 275.95646
176.14265 360.37607
146.40478 326.67262
52.87577 295.12462
156.15664 301.89055
139.38091 350.61442
92.63752 288.04366
149.76128 338.47895
64.19718 376.56344
151.65287 289.19600
159.62563 331.52042
95.96134 433.16142
99.25461 447.02145
56.85001 344.68618
82.17081 417.14458
58.46083 270.85600
140.45191 476.97125
177.76463 363.33620
135.58868 335.53118
64.46680 295.67559
112.57513 294.02237
122.28693 294.82722
134.78027 414.24354
67.00882 364.20981
162.21256 494.82659
128.53409 475.74784
115.08173 463.53383
178.84684 213.73261
187.20228 497.92486
132.30240 293.81541
142.07491 291.61037
148.44709 290.25809
67.83010 273.32277
140.12020 282.95761
129.57727 281.19314
120.00103 281.21600
110.72062 282.89845
104.69164 285.09582
53.29193 267.50126
106.31790 292.42714
183.72093 376.57265
143.00629 380.37123
152.60988 355.67768
165.99815 377.00453
180.49742 273.49735
110.69120 449.75073
125.16380 463.08940
161.05133 486.99406
86.07216 429.68457
147.95568 286.40092
161.80613 309.96640
187.08160 490.01824
143.51738 486.78974
62.28487 370.98327
160.26243 409.10915
157.43053 414.01006
155.05972 420.19026
153.33778 427.48276
150.93962 442.09466
140.35652 407.45753
137.54637 406.32901
135.17138 405.06125
123.01741 395.29657
80.34096 369.91429
162.01590 298.39181
158.18705 278.47390
152.22216 280.75760
143.03919 408.48628
82.73512 399.31956
166.78282 277.05377
146.06804 452.76403
180.89670 312.82926
169.93561 303.46247
180.80818 300.86386
153.42316 328.58147
186.70109 478.14091
186.30106 463.86980
165.00795 461.78501
119.66829 425.62328
130.07978 360.43710
131.79113 440.71032
103.47593 359.06847
119.66589 372.33291
95.27939 378.33196
161.77769 475.50670
146.19106 335.48522
111.82217 435.70242
126.83378 450.79480
109.56711 408.91410
71.99289 384.82289
96.89489 412.05267
70.02834 395.28633
111.43925 386.95235
154.44374 318.22025
154.65094 351.61761
147.16770 354.74781
159.33729 343.41713
148.44458 267.13672
128.82763 259.03544
112.08126 257.74148
98.42079 260.97525
89.16584 267.57355
84.23464 290.49427
53.70266 319.54768
92.40217 305.88728
103.81874 308.76263
119.29178 309.21021
134.34677 306.62937
146.37600 302.27750
154.34830 297.95202
55.13237 321.37266
147.49580 357.93698
161.66016 320.44118
163.14543 352.19980
170.29095 358.51924
163.58070 354.37432
150.91770 361.57824
172.46510 359.61686
173.95809 362.53997
155.46564 288.98518
160.23548 290.97997
162.76915 292.33521
101.15747 286.75259
91.98486 279.47220
191.38189 314.63609
262.95662 289.34380
194.05128 360.45995
309.06166 243.94299
230.86069 298.54702
242.62951 299.84600
253.85353 299.29831
268.53584 293.36035
220.47277 295.44842
247.51699 264.86229
234.33620 266.02351
259.86814 267.10936
267.95923 272.07735
279.36687 300.14417
232.02930 465.63355
267.13886 286.64058
315.13550 294.75023
293.16341 291.97756
244.79622 344.58364
202.20634 393.95317
199.99088 407.16766
217.80035 398.29191
227.54894 402.98625
212.26793 407.30233
221.55813 408.17896
245.99562 420.43855
191.96217 353.77385
193.06229 341.74743
285.84560 260.00663
218.47069 315.01904
222.14127 350.35538
222.93114 343.93109
280.10908 342.89854
192.26503 327.00845
256.78642 246.76826
273.77289 250.79852
297.11014 222.06756
204.95865 259.45856
222.77035 271.00444
255.00097 406.10924
302.01382 405.57417
213.33120 357.33619
203.38291 361.36221
238.46792 411.31856
235.24847 411.02180
280.81318 242.02210
223.34393 355.66609
234.10526 249.09135
236.03336 238.37955
247.75137 192.87369
289.38080 232.05799
241.38668 213.88774
293.50845 254.08045
301.72932 249.87027
201.47020 401.30643
215.09073 403.18593
224.67356 405.69307
210.61850 359.69031
236.82146 411.18396
231.29522 413.79081
233.53111 410.90040
206.28222 353.33032
219.10246 409.84429
209.88110 409.86238
198.60111 410.53617
204.13971 450.45684
202.15284 432.52020
201.32406 424.48690
200.09125 416.68888
198.55276 410.61265
218.98149 409.94130
221.89127 412.99007
224.80036 416.80849
227.20282 421.21797
239.07372 386.45609
315.32982 347.92601
225.84846 410.31724
228.54177 411.97787
199.95398 366.12832
219.82647 362.84813
201.53898 363.80683
231.81656 321.86447
251.96497 329.48707
225.55624 349.40318
277.72900 204.43888
270.19815 219.53661
261.09135 236.20040
235.15663 432.09283
208.48177 242.79271
212.02595 213.12280
215.71306 187.70537
263.13784 297.39242
292.66697 308.43284
213.56529 292.54970
280.29144 277.18741
209.43214 307.18034
213.77163 345.74988
306.20293 315.31554
284.18106 315.93983
268.91928 319.62731
246.41813 318.04200
229.61094 313.44177
216.95457 307.96337
192.44287 290.97050
305.29358 339.43322
290.19688 275.12650
188.27190 360.28872
218.14167 326.26082
318.42293 294.81293
207.43629 301.65205
227.01920 350.18035
272.97329 286.58863
214.28312 338.07803
310.66429 376.08670
213.31730 288.65919
203.26075 331.29157
278.84943 432.99901
276.75785 446.84918
314.76357 344.26132
292.24525 416.59393
308.72910 270.76452
233.75107 477.75609
187.39054 363.25059
229.79799 335.07844
304.11827 294.46757
252.08525 292.73181
242.42523 293.35939
233.84583 415.90611
303.37875 363.49018
212.18428 495.39989
246.82234 476.40921
260.83706 463.88312
232.56649 292.23016
222.86671 290.35800
216.46997 289.53473
299.27399 272.13052
225.27048 281.39135
235.67608 278.91170
245.23499 278.84050
254.55425 280.57935
260.55828 283.01271
315.46074 266.82065
258.45394 291.12886
226.12215 380.08329
212.95355 355.29292
201.91200 377.01586
264.20843 450.11875
249.55462 463.79615
212.76524 487.50963
289.86820 429.08249
217.13367 285.61203
200.91431 309.75584
231.24933 487.57078
310.55534 370.37604
209.83601 409.91909
212.53773 414.70999
214.79433 420.69694
216.50225 427.80475
221.76338 442.69642
228.74388 409.33594
231.61251 408.35882
234.16597 407.12518
249.39749 395.09444
289.31866 369.25299
200.66574 298.23764
205.69216 278.61095
212.35474 280.60445
225.91702 410.22126
289.69379 398.68471
195.38813 277.92177
227.07991 453.30174
191.99467 303.35439
210.40009 328.31921
207.49872 462.20041
254.23370 425.64188
237.41833 359.96557
242.05330 441.03984
264.29964 358.60241
249.29003 371.95659
274.63640 377.86519
211.26841 475.99162
218.62106 335.00718
262.29275 435.82994
247.29298 451.25790
263.68876 408.67631
299.91543 384.12186
276.15372 411.71304
303.82153 394.58666
259.78249 386.61059
209.18833 317.95130
209.95359 351.17994
218.31854 354.34690
203.90156 343.13003
214.77047 267.91254
233.90345 259.80238
250.89443 258.10357
265.12110 260.88552
275.26514 267.02374
281.74662 289.08566
316.53374 319.32244
272.53618 305.06729
260.54689 308.02601
244.92256 308.11890
230.00530 305.40152
218.17972 301.38110
210.11770 297.36197
317.64210 321.23522
218.55509 357.56941
201.10004 320.24227
200.76616 351.95357
194.43729 358.37813
201.02892 354.12256
215.66597 361.25715
192.08988 359.47949
191.26270 362.34956
209.34465 288.71127
203.96353 290.72421
200.35395 292.47529
264.21278 284.93077
273.20423 278.28857
121.98727 285.98430
133.91115 285.57495
121.09091 275.46800
109.86483 286.31994
122.81096 296.36599
243.03331 284.17568
255.20245 284.44212
242.90771 273.16229
230.90012 283.84403
243.08933 295.12926
