157.98941 400.06649
156.73800 355.10638
157.52404 365.23696
149.66842 315.12398
156.89387 343.30977
157.59980 327.25997
159.83174 287.42936
86.98026 276.77797
160.70229 257.98434
161.10204 242.03042
163.82968 177.82883
158.01362 403.05810
158.09132 405.35210
158.26264 406.65089
158.02649 407.06049
158.00721 409.88274
157.98741 413.26399
158.08045 417.25596
158.09350 431.68581
156.97284 360.69280
147.44185 359.73217
56.42676 226.49425
117.27105 290.13962
105.97699 290.46497
95.47068 289.19369
83.29245 280.59919
126.87304 287.92075
101.62028 254.78690
114.87901 257.21469
89.97592 255.93808
82.85718 260.09812
74.69016 288.08918
121.38337 446.40824
83.74341 272.81446
49.91542 278.65355
65.79970 278.50159
108.40434 340.17712
146.65524 397.42115
147.84371 404.20137
136.37473 399.12671
128.76035 401.06074
139.06895 403.72056
131.65782 403.67312
114.06705 412.71309
148.25936 354.53346
146.97585 343.13732
69.76594 250.19221
129.35389 310.96690
125.25090 349.14165
124.84349 342.43044
79.07279 337.05922
148.11093 328.13564
92.07631 240.78699
78.29974 242.97413
65.00857 206.68571
138.24023 255.66964
126.12592 263.21014
106.41078 402.72098
58.55994 386.49428
132.96708 356.16378
141.03156 359.83935
118.03534 404.11974
120.18334 404.17150
74.61039 235.32417
124.82535 353.89456
111.40864 244.14272
109.81219 234.92312
103.97462 182.08112
70.43736 220.25489
108.84253 207.35789
65.79947 244.35982
61.09647 235.64262
147.05556 401.46114
137.68737 401.68458
130.14434 402.44134
135.33074 358.22648
119.13375 404.14227
124.07971 406.00046
121.37885 404.23388
137.51777 353.26944
133.03334 404.60054
140.31722 405.00152
148.74350 405.79260
145.59563 430.90246
147.05155 416.28850
147.10076 412.16502
147.54330 409.00964
148.43182 406.26188
132.71577 404.76508
131.28932 405.96564
129.83781 407.82222
128.67068 410.32948
116.77289 383.62601
49.19295 327.94451
157.29258 362.80469
127.21545 404.46658
125.66438 405.10484
144.36963 364.34655
128.49850 360.69029
142.73284 362.16135
118.64640 317.28209
102.32249 324.69812
123.21837 347.25674
79.89270 191.51485
85.54356 210.11038
89.51123 231.59472
122.59158 419.41792
134.89329 240.51579
133.63936 207.90538
131.07737 178.02854
87.33216 285.89937
63.98181 295.86361
133.09560 285.41957
74.05106 264.61865
136.58438 303.80772
131.11153 345.66338
55.59323 303.88645
68.19278 305.39249
79.79337 311.46856
100.20762 310.98480
115.97483 307.01202
127.42362 302.45190
149.96636 289.80533
56.71395 329.39188
67.26334 262.73622
151.77808 360.18606
129.57019 323.18039
49.01213 275.28533
135.93716 297.14705
122.65807 347.44567
79.83411 272.93648
131.00133 337.51041
52.09454 356.51268
134.06153 281.17034
139.34453 331.56691
79.26448 418.11090
80.20919 428.86769
48.82680 328.92105
66.93970 401.56767
55.38518 255.32209
119.18238 456.39340
153.04631 362.28011
120.39254 331.37971
59.26804 279.69446
96.66968 282.18096
106.12582 283.77844
122.66019 407.35114
58.79838 352.82352
137.21541 471.46499
108.16956 455.38635
95.37690 444.68717
162.40306 209.03419
157.60609 474.51627
115.86663 283.56553
125.21897 282.35844
131.21733 281.82945
62.29592 259.62282
124.74376 271.69389
114.97336 267.40694
104.54751 265.92768
94.66468 266.91291
88.93119 269.29226
51.56291 248.21238
90.76859 279.59870
157.73158 374.13859
125.57271 377.40642
132.90866 354.44836
144.06579 374.41526
160.41516 272.18358
92.55999 433.42730
105.36874 445.00498
136.28037 465.01719
68.40049 410.79638
131.13059 277.46406
142.73867 308.48310
157.36417 467.77770
121.71634 464.68947
51.78916 354.83988
139.97807 405.33980
138.53686 407.36826
137.63490 410.06414
137.09513 413.79353
132.90688 425.97374
125.51669 403.86257
123.93609 403.27279
122.69852 402.57724
110.03449 392.46881
71.63167 361.05329
143.43121 295.94224
140.68955 273.47892
135.08567 273.71250
127.34191 404.43105
71.10026 387.45511
147.59148 274.61945
126.62173 436.04387
158.40232 313.76185
149.69022 303.11658
159.13949 301.08020
134.85404 326.79198
157.51654 457.25317
157.82456 443.84291
141.74893 442.49662
104.04712 416.08630
114.52510 356.26832
114.39051 427.44865
92.95516 353.19412
106.13091 367.56102
84.78362 371.23981
137.89737 455.05631
128.82970 332.78762
95.60189 422.71241
108.30878 435.17129
95.93114 402.40594
61.75919 372.34941
83.64528 401.65773
56.83274 378.90857
99.13565 382.62064
136.30853 315.56642
134.30198 351.20281
128.40930 353.27163
138.45338 343.93664
131.93202 261.78328
113.51304 252.60333
97.24355 249.81125
84.61488 251.13630
76.86705 255.94664
73.81360 275.73822
47.91991 303.62262
78.89306 293.90915
88.76468 298.75000
103.08690 299.72139
117.21926 297.82068
128.06958 294.69221
135.40713 291.66420
48.85506 301.28076
128.59635 356.09361
141.84071 319.78633
141.16437 352.55033
146.67773 358.05557
141.36069 354.19950
131.44805 359.48117
148.56990 359.28664
149.72112 361.46766
137.15207 282.08891
141.36458 285.83671
142.76402 288.70085
85.85467 271.21164
79.03142 265.32695
167.48452 315.61283
238.12089 280.74364
167.61012 360.08255
278.56740 232.37308
207.03736 291.88565
217.94450 292.64702
228.50980 292.36230
242.27464 284.94192
197.84535 289.73398
224.50620 258.63357
211.35018 259.99287
236.05420 260.81009
243.05386 265.45737
251.31810 293.02978
195.00184 449.18858
242.14658 277.10161
282.20662 285.24798
262.98547 284.44400
211.94184 342.77670
169.68161 398.11483
168.86897 404.89061
180.72934 400.53577
188.95570 402.94397
178.31715 405.05399
186.18377 405.44866
204.00193 414.74747
165.53582 354.96760
167.19607 343.66897
257.10927 257.64058
191.86707 312.57838
191.51391 351.12659
192.72721 344.48522
243.42854 341.19679
167.32894 328.62178
232.59785 246.76525
247.37000 250.10485
268.64091 211.90520
184.34859 257.27311
200.05063 265.34571
211.96553 404.96792
266.87589 392.95888
183.32148 357.54078
174.85783 360.71308
200.61082 406.52639
198.34580 406.45172
252.52374 242.56513
191.96801 355.89077
212.25655 248.10227
214.08578 238.81048
226.05664 184.93252
260.33421 225.86816
218.02930 210.32394
262.84940 251.84042
271.13709 242.11459
169.35632 402.16351
179.52840 403.07928
187.64237 404.26889
180.84595 359.44770
199.44535 406.49060
194.00277 407.89412
197.07299 406.43608
178.02642 354.25537
184.94202 406.18444
177.17257 406.15361
168.29671 406.39288
171.11796 431.66541
169.55802 416.84996
169.27964 412.68502
168.84740 409.48691
168.15875 406.70380
184.89470 406.11614
186.37740 407.36318
187.79240 409.27325
188.97195 411.81109
201.05439 385.56428
281.90163 334.51165
190.87029 406.21335
192.38663 406.92808
171.34902 365.07139
188.29743 362.41034
173.01980 362.96459
202.68220 319.47483
219.45580 327.64189
194.44165 349.41600
252.16061 195.70563
243.46082 214.71479
236.00968 237.56448
195.20337 421.23872
188.03193 241.90785
191.98335 209.34782
197.56657 179.48009
237.32243 289.85246
263.21275 301.46248
191.82942 287.47156
252.70993 270.70441
184.59945 305.02720
184.97739 347.18078
271.91563 309.87230
256.52997 310.54323
242.87968 315.69092
221.49216 313.99839
205.81181 309.12519
194.41544 304.11069
170.18704 290.30638
268.83191 335.15687
260.83363 269.43356
162.41216 360.38259
190.42512 324.80897
285.77832 281.60608
185.84943 298.47677
195.48466 349.58872
246.50128 277.82957
185.98155 339.09482
276.16872 363.12527
191.75629 283.25689
176.86930 332.60499
240.70405 423.54565
240.45514 434.71624
279.35006 335.44757
254.66687 407.41538
277.08642 261.79857
196.78368 459.72000
161.59035 362.42070
199.56265 333.47390
271.43086 286.09664
227.43485 285.11615
218.11799 285.88145
195.49840 409.29115
265.13741 358.49241
178.32459 473.38479
209.46740 459.69368
223.58689 449.84512
209.02772 285.24608
200.24220 284.10716
194.46637 283.84880
267.59949 266.18752
201.99235 273.40872
211.75198 268.99743
221.82587 268.03010
231.41831 269.80126
236.98861 272.85344
283.63770 254.33590
233.73048 283.14070
191.55110 379.00815
183.26564 355.80393
172.16075 375.18613
225.79926 438.39670
211.73196 449.31803
178.75117 466.86792
254.37699 416.91259
195.02324 279.49889
176.55087 309.33672
194.77330 467.96535
273.99319 361.21719
177.18030 406.25429
178.54729 408.28583
179.40795 411.00991
180.08361 414.79298
184.38458 427.25721
192.72137 405.85949
194.25488 405.34122
195.51465 404.71436
208.24220 394.59183
250.51930 365.72536
177.29108 296.81968
183.88116 274.83426
190.56233 275.61620
190.93198 406.32387
250.21180 392.48619
174.53986 275.45887
190.23034 438.13451
168.91251 303.56635
183.59076 328.20265
174.34480 443.64477
214.06575 419.26124
204.05068 358.63853
203.10334 430.18245
227.82933 356.57930
213.08190 370.28651
235.97054 375.20699
177.47189 456.64078
190.00100 334.50882
222.85630 426.89543
209.03252 438.76607
222.79313 405.83947
261.09502 377.90853
236.16933 406.12348
266.95771 385.08889
220.17426 385.61398
183.36543 316.85278
181.29536 352.43973
187.92550 355.02148
176.57834 344.94787
192.79725 263.97656
211.35144 256.20288
227.71970 254.75397
240.75875 257.04230
249.07105 262.28078
253.39268 281.20442
282.50176 310.22784
245.67445 298.48230
234.61613 302.50359
219.86974 302.40558
205.98061 299.72747
195.40673 296.44036
188.13035 293.18482
284.72798 307.63512
187.76048 357.79164
175.84500 320.70744
173.45788 353.34565
168.11875 358.52691
173.74673 355.00583
184.96245 360.96916
165.89162 359.62209
165.06667 361.72329
187.98341 284.06516
182.39777 287.09884
179.23325 289.75677
239.98662 275.20486
247.01398 270.84484
105.30562 274.69837
117.72132 275.00846
105.62045 263.34780
92.91882 274.30814
104.93672 285.88923
217.27502 276.64105
228.39650 276.54993
217.11308 266.87753
206.17677 276.66307
217.56226 286.43901
