194.59968 419.12199
192.11883 369.12073
191.40769 381.32322
181.89096 324.72814
192.24815 355.31427
192.08358 337.41583
191.71079 294.97985
111.40805 289.39237
191.65654 267.66431
191.88840 250.79742
192.69973 179.80426
194.57719 423.75431
194.25607 428.00025
193.91132 430.73971
194.08258 431.03509
194.25246 435.64925
194.23009 441.02993
194.02559 447.11247
190.29790 465.86218
191.89790 375.99848
180.05332 375.00031
64.61265 240.28299
143.03792 300.49536
131.94276 301.48169
120.92874 301.19520
106.11242 294.56236
152.35891 297.99621
124.92656 265.00481
138.05648 266.36289
113.13159 267.68450
105.62398 273.00992
95.54076 303.32060
144.45745 488.35855
107.01696 286.19426
57.76450 297.94227
80.96317 295.24468
131.21612 355.95224
179.42613 415.89359
180.46245 426.89223
164.65324 418.90451
154.12255 422.07275
168.26820 426.49122
158.32545 426.56876
135.00348 438.61556
182.00397 368.67347
180.70375 355.38607
87.52275 264.58678
156.05838 322.98215
153.09207 363.11380
152.49978 355.82960
95.03637 354.51421
181.25638 338.78785
115.30963 250.54041
99.01107 255.23782
76.27149 216.86096
166.87848 262.87927
149.49817 272.02134
125.58448 425.28490
65.08746 424.77916
161.83370 370.81036
171.70537 375.08969
140.55747 426.91196
143.40408 427.15343
91.68748 247.61401
152.31239 368.45589
137.68409 252.27203
135.13612 242.37791
124.35973 186.35375
84.72255 230.75744
131.93492 212.93656
79.60172 259.29044
72.21141 249.22828
179.78381 422.10932
166.45677 422.94774
156.18169 424.32623
164.58371 373.09651
142.01305 427.01428
148.36726 429.97988
144.97289 427.33026
168.13041 367.46628
159.94388 428.27754
169.75490 428.84344
181.20609 429.80167
174.07642 464.69793
178.73765 445.73685
179.32101 439.62319
180.11398 434.43096
181.19682 430.06901
159.93587 428.44356
157.94631 430.28080
155.83579 432.95910
154.11426 436.39816
140.07510 402.84209
54.78664 357.79945
191.68744 378.67710
152.48147 427.92886
150.52985 428.79217
175.64214 380.40333
156.40897 376.03050
173.74860 377.84901
143.23190 330.46667
123.56912 339.22204
150.26361 361.40595
95.25598 198.38502
103.75894 217.92751
110.65475 240.99479
145.17144 448.75836
162.45918 246.60572
160.26883 212.03393
155.73560 180.79123
111.54910 299.02399
82.75331 312.69264
158.43715 295.40996
93.73626 279.43081
164.67899 314.63693
160.80842 359.04391
66.86765 322.37112
91.79837 321.43340
107.52382 325.92023
129.91292 323.61065
145.92950 318.35794
157.64075 312.59337
180.42731 298.05479
67.57169 350.26276
83.48315 278.45910
185.67603 375.42836
156.60907 335.83551
54.56788 297.24044
166.53058 306.15098
149.13018 362.02113
101.47910 287.30646
160.44599 350.18966
57.70030 390.60291
157.99340 291.15275
170.74132 343.17767
91.10606 456.37707
91.18629 472.45552
56.25131 354.80829
76.08409 437.95503
64.88439 271.45329
141.30449 503.56024
186.75790 378.08352
145.65696 345.37115
70.18953 297.77573
122.36165 293.23390
131.69494 294.08851
146.34526 431.67315
68.59542 377.81421
163.34930 523.43373
125.95985 504.29760
109.73951 491.18137
192.34491 212.62258
189.09421 526.12768
140.89673 293.47256
149.54475 292.16028
155.24402 291.78940
73.93077 276.19140
147.27321 280.72023
137.50081 276.29629
127.94460 275.54706
118.53315 277.80710
112.87021 281.23747
58.15177 265.60121
115.96950 291.45282
191.35728 391.27220
151.97095 395.28869
161.91816 368.88085
174.77164 391.58907
191.56659 280.71808
107.68890 474.78576
123.69598 489.49763
163.40823 512.92548
77.05432 452.04245
154.54822 287.07031
172.72247 318.46883
189.50443 515.57269
143.28477 515.61544
58.98994 384.94459
169.74019 429.07197
167.74240 432.31711
166.30056 436.46572
165.23620 441.86083
157.84017 458.03879
150.32191 426.76107
148.10920 425.65601
146.27076 424.50895
130.54012 412.96059
84.24585 384.25905
172.78392 305.37613
166.63713 281.82107
159.31674 282.87193
152.58115 427.84447
81.87452 417.44208
177.10538 281.94300
150.63823 472.77433
191.93893 322.80580
181.04055 311.90638
191.81110 309.23020
163.96224 338.84549
189.83802 500.49235
190.05237 482.16596
169.83913 480.64763
123.40575 445.78803
139.29439 372.81780
135.89097 461.24316
111.48771 371.73820
127.94746 386.38136
100.49943 393.65117
165.54645 498.17601
156.45961 345.86360
112.52711 457.91414
128.23156 474.29569
113.51949 428.25620
70.98495 401.23460
97.71898 431.78548
64.46387 412.71720
117.81423 403.62348
164.92149 326.90481
164.47705 365.16347
156.68311 367.65792
170.18783 356.79259
157.43150 270.36812
138.21075 261.70420
121.43314 260.21488
107.71745 263.31518
98.36059 269.60518
92.56101 291.16572
55.42052 326.00192
102.63301 308.46313
114.86743 312.02142
130.43460 311.67567
144.66224 308.72871
155.48509 304.87009
162.99270 301.11985
54.33259 327.29556
156.75750 370.77776
172.59887 330.53336
173.31046 366.50423
179.43048 373.06181
173.06367 368.53294
160.01701 374.55160
181.82161 374.42958
182.81438 377.08689
162.17496 291.72979
168.68825 294.52779
172.88434 296.74290
109.63577 283.89817
100.94014 279.26421
201.93528 324.74664
273.33972 292.96623
203.47943 374.98856
317.02125 241.31104
239.58343 303.73513
251.98745 304.57719
263.70998 304.03009
278.20781 297.68123
228.97264 300.95341
260.35983 269.89137
245.59592 270.63742
273.15604 272.61068
280.57319 277.62267
288.97865 305.32170
234.33047 488.52653
277.53707 290.16852
322.91942 298.87960
302.30003 296.66391
250.93253 356.11194
209.40896 416.54849
207.54873 427.58099
223.08431 419.98189
232.35408 423.69875
218.75753 427.69316
227.68266 428.20863
245.41465 438.58553
202.18797 368.69603
203.55834 355.39969
299.18483 267.51877
226.72033 323.16178
230.16792 363.22320
230.70453 355.91187
286.00021 354.95352
202.79651 338.77278
272.78720 255.64041
289.04674 259.29588
306.81026 217.93301
217.95129 267.07653
232.56351 275.53173
255.04943 425.18120
310.59745 424.86741
221.21795 370.82282
211.27761 375.07221
244.21600 429.84016
241.42421 429.78863
295.59138 250.53582
230.50775 368.44713
249.54333 257.41215
252.36705 246.85722
260.85010 187.12882
298.91189 232.14989
252.76942 213.90362
305.74275 260.91809
310.48976 250.74309
208.81616 422.79615
221.03055 424.19777
230.18331 425.98448
218.24208 373.05502
242.81409 429.82420
237.11368 432.32525
239.87594 429.80672
215.57029 367.58190
225.50416 429.75075
216.65942 429.96669
206.15941 430.40748
206.42944 464.88966
208.91412 446.47112
208.57394 440.25427
207.76891 435.06728
206.41999 430.69076
225.76331 429.95986
228.17693 432.03322
230.39645 434.82814
232.10849 438.31996
242.06245 402.81940
322.88280 358.00335
232.48168 429.81837
234.87315 430.97322
207.29318 380.38740
226.08535 376.00163
209.18420 377.86030
239.14741 330.69877
258.50085 339.57259
232.63160 361.49794
289.14539 199.37829
280.58898 219.26491
277.29034 245.00576
235.24245 448.90365
223.10056 250.51646
224.45502 212.50745
229.72411 181.18582
272.95211 301.93059
301.96014 313.77275
222.07820 298.08440
291.75384 282.63333
218.40774 314.78492
222.83735 359.16963
313.90926 323.20481
294.74052 322.81529
280.10421 327.67198
256.61693 326.12867
238.91246 321.13619
226.05302 315.48427
203.00880 298.16677
312.46112 350.88553
301.33815 280.66757
198.11839 375.45243
226.22783 335.95939
324.85244 297.73434
216.79326 309.07413
233.34308 362.10794
283.00174 290.96468
223.04877 350.29658
318.93653 390.69010
221.64550 293.49651
212.99136 343.21385
285.70655 456.48055
284.47929 472.68275
322.73025 355.28433
300.26206 437.99001
316.79866 272.67267
236.64584 503.72439
196.62425 378.08052
236.72698 345.49423
311.25022 298.39429
262.28885 296.49674
252.14252 297.37765
239.01832 434.10903
310.29029 378.14474
214.47103 523.55932
251.05819 504.49352
266.74678 491.41260
241.71237 296.70347
231.51185 295.13921
224.84361 294.45705
308.77773 276.99281
233.70906 283.99904
244.74860 280.47941
255.83793 280.23212
266.13532 282.63974
272.05077 285.90915
322.26264 266.39897
268.88671 294.79050
230.66356 395.21311
221.35310 368.94297
208.20979 391.71135
269.41383 474.95432
253.68335 489.68901
215.29592 513.00089
298.38901 452.16662
225.58215 289.61426
210.74643 318.54034
234.17896 515.78416
318.65215 385.12895
217.03199 430.20609
219.31966 433.54380
220.87285 437.72740
221.95443 443.21343
222.55038 458.13059
235.03474 428.78502
237.35480 427.81772
239.26311 426.71215
251.02809 412.97102
295.38127 384.49233
210.46542 305.54546
215.04438 284.37646
221.29937 285.49169
232.43625 429.70955
296.10625 417.55731
206.39997 284.78272
228.74387 472.93761
202.56385 311.90802
219.27823 339.00710
210.00297 480.75890
256.07333 445.91681
242.79018 372.81533
243.41136 461.37216
269.90741 371.95521
253.87092 386.51339
279.98016 393.87168
213.77254 498.31088
226.52892 345.94854
265.88195 458.05318
250.14667 474.42607
266.20216 428.47957
306.97654 401.38877
280.89351 431.99151
312.20569 412.74057
263.34594 403.78998
218.18767 327.06481
219.27320 365.26453
226.54214 367.75406
213.80429 356.83489
225.42566 273.73763
246.88190 266.12410
265.42464 265.08316
279.81353 267.85836
288.61186 273.57441
291.42059 293.79417
324.48394 326.71398
282.57190 310.81623
270.73676 314.35809
254.45811 314.46589
238.73073 311.70229
226.61430 307.76482
218.58558 303.78257
324.35851 327.54655
226.10732 370.76817
210.92290 330.57626
210.77230 366.54684
204.32521 373.10726
210.82671 368.65870
222.68485 374.46199
201.98592 374.43981
200.56966 377.04763
217.86117 294.20213
212.64672 297.07539
210.11398 299.59356
275.23601 288.27737
284.61456 283.37736
133.51878 284.95108
145.09477 284.71181
132.83797 274.01079
121.62168 285.12901
133.99360 295.91851
249.44938 288.34106
262.52174 288.48056
249.75517 277.70178
236.56024 288.11228
249.31148 298.97243
