152.77671 354.49638
150.52549 317.04892
149.79312 325.35684
145.02397 279.69281
151.28646 305.99997
152.27134 291.08143
154.49407 255.25385
90.09095 248.54767
155.90450 230.38463
156.80240 216.61855
159.77935 164.15641
152.60705 357.70570
152.15558 360.90768
151.67493 363.23894
151.93196 363.68267
151.92270 369.37228
151.63053 375.77166
151.02565 381.83534
145.77476 390.67917
150.12660 322.23018
140.18678 320.26326
55.64859 205.82355
115.54908 258.29902
105.90921 258.68574
96.99151 257.48985
85.87976 251.67851
124.03156 256.32502
102.41058 228.99153
113.46557 230.50925
92.34618 230.65541
85.90968 234.57450
77.29915 256.62043
108.80668 403.91793
87.02382 245.83888
47.92823 250.21306
66.68384 249.02306
102.15577 299.13040
138.91357 350.94260
139.42958 359.04189
125.51305 351.32331
116.07190 351.69409
128.45212 357.29783
119.72371 355.82337
99.76648 360.11222
142.24082 316.08822
142.04473 305.27291
72.01398 225.10427
124.72192 275.25133
118.78438 307.74709
118.85654 301.60403
73.38962 294.62452
143.52353 291.50938
94.42792 215.60468
81.16737 218.39328
66.05327 188.09825
136.08047 227.50850
122.94986 235.40331
92.24874 347.91598
49.76798 348.07343
125.15107 314.48594
133.09728 318.61950
103.25338 351.89301
105.84420 352.84244
76.16613 211.57660
117.51964 311.18139
112.48149 217.93756
111.07690 209.77309
105.56508 166.17309
72.08139 199.36498
110.22689 186.88736
66.59011 220.05878
61.42356 213.35365
139.01084 355.33252
126.93326 354.34704
117.82943 353.69622
127.16392 316.28475
104.58226 352.38958
109.99469 356.89794
107.18230 353.29666
130.86477 313.48218
121.16052 357.52217
129.77924 359.53022
139.97644 361.51607
131.60806 388.55067
135.61183 379.23905
136.88871 373.32324
138.43120 366.96247
140.05466 361.84739
121.23273 357.38061
118.74593 359.32532
115.98384 361.87733
113.72163 364.56458
104.77945 334.93896
43.63292 295.56668
149.94504 324.01421
114.63178 355.49802
112.36694 356.16229
136.18175 322.90442
120.17753 316.79809
134.68543 320.85195
113.97958 279.92906
97.59319 285.06274
116.48521 305.36155
81.91821 174.33961
87.62887 189.93819
91.44548 207.50613
107.77791 371.03632
133.48317 214.21055
132.92802 187.51957
130.58805 163.25232
89.78162 255.31498
66.91535 262.37074
129.70485 254.29048
76.50298 238.21992
132.11269 269.44179
125.64300 305.96022
54.19118 269.19138
72.87864 269.65165
84.66085 274.03085
102.64518 274.01415
116.24374 271.08949
126.47687 267.24153
145.45839 257.21520
52.70705 290.01882
68.89518 236.09432
145.01458 321.42719
124.02904 285.61123
45.30456 248.79837
134.19076 262.63554
115.43109 305.16879
82.50283 245.86428
125.96784 298.41458
44.90722 321.20658
130.04085 250.91289
134.88994 294.06235
68.64679 373.93665
69.30007 386.88901
44.23379 293.70167
57.14536 358.99605
54.53244 230.19753
106.53234 415.52747
145.82448 323.28088
114.40404 291.89645
58.71915 249.82621
98.40314 252.19958
106.13334 253.33505
107.79571 357.66437
51.69906 311.36363
123.30136 432.18270
95.34745 414.40101
83.32647 402.76365
158.43547 189.39627
143.02674 435.57870
114.26940 252.99288
122.19564 251.90385
127.42999 251.51262
62.20582 233.25254
120.91499 243.07271
112.47583 239.76751
104.34772 239.02493
96.53032 240.40618
91.79652 242.65000
49.25872 224.89238
93.41987 250.40914
149.39681 332.77969
115.35556 331.13168
125.54589 313.38916
134.79358 331.45773
155.16767 242.50829
81.55097 389.52921
93.65985 402.58747
123.29553 424.53834
58.63406 370.01369
127.20031 247.78517
138.17004 273.57454
143.44508 427.91130
108.09423 424.77472
45.11567 317.13589
129.77929 359.59041
127.22617 363.27223
124.88477 367.83769
123.04851 372.88048
117.95446 381.06087
112.63021 354.31800
110.62549 352.98767
108.93932 351.74817
96.18030 340.19424
62.82769 317.09122
139.07109 262.66785
136.33350 243.38949
131.02727 244.24871
114.54692 355.64673
60.47073 342.82793
143.97695 243.63967
113.29957 391.84651
153.08461 278.72963
145.18155 268.94187
153.79667 267.37668
129.82484 289.19408
144.23587 416.61357
145.08548 402.75258
128.59025 400.28581
92.39339 365.95549
107.09115 312.64970
101.96643 380.25357
84.96097 309.74358
97.07574 322.01755
74.98332 325.25436
125.10450 413.53365
123.03546 293.71033
84.77472 375.89120
96.78838 390.58357
84.49290 350.96256
52.73950 329.78989
72.65073 354.23831
48.75959 339.07010
87.69862 332.78806
131.39983 279.53529
128.12139 311.41262
121.39501 311.84443
133.39059 305.44949
128.93300 233.76398
113.13426 226.13903
99.17945 224.31052
87.77530 226.21451
80.09832 230.68695
75.56102 247.38721
44.95563 271.64715
82.28900 261.16404
91.58332 264.51282
104.07483 265.54340
116.15144 264.14010
125.78782 261.47757
132.36308 258.73103
44.05910 271.82994
121.02113 313.73996
137.31403 283.58706
135.21529 313.65531
139.82978 319.00097
134.82980 314.99246
123.22972 316.50819
141.84835 320.38892
142.50816 322.14933
133.25412 251.37886
137.46864 253.67774
139.95784 255.47961
89.13428 244.35431
82.03042 239.25236
161.02309 280.60079
221.34919 256.47894
159.89150 321.36932
255.02486 218.01851
194.65173 263.85190
204.03617 264.87418
213.00416 264.74340
225.02052 260.29938
186.52219 261.49495
210.21753 235.95003
198.86230 236.43694
220.32432 238.55652
226.50539 243.17088
232.30216 266.51733
180.33603 408.02184
224.82413 254.15719
258.47835 262.77520
242.68607 260.61986
200.48158 305.09431
166.22123 352.56770
164.02883 360.47116
177.53205 354.11973
185.08310 355.27491
173.63191 359.77310
180.94566 359.04800
194.70397 365.93907
158.80088 317.05530
160.62101 306.36091
239.27184 236.97433
181.06239 278.55560
182.69883 311.89493
183.45185 305.76218
229.19429 303.92362
160.87712 292.49995
217.54317 224.53322
230.68340 229.13135
247.72937 199.20459
175.47950 230.68863
188.93111 240.54903
203.71928 354.79333
241.34460 359.20095
175.31888 317.75529
167.00898 320.85845
195.82732 356.54956
193.17361 357.23790
235.82946 223.22889
183.26320 315.47642
199.49138 224.22220
201.47006 216.07174
213.40299 172.77374
241.92973 208.99041
206.98949 192.17290
244.62184 232.72574
250.02139 224.36884
165.44349 356.90561
175.73281 357.04375
183.22412 357.08476
173.03149 319.27443
194.48682 356.91661
189.73466 361.04852
191.84953 357.58448
170.06839 315.88744
179.02471 360.63383
171.61843 361.85904
162.62876 362.83629
160.07661 390.38402
165.68164 381.07812
165.46987 375.00125
164.51205 368.50743
163.03336 363.16208
179.31791 360.49298
181.97786 362.82071
184.53132 365.67018
186.40197 368.64750
193.29864 340.54025
254.51732 308.14427
184.90108 359.19857
187.41969 360.10597
163.53656 324.75727
179.82345 320.75900
165.17083 322.90719
190.96152 284.56115
206.80730 291.62342
185.18123 309.82737
234.94151 183.68966
228.45306 197.75716
220.97360 216.88367
185.59184 375.79606
179.20490 217.17000
184.38844 190.35082
189.13024 166.83848
220.54748 263.47831
241.85958 273.50067
181.07423 259.10246
234.77294 248.61561
174.72356 271.85179
176.43165 309.14417
250.58238 280.80486
235.56350 279.78071
223.76104 282.68323
205.84359 280.90283
192.54155 276.77993
182.65804 272.06039
163.26396 258.17851
249.17190 301.67172
241.65347 247.84471
155.28268 322.00108
180.41110 289.05477
259.62459 261.86882
175.43721 266.55775
185.95908 309.78736
228.93085 255.00067
177.02600 301.61964
249.62348 333.20520
180.78355 255.62667
169.02761 296.09567
221.89742 382.70631
218.64410 395.18051
255.83842 306.08115
234.41692 369.20562
254.47040 242.06717
180.81268 419.75710
154.07790 323.75138
188.97958 296.52153
250.30692 262.78833
212.44003 259.01047
204.54829 259.32638
191.65698 362.02461
246.92428 322.90474
162.73816 434.44522
191.33020 419.58555
203.91435 409.35069
196.53176 258.49310
188.74795 257.15701
183.43423 256.55132
247.79208 245.92073
190.52831 248.17205
199.11058 245.05205
207.54842 244.65928
215.60672 246.69639
220.33107 249.76499
258.73080 237.68324
217.71175 257.87985
183.31527 335.53634
175.15752 316.60436
164.18498 333.45291
207.66538 396.71124
194.54009 408.29259
163.62228 426.87277
230.44719 379.78435
183.94132 252.67031
168.47995 275.30473
178.17167 428.61431
251.32053 329.11603
172.09605 361.95657
174.67189 366.01548
176.61098 370.84191
177.79762 376.16878
174.40072 384.47966
187.04250 358.13159
189.16732 356.97551
190.87632 355.89611
201.00967 346.79164
236.06338 327.39708
168.77292 264.34242
174.91159 246.98096
180.32533 248.65098
184.82417 359.34869
234.21745 353.01947
166.92676 246.08817
177.53589 395.60151
162.21460 269.86801
174.40421 291.95423
161.62139 402.25788
200.99164 372.42021
193.33972 318.07226
189.88841 385.42465
216.15529 317.60858
202.46919 328.49361
223.57930 334.15502
163.39288 415.80183
180.22302 297.31666
206.87986 382.95981
193.46589 396.12377
210.71717 358.60190
243.11649 340.95590
221.42244 362.94882
244.73010 350.35127
210.32739 340.33342
174.07485 282.10950
173.15973 314.19141
179.51377 315.63156
168.94349 307.60395
182.79233 238.21374
198.93943 232.33674
213.16501 231.99723
224.51572 235.13983
231.94591 240.64498
234.78233 257.78873
258.32626 284.23925
227.12909 270.34401
217.48372 272.54029
205.05149 272.24122
193.26528 269.80972
184.06303 266.49477
177.77461 263.03990
257.54840 284.71442
179.43338 317.53726
167.97086 285.36926
165.94823 315.45032
160.51692 320.15801
165.97638 316.83932
176.88083 320.01794
158.51535 321.29568
157.35904 322.96918
177.70217 255.71914
173.07241 257.29670
170.21030 258.65127
222.88545 252.09533
229.84855 248.52449
106.57296 245.93087
116.20111 246.31926
106.87303 237.44702
96.80532 245.55084
106.26878 254.45714
203.92493 251.88966
214.42558 252.42591
204.20995 242.81364
193.46629 251.38053
203.64146 260.99264
