127.51113 298.55569
129.22654 262.35585
130.57277 271.01775
122.43259 232.85363
128.93850 253.13757
129.16389 241.33973
130.41970 212.92072
75.97644 212.34329
130.47246 193.58628
130.35413 182.25309
131.47971 137.51442
127.61281 301.49297
128.00563 304.25560
128.61795 306.13542
128.58934 306.21994
128.28675 310.74498
128.16928 316.25608
128.46757 321.69097
132.11160 334.22883
129.78244 267.08945
122.30779 266.60009
45.57367 176.95442
98.57990 219.43578
89.77544 220.18212
81.65729 219.45123
72.03069 215.24330
106.25327 216.91983
85.97852 195.80361
95.88201 196.37447
77.25131 197.59382
71.78979 201.03212
63.96558 220.06117
101.21295 342.11350
73.38533 210.43161
41.16111 213.91908
54.94746 214.80646
88.55058 253.55869
117.15434 295.91247
119.17119 303.08762
108.56115 297.33460
103.09825 299.40374
112.19173 302.44401
106.92132 302.45792
92.54451 310.63593
122.13933 261.90614
120.64634 253.03315
59.24186 194.83248
106.40966 232.01054
103.21590 258.69141
102.71590 253.90702
64.11933 251.84257
121.40536 242.10577
78.21599 185.59276
66.87736 188.75547
52.32803 161.52607
114.92583 192.73418
104.76131 199.58778
86.13548 300.21246
53.36097 297.15461
110.02725 264.03695
116.91127 266.91210
96.75468 303.79031
98.88379 303.73566
62.46955 183.64155
103.20869 262.42041
94.03075 186.41577
92.25074 179.71667
84.06146 141.28762
57.25774 170.74667
88.80807 158.49597
54.55367 191.33336
49.69102 182.93326
117.84230 300.01084
110.26420 300.11835
104.85835 301.00180
112.09588 265.64183
97.82218 303.78478
100.77018 306.05058
99.97241 303.72298
113.68753 261.42842
108.69945 303.55458
113.92814 304.02817
120.57235 305.02544
119.64481 332.63000
117.51861 320.25165
117.82623 314.82198
118.95044 309.39398
120.52388 305.18997
108.73069 303.77724
106.48771 305.94571
104.21954 308.66129
102.46705 311.69590
94.82331 285.33334
43.51808 253.24848
130.24192 269.07562
104.84273 303.67013
102.76506 304.80599
119.39206 270.38387
106.55723 267.58596
118.19965 268.68114
97.40424 236.75875
83.47318 242.15366
101.52223 257.75195
64.56994 149.29069
69.74313 162.28323
75.27280 179.17683
99.38276 318.73760
111.79445 181.91088
108.33615 157.75034
105.58528 137.74948
75.44286 217.98121
54.59321 225.63632
111.33147 214.43754
63.36608 204.87313
112.27029 226.40925
107.98431 255.62784
45.68050 229.85616
59.46330 231.00213
69.63075 233.75266
85.92118 232.76853
98.36326 229.57537
107.65357 225.56557
122.51882 214.84283
46.63814 248.21200
56.56051 203.90109
125.46270 266.61155
106.34082 240.61965
40.96862 213.81673
114.37005 220.95853
101.16655 258.23353
69.10701 210.70461
107.80206 249.86504
46.86708 274.63075
112.02241 211.52556
114.38041 245.02805
68.90102 318.01733
71.61842 327.88056
41.47371 250.98834
58.65941 305.95382
45.37597 197.13124
100.64458 350.43345
126.81447 268.65198
98.76317 246.81884
48.46353 216.40562
83.18959 214.93308
90.14131 215.71869
99.06369 307.45655
48.69933 266.37099
116.63758 363.98410
93.04044 349.09231
83.22885 340.01281
130.78786 158.68471
134.31527 367.12222
97.55416 215.15414
104.77464 213.56953
109.54894 212.47384
51.04766 202.42624
104.13503 206.00558
96.49827 204.25823
89.12776 204.19566
82.09291 205.65931
77.78043 207.64013
42.09380 193.33536
78.83712 213.62869
130.81922 278.66977
102.86102 280.59440
109.91447 262.63793
118.54606 278.64576
130.71101 202.94406
79.56760 330.29706
89.88914 340.10184
114.93030 358.39009
62.12079 314.96978
109.51696 209.12438
116.93250 228.86823
133.28742 361.40377
103.55396 357.49073
44.65099 270.84272
113.89226 304.23706
111.63480 307.57654
109.81673 311.80520
108.70603 316.70502
107.92028 326.53523
102.87767 302.93499
100.88090 302.26982
99.30757 301.44623
88.88000 291.94432
58.50017 271.21209
117.60770 220.01166
116.64977 205.05015
112.44641 206.01896
104.84084 303.54222
59.72411 293.03120
122.20937 204.61602
104.33484 333.74404
129.59825 231.70090
122.38893 224.30586
129.99278 222.64458
110.76688 242.50707
132.71733 352.93673
132.36194 342.87336
117.45830 340.77570
85.96307 313.77663
94.48034 265.23236
94.44497 324.83379
75.51221 263.75210
86.86229 274.03195
69.51740 277.94171
115.17812 350.33464
105.92637 247.31477
80.45543 320.42198
90.89977 331.57042
78.95259 301.40767
51.95575 281.88263
69.96417 302.91831
49.84185 289.28147
80.83068 285.13327
111.92468 234.67300
110.87989 259.81189
106.02817 261.75467
113.85696 253.91545
109.69949 197.81585
95.16320 192.61612
82.67558 191.86237
72.74875 194.06837
66.24004 198.33064
62.82552 212.68943
40.07009 232.11431
68.22301 223.38082
76.28589 225.53879
87.62218 225.86993
98.75047 224.07688
107.53284 221.02206
113.39021 218.04481
42.05037 233.40814
106.39135 263.96427
116.28093 236.78978
116.42146 260.48388
121.47025 265.07091
116.90910 262.02986
108.90304 266.59545
122.88497 265.95584
124.17300 267.99376
114.57708 211.62270
117.80906 213.36193
119.24495 214.49065
75.32607 209.12245
68.47627 205.21224
137.16348 233.24759
191.34650 212.54349
138.95145 266.97905
229.42294 181.89576
167.23134 218.59719
175.63388 219.77284
184.06617 219.99634
195.51582 215.72249
160.29010 216.21765
181.89105 196.61671
171.82964 196.68488
190.84497 198.77584
196.33126 202.24761
203.71728 221.86432
166.56341 345.71317
194.85057 210.43972
234.16640 219.97915
215.03383 216.67366
176.82269 256.27717
139.16957 296.69647
138.47915 303.91964
150.86286 299.34954
159.01122 302.10206
147.96567 304.15202
155.62211 304.87274
175.23814 313.78210
136.69107 262.33100
137.45605 253.46683
209.34285 197.57696
158.42620 233.42140
159.19988 260.08090
160.09172 255.33101
203.48800 256.20578
137.31797 242.51847
187.96695 189.01503
200.46104 191.89585
219.16606 165.88657
149.40231 194.78639
163.00876 199.53551
181.76191 303.55831
226.31210 303.62107
152.76630 264.99025
145.65837 267.57965
169.82131 307.26233
167.55195 307.05962
205.93772 186.69328
160.16994 263.89777
171.23563 189.51012
173.16842 182.98295
181.73581 143.67344
210.86972 175.10608
174.60025 160.78887
215.63670 193.78133
221.87453 187.88225
138.89011 300.79574
149.34863 301.95156
157.30663 303.53778
150.82011 266.56204
168.64612 307.18592
163.90701 309.02545
166.33304 306.93686
147.66744 262.21081
154.44371 305.78600
146.90601 305.55304
138.24432 305.80570
145.23145 333.95924
140.69587 321.34271
139.80323 315.81120
138.98034 310.25201
138.18258 305.94005
154.30450 305.95981
156.24444 308.24119
158.32338 311.14293
160.17280 314.30294
170.40885 287.74856
237.07160 259.86294
160.11775 306.36002
161.89851 307.63344
143.00048 271.01518
157.52790 269.02895
144.28050 269.33922
168.11523 238.80633
182.64482 245.20308
162.08270 259.39076
203.91521 152.82130
195.59627 165.89990
191.52538 182.50376
167.55830 321.72296
152.85871 184.44898
153.97817 158.87526
158.55209 138.94882
191.22766 218.76302
213.44161 228.29596
155.75109 214.00379
205.25205 206.45979
151.75933 227.46587
153.01521 256.72726
225.89587 235.71443
206.39159 234.34438
194.28088 237.07515
177.11921 234.61063
164.95374 230.22631
156.18465 225.92684
138.99230 215.32511
224.81773 254.02051
213.11809 206.12312
134.30549 266.89743
157.78556 241.95076
238.28433 219.84378
149.67204 221.41854
163.43757 259.98454
199.35783 211.05564
153.74974 250.99163
233.52874 281.19892
156.11953 211.01792
145.50811 245.84340
204.73952 324.02829
204.83468 334.23875
234.71961 257.47618
216.15592 312.15565
228.48087 202.47941
168.38948 354.55919
133.84761 268.83016
166.13368 248.74855
223.44924 218.37331
182.76401 214.89993
175.62421 215.04850
165.88809 310.52701
223.39729 272.11093
152.85482 366.18637
180.07133 354.27079
191.58054 346.00440
168.84473 214.10267
162.38013 212.55147
158.14405 211.75544
220.47778 204.21658
164.16072 204.99176
171.72635 202.90318
179.21571 203.16627
186.28392 205.07802
190.46542 207.37363
235.25016 198.81730
187.73183 213.85503
161.31337 282.32152
152.45988 263.56387
143.81656 279.48943
192.77209 336.03109
181.13649 345.36865
152.25829 360.62158
216.02271 321.33794
158.68100 208.60380
144.82129 229.57872
167.47991 361.45424
231.70158 277.28949
146.81588 305.72858
148.53187 309.20807
150.13192 313.63230
151.50636 318.62243
157.95345 328.88999
161.93902 305.79135
163.69020 305.26349
165.29391 304.58191
177.65062 294.86377
210.84312 276.15890
145.19798 220.78929
149.99408 205.24623
155.34408 205.80480
160.28890 306.27337
211.98970 298.42134
141.91341 205.52896
162.57308 336.84231
138.11094 224.70684
151.55929 243.57856
147.93431 342.48126
182.62737 317.77226
170.81535 267.48786
173.68209 328.55789
190.73899 267.43353
178.95919 276.99112
198.38102 282.24846
150.75660 352.35125
157.71375 248.59508
189.83508 325.36396
178.44987 336.09552
189.46567 305.52278
220.86185 287.61704
200.36370 307.92486
226.22810 295.62105
186.15855 288.62789
151.12189 235.67619
150.21730 260.72097
156.30973 262.96514
145.62959 254.73273
156.78958 198.70992
171.25989 194.36758
184.08426 194.08298
194.60612 196.32362
201.69500 200.35440
206.13982 213.79774
235.72612 238.50236
198.21994 225.30345
188.83533 227.39744
176.87064 226.57552
166.01987 223.87475
157.95991 220.70329
152.42389 217.83367
238.32462 239.68740
156.59091 265.22972
144.45485 237.52550
143.39942 261.22127
139.19807 265.63179
143.88877 262.76011
154.52108 267.77760
137.24387 266.36893
136.82101 268.29046
152.98974 211.29401
148.25423 213.29415
144.98815 215.06736
192.88842 209.05595
199.75122 206.16181
89.97520 209.77828
99.62314 209.54564
89.60183 201.96752
80.32937 209.94134
90.31223 217.44505
174.72882 208.69669
184.01714 209.14350
175.01773 201.39196
165.53762 208.17198
174.46584 216.06038
