165.62501 384.51915
167.07131 352.12414
167.24217 360.90375
161.21823 310.38844
167.79515 339.96729
169.15082 323.41432
172.88834 282.94896
93.72155 274.96236
174.75659 259.71010
175.74513 245.49706
180.44465 183.13496
165.41718 388.25545
165.25330 391.90013
165.29874 394.26387
164.84589 408.62182
164.56059 413.99243
164.17596 420.57641
163.85426 427.27220
163.41172 437.18554
166.96626 357.77856
155.77084 355.50317
60.95694 226.54818
126.36090 285.28586
115.74021 285.95012
105.12891 285.18402
90.05847 277.95857
135.12421 283.47466
109.83861 254.23753
122.74325 256.38331
98.00662 255.63967
90.25107 259.69774
83.05503 283.61541
121.49888 449.48385
89.37543 271.19110
53.61012 276.06716
71.26881 275.45742
114.65085 331.61286
151.00713 381.50446
151.99292 390.66172
136.99887 384.13584
127.90242 387.31809
141.03532 390.68875
132.88152 391.63520
112.42326 403.22047
157.59309 351.05725
157.08325 339.14734
77.99754 251.84581
140.12528 304.50571
131.83850 341.75116
132.13033 334.73109
83.61069 326.31062
159.13712 323.82328
104.15999 242.35942
88.66154 245.15366
72.43016 207.87756
152.16126 254.49750
133.37853 261.91073
104.45817 389.23511
59.98191 385.81375
139.37329 349.47467
147.99207 353.74495
117.46770 393.74367
120.62432 394.23735
83.50209 238.63386
130.66697 345.51811
125.00432 244.59796
123.63206 236.27121
117.76582 184.96933
79.51320 222.74850
123.16743 209.95800
72.14652 246.70035
67.56356 237.06976
151.13656 386.51487
138.85293 387.63142
130.21710 389.53335
141.59779 351.35739
119.06020 393.99862
123.71903 399.93748
122.14907 394.48930
145.64912 348.46176
135.26738 393.01867
143.17788 392.62210
153.26207 393.08118
147.25255 434.83738
148.14404 424.56702
149.25801 418.03580
150.96261 411.58060
152.73244 406.90132
135.18052 401.33911
132.50798 403.10126
129.23497 405.89942
126.65250 409.12197
117.43228 372.91343
51.75801 326.67404
167.06113 359.60570
129.42986 398.48172
126.59230 399.00407
151.49865 358.34106
133.89706 351.76223
149.79668 356.11784
128.44018 309.67155
110.14188 315.46805
129.61205 338.89188
90.62529 193.45302
97.41748 213.17772
100.98935 234.44270
121.05256 415.22929
149.32050 240.50229
149.01711 210.13654
146.57483 181.89359
95.58327 282.60929
72.66402 289.54265
140.67437 281.53697
80.84351 264.15419
148.16556 298.17253
139.33919 339.86890
61.06280 297.41180
80.11332 297.60019
93.99009 302.65405
114.21981 302.42933
129.03951 299.16967
139.97662 295.38209
162.58214 284.96943
60.66260 320.76955
73.62550 262.29864
161.04829 356.91564
138.87811 316.38610
51.42710 273.81088
148.48370 290.93922
128.91270 338.53168
85.63796 271.52323
139.96392 331.28302
53.96289 355.43944
140.03293 278.09636
149.57913 326.55685
79.24786 415.08825
80.78595 429.33310
51.59980 324.66966
67.35133 398.15915
60.35641 254.44542
118.71070 462.05204
162.18720 358.76640
128.23899 323.40830
62.80419 275.85019
105.48110 279.59161
115.24817 280.35871
121.19023 401.15732
60.55669 344.71992
137.49120 481.09460
107.09969 460.48751
94.89365 447.20582
178.18593 212.33282
160.73815 485.36723
124.29158 279.73855
132.54220 278.76017
137.74365 278.51868
66.67052 259.20178
130.30991 269.15044
121.07590 264.76953
111.45812 263.27898
101.59686 264.35227
95.39107 266.98065
54.50007 247.12650
98.61201 277.53354
167.01775 369.20442
128.73212 368.18958
139.71135 348.32194
150.20409 367.91004
174.01513 270.45760
92.22037 432.79254
105.09652 447.36340
137.32194 472.73577
69.68346 410.56740
136.92941 274.71233
154.21113 303.29083
160.98191 476.91435
120.53889 472.38584
53.49236 350.94321
142.91272 404.29344
140.27039 407.59485
137.57233 412.38413
135.60281 418.01529
132.05926 426.42479
126.32108 392.90074
123.69717 391.68737
121.51936 390.33879
108.68613 379.73601
73.15228 351.50979
155.71214 290.87553
149.79348 270.82427
142.11884 271.37710
128.76508 393.78391
70.73363 380.43532
160.66949 271.46745
127.01230 437.02258
170.44297 309.41228
161.78723 298.11321
171.63350 296.44511
144.78246 320.79884
161.71445 464.34623
162.67930 449.57358
143.82996 446.66495
103.94954 408.24340
119.70576 347.10639
114.37871 424.06294
96.37029 343.70321
109.22292 357.99956
86.14653 361.30141
139.48258 460.67722
137.46453 325.65775
95.46265 418.23789
108.54657 434.42520
95.77199 391.37851
62.18118 365.40416
83.23567 393.85372
58.06954 375.51922
99.63465 370.71394
146.91964 309.81014
142.31511 346.08675
134.85883 346.48937
147.67300 339.32272
141.58475 260.84095
123.81940 252.73493
107.68786 250.38593
94.49248 251.96700
85.21333 256.48543
79.69498 273.78600
51.29161 299.96497
88.89003 288.62176
100.48615 292.57230
114.77691 293.33171
127.98253 291.58089
138.06363 289.02284
145.20108 286.50515
51.38516 299.99944
134.62010 348.51526
152.83761 314.69235
149.84727 348.45256
155.31468 354.22675
149.86134 350.01901
137.22100 351.52408
157.47578 355.75957
158.42931 357.56066
144.22833 278.76674
150.92061 281.49165
155.13764 283.71351
91.93015 269.21285
85.60082 264.76483
179.80916 311.54924
249.56296 283.07793
179.23730 356.99347
299.62468 241.80140
218.05177 291.16421
229.05606 292.66416
239.79531 292.52019
253.85369 286.76167
208.89203 287.74459
235.98088 262.19307
223.26192 262.25181
247.33891 264.90990
254.29383 269.35756
263.25593 294.02430
205.44999 455.66437
253.53349 279.98139
301.12878 292.23505
277.09950 287.51580
227.09729 339.08483
181.11779 383.48110
179.30413 392.24368
195.36626 388.01650
204.24092 392.03080
190.72236 393.58776
199.07872 395.31714
221.88348 410.74916
176.88073 352.29402
178.83458 340.51121
270.98035 262.93738
204.91898 308.61232
206.35590 346.63141
207.37214 339.61765
260.48852 338.08876
179.32256 325.03819
244.91505 250.49652
260.31033 255.21449
289.09509 221.57212
195.93434 256.10042
212.06170 265.82248
231.93986 397.94108
283.17151 401.65721
197.74045 353.27686
188.14938 356.41682
214.22269 398.69862
211.09765 398.80851
267.16843 249.17952
207.39434 350.64764
223.94044 249.82218
226.53161 241.85416
244.28231 192.82239
278.66242 235.38612
234.47758 216.72789
278.55634 258.75149
290.07195 251.48655
180.42874 388.32256
193.12482 391.03785
201.80665 393.73263
195.21348 354.90444
212.63654 398.76821
207.39606 404.04107
209.67767 398.89647
190.72682 351.28130
196.69125 396.26500
188.57064 395.08698
178.16785 394.44077
180.46101 437.26865
180.23316 426.27734
179.69254 419.67950
178.79487 413.09655
177.58191 408.22966
196.08987 404.34955
198.59269 406.32229
201.35598 409.32436
203.44476 412.72599
219.07510 379.76771
299.37474 343.49616
202.06059 402.13125
204.78303 402.86639
183.99117 360.57013
203.66540 356.52522
185.98874 358.57460
216.19382 315.31696
234.26701 323.64043
209.68751 344.23339
271.55164 204.76374
260.79751 223.39323
249.62292 242.87743
210.95631 421.53457
200.28069 242.94119
208.07492 213.73567
215.08626 186.15289
248.69275 290.82570
275.12357 302.05712
202.92428 284.66273
265.38876 274.54734
197.37801 301.24386
198.28439 343.64952
288.94940 312.53685
266.57105 309.00435
251.72841 312.08888
230.74395 309.26925
215.69016 304.00605
204.53046 298.48078
183.32673 286.23761
286.38043 335.98753
275.03316 274.00365
173.11631 357.69263
204.08700 320.54518
305.67277 290.34348
196.16769 292.60443
210.95219 344.02675
258.22156 280.66262
199.25404 335.06197
293.51537 372.14813
203.14584 281.05250
189.30810 329.05211
255.85252 427.65451
253.86044 441.91049
297.18262 341.30786
271.00472 412.43332
296.16330 269.71818
206.62198 468.65349
172.05785 359.39584
214.09509 329.01490
287.37344 289.69483
238.87669 286.89068
229.38279 287.38432
209.62708 405.45464
283.77908 360.00278
184.72485 484.69164
220.28256 468.76119
235.81826 457.51503
220.19788 286.11997
211.54328 283.72855
205.91531 282.29444
283.75298 272.14617
213.46268 273.47219
223.33390 270.95797
233.15202 271.15485
242.43272 273.35284
247.89292 276.08644
304.67152 263.19568
245.21649 285.14182
207.44275 373.47110
197.29504 352.05741
184.67233 370.28354
239.36021 443.48293
223.53406 456.12006
185.57240 476.42705
268.99594 424.81801
206.43933 277.91083
189.26118 305.47369
203.85960 478.52129
291.94730 367.40188
187.88297 406.54959
190.22694 410.07852
192.26262 415.04879
193.71522 420.79238
197.57222 431.03023
205.73529 397.05051
208.23926 396.25142
210.40162 395.34469
228.04715 387.82193
268.88196 364.81537
190.07222 293.03544
195.60475 272.28576
202.18282 273.89396
203.37174 397.61561
268.56782 394.04838
186.10925 271.65352
201.67435 442.40204
181.60497 299.31306
196.43983 324.13838
182.50264 449.52003
229.90281 417.05144
219.57578 353.74550
216.84052 431.32583
244.69487 353.67301
229.53202 366.07219
253.64255 372.72707
184.88667 464.10290
203.78144 329.91197
237.53007 428.30217
221.54485 442.61454
240.51583 401.39177
279.79012 380.40504
253.43655 405.68062
284.07410 391.26412
238.65765 380.12276
196.32424 312.96436
194.29463 349.37734
202.50531 350.91875
189.04500 341.93234
204.47896 263.26881
223.05535 258.03303
239.21738 258.16023
252.31343 261.32612
261.10432 266.64987
266.34469 284.07069
300.51320 316.52119
256.65921 298.25824
245.24144 300.84694
230.49699 300.16661
216.72883 296.86878
206.22750 292.68901
198.97458 288.82145
303.03582 316.58672
202.74541 353.01956
188.30251 316.90778
185.59380 350.72103
179.65009 355.85301
185.85965 352.36747
199.92936 355.72832
177.02618 357.02579
176.11913 358.68703
199.21559 281.07000
193.52673 282.82504
189.99474 284.35264
250.99152 278.16266
258.68882 274.39343
111.63155 270.69597
123.30773 271.02266
111.78387 260.89483
99.83081 270.27993
111.45005 280.55003
229.24569 278.16685
241.54671 279.02178
230.05021 268.62091
217.02122 277.28236
228.56694 287.80638
