163.32437 364.11150
165.32794 326.51953
164.45590 336.88873
159.80537 288.93264
166.31351 315.12190
167.75838 300.20216
171.34204 264.71216
97.19800 261.25668
173.63761 242.89689
174.94224 228.93264
180.05632 171.16584
162.97126 368.41825
162.42234 372.52460
162.03302 375.14929
162.15421 375.18141
161.87892 380.60271
161.34271 387.21691
160.64782 394.24561
159.01893 401.00522
164.87493 332.27441
153.97174 330.82898
60.01294 216.29464
125.96633 270.26073
115.19933 271.13945
105.05340 270.25870
92.45351 264.49036
135.42264 267.83570
111.43130 241.43948
123.74034 242.93870
100.05691 242.96422
92.65928 246.83095
83.02324 269.69293
118.13943 419.51761
93.60152 258.55311
52.56725 263.58930
71.43792 261.85426
113.77505 312.49818
149.63741 359.83044
150.26197 370.75950
135.86490 362.37568
126.48412 365.92746
139.53084 370.20087
130.87711 370.59625
111.78550 379.57577
156.08237 325.53913
155.77533 314.49342
77.68193 235.93498
137.93182 286.94918
130.27652 319.45124
130.59324 313.41556
82.79870 309.21522
157.79796 300.70685
103.60452 225.84290
88.31275 228.78516
71.53188 196.80104
151.39287 239.15994
134.24710 247.50606
103.83002 369.59583
55.92586 367.83310
137.61195 326.26886
146.27313 330.32906
115.17570 372.24156
117.86918 372.28340
82.79086 221.16536
129.18830 323.82944
124.54440 228.83396
123.27914 219.73049
117.21675 172.76957
78.48674 209.29427
122.28139 195.48767
71.82250 230.55867
66.60938 224.52624
149.69972 365.96609
137.76954 366.71307
128.67606 368.38980
139.97424 328.32841
116.57771 372.29492
121.79988 374.80148
119.37528 372.31044
143.73260 323.85056
132.49484 372.09240
141.00169 372.37294
150.96893 373.53468
145.36498 399.45242
146.97740 392.17633
148.26663 385.13045
149.71763 378.59421
151.25669 373.65075
132.73631 372.33979
130.49104 374.61016
127.97351 377.69221
125.75587 381.31326
117.12686 352.45567
48.98668 313.31411
164.67334 334.58611
126.19624 372.35440
124.10724 373.48132
149.74075 334.92156
132.74907 330.42459
148.04925 332.68466
126.17988 292.55723
108.55317 298.48688
128.22025 317.93423
89.76655 181.71845
96.26743 199.05175
100.44074 216.87387
120.65255 386.80904
149.04592 224.97808
148.34113 195.91807
146.26443 169.67403
96.90389 268.24672
71.63585 275.70334
141.68222 265.52880
82.23205 250.28710
146.10307 280.30401
137.75621 316.48281
59.71809 282.97337
78.09049 283.24284
91.05830 287.60765
111.12849 287.16347
126.40556 283.67735
138.05146 279.41238
161.01300 266.78797
59.58287 305.36765
74.02211 247.89693
159.15929 331.46473
137.19888 297.43618
49.90781 263.37967
147.01459 274.49226
127.66595 318.43441
88.67278 258.53589
138.36641 309.18890
50.79335 340.07314
141.67197 262.09759
148.14012 303.86389
74.15961 392.65018
74.54356 406.90823
50.29119 309.78299
63.29133 377.25216
59.42975 242.25087
114.15889 432.50165
160.04661 333.78898
126.88106 304.76074
62.98938 262.83569
106.72126 264.75001
115.52571 265.53453
119.63494 376.48322
59.45659 327.84857
132.45033 449.96657
101.04173 434.18288
88.28986 422.96659
177.60654 198.41793
155.20524 453.18805
124.50395 264.73669
133.22034 263.23841
138.90411 262.66787
66.91184 245.01888
131.32949 255.38722
121.92966 252.77300
113.05968 252.23403
104.36589 253.54995
99.03335 255.61825
53.47099 237.09633
101.03040 263.08314
163.74854 345.62840
127.87223 346.71547
137.86121 324.65825
148.35893 344.82187
172.54928 253.54602
86.64088 408.46367
99.72314 420.90891
132.93143 440.38612
64.43843 389.92270
138.36457 259.28500
152.52429 283.45327
155.88302 443.46573
115.29546 443.46328
51.89222 334.29012
141.30576 372.59014
138.97397 376.43507
136.88073 381.39810
135.16750 387.46996
131.48027 393.82840
123.82915 371.32334
121.63388 370.31333
119.65034 369.09018
108.34003 360.22736
72.05854 333.12317
153.86090 272.74749
150.01168 254.79041
143.40753 255.78784
126.12426 372.19083
68.18546 360.39499
159.42210 255.08653
124.77843 406.41989
168.99863 287.85787
160.26599 278.15511
170.13841 276.43442
143.10437 300.12157
156.79780 430.30730
157.97099 414.78736
140.95884 412.90361
101.26037 385.08796
118.64091 326.84545
112.00946 397.28942
95.64555 324.08545
108.14513 337.52847
84.47034 341.59820
135.89254 427.67400
135.77008 305.58536
91.26939 394.44297
104.59449 407.97071
93.35050 371.05272
60.26626 347.12076
80.14058 372.61820
55.28419 356.81089
98.15129 351.33082
145.16111 290.32470
140.56647 321.70771
133.17634 323.40780
146.27456 315.06441
142.01656 245.67735
124.24314 238.02716
108.50665 235.87984
95.46966 237.63365
86.45692 242.25448
81.03872 260.12198
49.99931 286.35212
88.54404 274.39023
98.91301 277.61747
112.92373 278.32242
126.49368 276.39052
137.40464 273.30129
144.93737 270.32971
49.11027 288.35161
132.99747 326.01993
151.26384 293.44712
148.33982 323.27229
153.57011 329.16938
148.13628 325.04957
135.84596 329.30611
155.67594 330.40689
156.41980 332.69412
145.66877 262.56651
150.91737 265.07201
153.97723 267.01459
95.97154 257.21769
88.19156 251.63440
178.05749 290.23471
248.05637 271.74620
176.05672 332.41153
290.65437 233.14981
215.95517 277.02556
226.63028 279.52034
237.06638 280.04524
251.59167 275.40613
207.19472 272.93472
236.97620 249.09176
224.08586 248.72171
248.17664 252.40211
254.67048 257.38349
258.79882 281.97057
197.20065 425.17426
252.33039 268.82647
290.56030 280.76447
271.77745 275.64779
220.31537 320.42739
177.20428 362.44025
174.44345 372.99710
189.73012 367.29031
197.59233 372.22842
184.57822 374.25354
192.48380 375.95453
209.93072 387.14842
174.71507 326.86836
176.99594 316.01926
271.23386 250.00319
201.08529 291.50576
202.06285 324.80212
202.99291 318.79747
251.80579 321.68164
177.59664 302.10484
247.35255 237.12472
262.20504 241.82981
282.45410 212.41018
197.14435 243.30849
212.46341 252.00486
219.65757 378.41210
270.26145 383.30013
193.43406 330.42645
183.99772 333.22121
206.82771 379.80333
204.17691 379.42121
269.03876 235.29579
202.39330 329.35870
226.01173 237.21204
228.91858 228.79775
241.93303 182.21080
273.73508 223.53384
232.87303 203.87599
277.97546 245.60696
283.01280 240.22724
176.05752 368.42308
187.15989 371.19144
195.11840 374.19283
190.68273 332.13813
205.46111 379.64214
200.31779 381.29150
202.67139 379.18155
187.61811 326.99949
190.35114 377.00297
182.46455 376.02901
172.92957 375.53308
172.87532 401.67483
174.23236 394.55331
174.16455 387.36239
173.75234 380.67455
172.82788 375.53185
190.11029 377.07726
192.28484 379.77030
194.37740 383.25353
195.98066 387.21794
209.40755 359.38350
286.45587 330.64944
196.02786 378.06841
198.18193 379.59502
179.68124 337.29158
197.76050 335.47935
181.75737 335.33425
211.66066 298.79690
228.15492 307.33354
204.59537 323.71499
267.26379 195.00845
257.85972 211.09427
252.17967 228.94577
199.72865 392.91347
202.31891 230.18438
207.02541 200.39344
213.82629 174.81747
246.04764 279.07636
268.67084 289.77419
201.61973 269.59766
264.03941 262.65393
194.16825 283.75241
195.00505 320.69293
279.73304 299.02452
260.40912 296.36991
246.36710 298.78094
226.53598 295.36659
212.23161 289.57508
201.81794 283.55910
181.38715 268.22767
276.11179 321.24950
272.31784 261.85561
170.68795 332.28999
199.70811 302.00680
293.50097 281.09838
194.16064 277.42886
205.09896 324.33889
256.55429 269.62131
195.86530 313.41923
280.26668 356.79268
202.16567 266.08636
186.84226 306.67333
246.16529 404.59286
244.13820 418.74424
285.18043 326.79054
260.02402 391.08701
287.23315 258.70082
199.20188 438.40189
169.41611 334.46271
208.61024 310.84051
280.19527 277.97674
237.06838 274.74991
227.61968 274.31311
202.16172 383.28874
272.46387 343.36768
178.19682 453.16050
212.55370 441.72219
227.41494 432.45833
218.53925 272.01918
210.13465 268.90014
204.67908 267.27939
279.69608 259.88328
213.85204 259.34339
223.81818 257.29111
233.42710 257.93159
242.46719 260.85776
247.52141 264.25180
293.83926 254.61738
243.58276 273.54012
199.72350 352.13516
193.39772 328.78256
179.39948 347.21288
230.81659 418.36894
215.63262 428.90635
179.16162 443.66142
257.61035 403.63177
206.02525 263.24037
186.76141 285.92062
196.50897 448.98134
279.38537 350.70415
182.27430 376.07626
184.22065 380.28799
185.61368 385.52113
186.47479 391.84520
187.59877 398.16380
198.76775 377.58484
201.07579 376.99377
203.17973 376.14160
216.78161 368.40544
258.52748 346.74733
187.57228 275.19486
195.51185 257.74884
201.90068 259.35150
196.19912 377.98131
257.53104 373.88358
185.99849 256.97150
192.55069 411.44260
179.77754 279.52645
193.00428 303.84284
175.24282 415.51619
219.67822 393.81798
212.58895 333.90594
206.83646 404.27305
236.30323 334.48047
221.22701 345.96571
244.35128 353.31402
178.02917 430.76255
199.42189 310.30145
228.28143 404.12216
212.68972 415.61925
230.05841 381.16958
268.20174 362.07455
243.17340 384.26302
272.00805 372.26196
228.81135 361.08095
192.94923 293.82344
191.17282 325.34697
198.34918 328.25387
186.53814 317.97362
205.22176 249.94329
224.46540 244.85219
240.83142 245.10646
253.51806 248.66210
261.55914 254.42851
263.00704 272.41259
289.31655 303.62443
252.28645 286.08761
240.95657 287.93788
226.90425 286.58560
213.88133 282.57490
204.00222 277.76508
197.28934 273.60748
290.38348 305.87800
198.08471 330.89393
185.86969 295.94383
182.95608 325.72323
176.72397 330.84623
182.92804 327.56726
194.75745 333.78241
174.37261 331.76039
173.19947 333.89468
198.35748 266.01868
192.49885 267.61777
188.84721 269.14778
250.21232 266.72147
258.17226 262.90553
113.56918 256.90365
123.70481 257.30309
113.97836 247.73590
103.29135 256.50489
113.09619 266.06953
229.12446 265.02318
239.87304 266.22448
230.42085 255.96100
218.40650 263.77103
227.89411 274.16122
