188.68599 386.52964
188.00352 357.20593
187.93439 365.46659
179.38680 315.57454
188.45058 345.56242
189.11829 328.74481
191.03511 286.02717
105.44452 273.99299
192.12734 251.75089
192.85593 235.17210
196.88219 177.40260
188.69262 391.14267
188.72415 395.84235
188.82446 399.00230
188.76918 399.15904
188.71482 405.10093
188.59392 411.98672
188.50042 419.08159
185.44839 429.91653
187.89526 362.16358
176.14830 360.43658
64.47553 223.35440
140.36056 286.99988
128.03705 288.19194
116.27779 287.15588
101.09777 277.13420
151.02050 284.29589
121.41264 250.06090
135.80570 252.75762
108.72474 251.17929
100.71422 255.37950
91.44731 284.12820
141.40970 443.21169
101.15797 268.87762
57.31943 274.46326
78.09646 272.37822
128.10480 337.37344
174.10204 383.92208
175.37330 394.83376
160.35905 386.43514
151.34254 388.72353
164.30635 394.03212
155.89071 393.47343
132.21140 404.39502
178.05242 356.53178
176.80118 345.19476
84.34362 242.14450
154.18274 308.71879
150.93793 348.60250
150.50369 341.55546
92.30951 332.86745
178.02919 329.49016
111.54171 234.83414
95.28646 235.58901
75.79792 204.41721
164.57832 255.11808
148.28514 259.32894
123.40711 393.46956
69.07423 378.57699
159.46292 355.61044
168.55257 359.55380
140.55843 391.57925
143.28876 392.19350
89.39951 225.81828
150.20271 352.52710
134.15065 241.23459
132.42626 230.80349
124.61532 181.21473
82.51411 216.91936
129.71847 204.01012
77.76750 234.53848
70.98436 232.20898
174.40021 389.79361
162.23388 390.40740
153.46027 391.08454
161.93851 357.50030
141.95243 391.89345
147.47306 396.05614
144.73398 392.53313
165.24179 353.93893
157.90006 395.30967
166.24103 396.60588
176.61905 397.98095
169.37534 428.53715
173.79276 417.28610
174.38219 410.25064
175.43310 403.51459
176.73767 398.15985
158.03585 395.39528
155.94123 397.56427
153.65493 400.61008
151.88161 404.24078
136.76580 378.85129
57.43072 320.77173
187.87243 363.82222
151.89380 394.12849
149.70363 394.94982
172.37604 364.06101
153.60160 358.65734
170.52856 361.90059
141.48162 314.55887
121.04128 321.44620
148.31781 345.73694
94.56709 189.95118
100.84377 206.75235
107.84252 223.99733
141.72767 413.77056
161.25358 239.60582
160.24192 205.24872
157.73595 177.62594
106.39249 283.50674
78.29702 291.61040
157.91076 281.88505
89.62747 258.85644
162.76512 301.96104
157.97250 346.14069
65.22924 299.75047
86.47325 302.67992
101.68291 309.62464
124.52978 308.74386
141.31981 304.03304
153.65825 299.30037
179.25846 288.35300
66.26064 324.37846
80.42053 255.60342
181.70446 361.61837
154.79791 321.38752
55.53478 269.63944
163.19604 294.37059
147.19738 345.22971
96.50697 268.49366
157.91282 337.51924
61.33733 348.90680
157.86470 277.52922
167.61158 332.33789
93.09080 411.51287
94.02692 421.85948
57.02703 323.23477
78.77555 394.68924
63.82436 251.68906
139.13004 453.61456
182.92406 363.28090
143.59575 328.95361
68.23257 272.51820
117.32212 280.66062
127.98738 281.83227
145.53878 397.51013
68.35685 347.02871
159.90844 469.72172
126.21383 450.49749
111.57913 438.55597
194.89572 206.56026
184.21930 472.91880
138.48997 280.59344
148.72093 278.62810
155.16698 278.04379
72.38969 250.80534
145.64367 267.21592
134.28438 262.70180
123.26767 261.61892
112.96981 262.93299
106.94948 265.36749
58.22620 243.99304
110.20595 277.65137
187.71364 373.69549
148.49903 374.48120
159.59837 354.33405
170.98301 373.56224
191.64085 268.39871
108.67874 427.53338
123.56063 440.26875
159.00728 463.53283
80.40777 403.05992
154.05794 273.55049
170.59791 307.82938
184.07219 466.68145
141.64499 461.52748
60.74127 348.45110
166.45040 396.79031
164.34515 400.72569
162.63712 405.74035
161.51680 411.91044
153.81933 422.34060
149.37318 392.78895
147.08986 391.54475
145.18676 390.29005
127.90264 385.28537
82.93789 355.81872
171.14219 294.41793
165.67112 270.77350
158.83155 270.42267
151.88173 394.06398
82.48012 381.05951
175.58027 272.88722
147.18719 432.22843
189.75996 314.32493
179.15655 302.79125
190.37433 300.85990
161.64325 326.05801
184.43239 455.97911
184.96803 442.15797
165.29758 440.18744
121.19033 408.70994
136.36257 353.38394
133.00201 421.72854
108.29416 349.59543
124.58477 363.67387
98.23440 366.15303
160.87089 453.25105
154.65000 331.41031
111.64505 416.49386
126.59441 430.19546
111.71348 394.42595
71.80072 365.92374
97.19379 395.01059
67.08192 372.08436
115.28610 376.23987
162.87389 314.40469
161.61550 351.93786
154.50363 352.96056
166.73112 345.38730
155.67104 259.54623
135.45139 249.07632
117.70681 245.22649
103.56231 245.98857
94.03556 250.26593
88.51688 270.51372
55.52179 298.73714
97.83031 291.03558
110.01878 296.43165
126.03353 297.17178
141.21847 294.53767
153.00245 291.11409
161.05302 288.29043
56.09056 294.71933
154.52829 355.16800
170.01873 319.78390
169.66819 354.09867
175.52024 359.13930
169.61595 355.27168
157.34766 358.12916
177.87624 360.63273
178.96589 362.32133
161.85325 278.73026
167.29944 282.78109
170.48668 286.30413
103.64111 267.29443
96.03914 260.53372
200.05741 315.85077
276.92257 282.29260
199.97999 360.57119
324.42842 226.74055
243.47000 293.75489
255.44138 294.69133
266.74144 293.50313
281.13187 285.44701
233.35954 290.62672
262.28277 258.08584
248.08706 259.25903
275.00837 260.50636
282.74515 265.38664
290.72649 291.65018
228.27648 444.81889
280.92640 278.15116
327.42975 277.61770
304.38289 281.62653
250.09990 338.86264
203.41705 384.34945
202.37558 395.32222
218.11075 387.24122
227.88898 389.81131
214.16277 394.92021
223.48638 394.57800
241.40096 405.77028
198.11357 356.71003
200.12882 345.42351
298.56729 255.50222
226.45601 309.68776
226.38746 349.61635
227.45834 342.59921
286.32154 335.23989
200.19239 329.72512
272.29166 244.67018
288.01773 248.18813
314.34789 207.84624
220.06134 253.39633
235.75468 264.74445
251.26182 394.96817
308.43158 381.97396
217.27567 356.35791
207.78389 359.91001
240.97066 392.91518
238.10827 393.48012
294.55419 240.54573
226.75613 353.42774
250.62507 245.11744
252.80729 236.12453
268.43437 183.31397
305.12607 221.44426
259.84174 206.96964
305.70366 249.28672
315.84867 236.59014
203.22754 390.24988
216.24502 391.27824
225.84529 392.16298
214.55936 358.13303
239.50182 393.19624
233.18130 397.37083
236.59513 393.78815
211.60061 354.54549
221.56137 396.38334
212.26608 397.47028
201.37588 398.44837
201.37891 429.16942
203.42008 417.92770
202.96924 410.80650
202.17245 404.00762
201.11112 398.61374
221.36894 396.44553
223.57988 398.72131
225.90149 401.89773
227.64339 405.59049
238.32880 379.88785
324.68729 324.15727
228.42857 395.31449
230.80499 396.22653
203.67483 364.39623
222.91813 359.43384
205.64842 362.28644
238.67567 315.80774
258.53288 323.10384
229.30124 346.78374
297.11607 192.92547
287.68465 211.05871
276.63200 235.54434
230.84161 415.06954
224.13772 238.56610
229.82229 206.58993
236.18354 178.65948
276.00320 290.56952
303.24518 298.48229
226.72277 287.63472
293.17501 269.85770
218.36200 302.70860
219.38837 347.04658
316.44731 302.92106
295.51469 307.76986
280.64893 312.98649
257.85081 311.86341
240.99985 307.67633
228.60824 302.82183
202.58260 288.69456
313.39569 327.58159
302.57124 267.10375
194.17829 361.66678
224.79450 322.36632
331.11898 272.64431
219.46041 297.26654
230.55820 346.21829
285.88289 278.09822
220.24690 338.41341
318.54988 352.47531
226.31851 283.21632
210.57167 332.92507
280.49678 414.69000
279.05620 424.98801
323.58121 326.62726
296.33913 398.16841
322.20529 255.25889
229.84678 455.45492
192.93415 363.32387
235.36089 330.10717
314.40466 282.07080
265.91512 287.91536
255.86561 289.19831
235.21932 398.87001
309.66257 350.41052
208.15811 470.60730
243.59399 452.61967
259.67941 441.11486
245.76351 288.30108
235.99414 286.06428
229.57195 284.69519
311.11723 263.23680
237.29963 272.92964
247.99659 268.79094
258.98687 268.31384
269.27293 270.42685
275.27204 273.62500
329.89641 247.07618
272.50864 285.26206
227.04332 375.18792
217.29112 355.14840
204.68820 373.91584
262.96712 430.29434
246.92457 442.77395
208.80939 464.44403
294.64838 406.38987
229.73949 279.16568
209.79313 308.40355
227.07353 463.13269
317.88480 352.00523
212.03725 397.61422
214.07407 401.64230
215.65885 406.78319
216.72327 413.02036
217.69693 423.37604
231.15724 393.97000
233.40166 392.73854
235.32489 391.50580
247.03729 386.53710
294.13213 358.67627
210.36401 295.00569
218.79247 273.92250
225.49677 275.20960
228.68509 395.23184
293.10897 384.22766
208.29916 273.83910
223.50263 433.59294
201.44643 303.07401
217.35206 326.99863
204.48021 440.90353
251.63135 410.56723
240.54597 354.44027
238.72110 423.34720
268.91679 351.59617
251.43251 365.10536
277.83964 368.53844
207.65348 454.06742
224.14087 332.40564
260.69868 418.85712
244.64204 432.29666
262.44859 396.53893
304.94720 369.37458
277.18698 397.76369
309.88950 375.68027
260.08401 377.97366
217.13977 315.25052
215.35284 352.70535
222.48354 353.93304
210.45723 345.95767
228.80571 262.20503
248.74418 254.65057
266.33541 253.71008
280.25463 256.34187
289.18800 261.64502
293.64662 279.96558
326.97816 301.93760
284.49346 297.26750
272.74376 301.46169
256.94542 302.23063
241.84442 299.89862
230.42694 296.14355
222.54345 292.48330
328.37801 297.81303
222.16676 355.99706
209.21989 320.38124
206.88884 354.48005
200.71224 359.35235
206.98194 355.71759
219.17299 358.80949
198.16507 360.76144
196.99594 362.39117
222.47724 283.71354
216.53444 286.31884
212.69661 288.68001
278.51015 276.01984
286.82153 270.86040
125.01478 271.03505
138.19568 271.25585
125.54853 259.45708
111.72355 270.73546
124.40481 282.61202
254.52139 277.72430
268.16446 277.89856
254.63297 265.82592
241.02359 277.43102
254.46737 289.60174
