203.90159 475.41379
204.88784 428.24466
204.79160 436.51048
194.08508 376.29229
204.97047 414.18900
205.05321 393.34515
205.03925 339.67421
112.74974 320.89287
204.26345 302.28553
203.91223 283.78685
203.84299 211.16468
203.86531 478.99010
203.70326 482.18294
203.60793 484.27409
203.85822 484.36467
203.86657 490.16538
203.77181 496.75377
203.66676 503.30224
204.53262 516.06831
204.86381 433.74115
191.71272 430.24569
65.56169 258.78424
150.90709 333.82245
138.11340 334.82770
125.24097 334.45761
108.12736 325.36583
161.20134 331.65752
127.80685 299.56841
143.58504 301.24738
114.21304 301.55406
106.00642 305.91320
98.13764 333.69576
157.37312 527.32155
107.49622 316.74074
61.29230 317.98565
83.47673 322.91219
140.68013 398.59393
187.36144 470.70928
188.74400 479.64110
172.75169 470.63403
162.47861 470.82213
176.26697 476.97728
166.40102 474.84937
145.71325 481.47818
194.05177 426.80251
192.36354 413.09994
89.25622 298.55614
167.28301 364.37555
164.82402 414.30211
164.24644 405.53579
102.90364 391.25483
193.18969 393.78546
118.24119 289.68650
100.62009 291.96260
77.17263 238.11780
176.02699 303.06103
157.09371 306.69070
136.33538 467.06384
80.67258 441.76293
173.75076 423.00675
183.66088 428.14997
147.57600 470.85959
150.49281 471.78779
94.62087 283.32510
164.19460 418.55188
142.87517 292.29612
140.23530 281.66698
128.80214 213.39154
86.29586 257.26548
136.73415 243.98160
82.63667 290.56146
73.80046 272.98538
187.78545 475.82024
174.47505 473.97467
164.31791 472.79948
176.45179 425.19833
149.08691 471.34555
155.62263 476.44795
151.98129 472.23917
179.89909 422.03504
167.94471 476.50343
177.96344 479.16011
189.82936 482.08651
186.64802 513.96808
186.83593 500.97748
187.48321 494.24425
188.69365 487.80277
190.15941 482.27351
168.31378 476.69462
165.75116 478.98855
163.10437 482.08612
160.94831 485.68644
150.86738 449.83080
64.80306 371.42955
204.82696 435.28662
160.64882 474.62883
158.11240 475.41804
188.13495 433.81878
168.04919 425.72162
185.98106 431.07649
154.19921 370.70535
132.81083 378.47530
162.06903 410.15539
97.25930 222.39771
106.33578 246.92319
114.01162 278.98385
156.01756 493.85113
171.50932 286.16897
168.16798 245.00629
163.20697 210.15577
114.31403 331.20755
84.82581 342.03026
167.54199 329.36970
94.79476 310.62492
176.00215 356.86786
172.19699 412.36017
72.10857 349.15031
93.25153 353.56353
109.52634 361.00640
134.42434 360.21101
152.51086 355.25634
165.15384 350.30200
192.76752 341.77116
75.02652 378.85407
85.15117 308.30389
198.01120 432.66586
168.20495 380.43739
58.26493 310.94486
174.66777 344.86924
160.92319 408.96352
102.56227 317.46694
171.94774 401.58638
71.17221 405.58433
166.84928 324.29962
182.10105 396.34004
106.23845 485.35762
108.27287 496.62039
64.90783 375.94429
90.82870 463.75558
66.85487 293.03699
155.88945 538.61612
199.32132 434.31497
156.69471 388.78381
74.01229 322.84047
126.26390 326.10914
137.71354 326.79806
153.42925 477.79856
78.54106 406.25329
179.43011 556.80626
142.56898 533.18079
126.87535 518.02055
203.66870 247.30531
205.47630 560.84013
148.49399 325.87605
158.38231 324.59805
164.44734 324.56046
77.15970 302.96382
155.29412 313.36135
143.72684 308.50048
131.69967 307.42700
120.20957 309.27747
113.58962 312.43161
59.61339 281.67889
118.36353 323.81811
204.88921 446.82805
163.52649 445.26971
173.89735 421.74446
186.97772 445.73281
204.75291 319.48194
122.94082 505.75009
138.67513 522.11577
177.95371 551.15759
93.60927 472.56780
163.10798 320.11357
184.35668 365.56427
205.14716 555.30392
159.33927 546.94972
70.40534 406.43585
178.33698 479.37157
175.88405 483.48366
173.88728 488.56224
172.51559 494.66828
169.28149 505.31036
158.24310 473.14001
156.10757 471.88377
154.40189 470.71714
141.24278 457.23208
94.20631 418.30900
184.55981 348.50477
176.45499 318.03110
168.26022 317.25914
160.39487 474.46365
94.48423 448.50027
187.11517 321.05972
162.71533 515.51612
205.07987 375.20432
193.26064 360.03153
205.07667 358.17804
175.60481 387.43648
204.88498 544.04238
204.65919 529.04257
182.77717 526.15376
134.92084 485.29415
149.74826 418.32581
147.45549 501.90973
120.42993 412.71756
137.88995 430.56318
110.69976 432.12101
179.01607 540.27051
168.37844 393.05663
125.49714 493.44036
141.14963 510.91467
124.73188 467.33060
82.96134 429.21444
109.98519 466.70065
77.93075 435.39244
128.32732 445.42646
176.49516 372.77662
176.08409 419.64249
168.57677 419.83844
181.40136 412.43877
165.76358 307.28242
143.58270 299.12655
124.01679 296.95808
108.60480 298.48926
98.77273 303.11671
94.47822 320.56379
61.30391 346.45662
105.20751 340.43973
118.58337 345.86168
136.13082 346.29684
152.20262 343.53820
164.00554 340.27327
172.06046 337.35466
60.83694 340.18430
168.69819 422.09118
184.21169 380.72269
184.71717 423.08387
191.00970 428.97664
184.69062 424.10985
171.82151 425.57788
193.76373 431.14672
194.93835 432.79216
171.28284 326.08481
178.30482 331.26761
181.94518 335.75692
110.03223 314.86189
101.45848 310.83645
215.98827 377.04519
293.57578 324.55846
218.07521 431.49762
340.50903 268.65114
254.11197 335.15696
267.02251 337.43847
279.91840 338.32669
297.91801 329.10133
243.67175 331.96284
279.04418 298.39263
262.79552 298.42900
292.61047 302.31108
300.62190 308.15673
307.20580 339.13444
251.67140 531.26511
299.00851 319.45246
345.50140 328.99492
322.77618 328.96776
268.99581 403.39712
220.49850 471.75586
218.63986 480.50583
234.73117 472.53007
244.43599 473.16164
230.91743 478.50318
240.44875 476.89585
263.36269 486.22891
215.63350 427.81690
217.34027 414.06702
317.91164 303.62770
242.88017 366.98961
245.03989 417.14031
245.69347 408.23752
306.17938 398.87872
216.82288 394.55510
288.73641 292.50276
306.39728 296.27141
328.39477 247.15261
231.12239 299.72837
248.78452 303.57080
272.94723 472.51984
327.73650 450.22244
235.90602 425.35309
226.23130 429.87014
258.81492 473.73025
255.83991 474.49667
313.85848 287.75840
245.62995 421.46502
264.04407 292.12038
267.43530 282.05721
277.72056 218.93773
319.19440 265.21343
269.54673 248.49608
326.06178 295.87153
332.39940 282.20456
219.84481 476.81944
232.88810 475.70669
242.61707 474.99466
233.10165 427.39719
257.28004 474.14197
251.02687 478.92412
254.32723 474.85890
229.87853 424.13476
238.72962 478.40431
229.01427 480.54432
217.43056 482.88428
222.30987 515.70950
220.26035 502.09544
219.78690 495.23077
218.82068 488.66633
217.52063 483.02494
238.58714 478.51696
241.23473 481.01038
243.75461 484.28446
245.62228 488.05775
258.66729 454.19368
343.05064 382.12107
245.95073 476.84184
248.55277 477.78278
221.99836 435.20055
241.68884 428.38802
224.08542 432.63264
255.81599 374.37442
276.94087 383.94141
247.88203 413.10985
308.63940 230.11977
299.02351 253.50127
294.21573 282.14218
252.78777 497.96817
236.77989 283.03877
238.89556 247.39189
244.11773 213.15079
291.19151 335.55196
320.43071 349.64604
237.09277 329.29644
311.53545 314.93231
234.21836 358.84398
237.55225 414.75433
335.80276 359.29337
310.59371 361.42412
293.30741 367.71156
268.50566 364.18939
251.16317 357.00813
239.47520 350.89687
217.29049 342.66505
333.46347 388.42583
321.62971 313.88542
211.64249 433.35645
241.75601 382.89387
348.26183 322.19642
230.53817 344.85733
249.08344 412.01828
303.92741 320.68398
237.91000 403.75813
337.22583 415.08553
237.76763 324.17280
227.76012 397.88621
302.61478 492.43009
300.15636 502.74818
343.47247 386.22845
317.64270 471.71460
339.78965 303.24874
253.63086 542.49215
210.37196 434.82963
253.21887 392.23195
333.24054 329.85488
279.19776 330.26822
267.57217 329.88739
253.14998 480.39485
330.03791 415.19251
231.34818 558.57446
267.01244 537.08984
282.17609 522.94033
256.80179 327.62429
246.73190 325.30042
240.34518 324.80971
330.37917 309.06780
250.50834 310.22523
262.68806 304.45425
275.38436 304.38505
286.82548 308.10980
293.06411 312.87109
346.65324 292.25827
287.53112 328.07387
246.20010 448.29672
235.75988 424.07908
223.00155 447.35688
286.22352 511.86566
270.50105 527.13178
231.91856 553.41194
314.79690 479.79431
241.81049 319.04227
225.71014 366.93773
250.76137 549.90039
338.12808 415.93390
228.95877 480.69907
231.41296 485.01895
233.27548 490.27282
234.50607 496.56348
239.49695 508.40168
248.30718 475.48595
250.42525 474.37307
252.15423 473.32618
268.09848 462.38637
314.36580 426.19322
225.57533 349.96083
229.73582 316.00084
237.19657 315.47060
246.05361 476.73260
314.17331 456.17688
219.63504 318.80094
245.98243 519.05754
216.83913 360.81482
234.36576 389.38659
226.17202 528.15860
273.97994 490.81793
259.95715 422.36277
261.30790 506.47229
288.72028 419.08161
271.61422 435.70478
298.38412 439.08997
230.27965 542.64104
241.59259 395.39582
283.63509 499.43857
267.80505 515.87494
284.23717 473.53275
325.64441 437.61473
298.83731 473.53140
330.55736 444.15194
281.01268 451.41135
233.54305 374.68863
233.67614 421.91750
241.17374 422.52769
228.22978 414.25653
240.48640 304.47987
262.94887 297.82660
282.76969 297.96880
297.99903 301.36061
307.50701 306.98817
311.62883 325.22897
346.20498 357.37486
299.45060 345.95979
285.50861 350.64492
268.03188 349.28504
252.23903 344.67780
240.96557 340.41946
233.31062 337.01850
346.25053 351.42235
240.96145 424.75944
225.78464 382.10704
224.88822 424.87029
218.72020 430.38641
225.10417 425.99186
237.81684 427.98594
215.89957 432.22188
214.78206 433.67130
233.40583 325.44462
227.41222 330.19490
223.81866 334.95110
296.43325 316.45274
304.91149 313.97258
134.49025 314.52013
148.34544 314.35508
134.18224 302.19882
120.57161 314.58953
134.65511 326.80353
270.68210 315.09968
284.63897 315.96466
270.92792 301.76900
256.52690 314.11703
270.47851 328.55989
