167.73667 390.16476
163.06897 353.63433
164.50875 363.64466
155.40143 315.61775
163.09541 342.03496
163.76408 326.66848
166.19475 288.94418
96.01020 286.76110
167.09243 259.71510
167.18793 243.66710
169.18504 180.10119
167.97299 393.43404
168.21584 396.09941
168.53570 397.75685
168.47401 397.53583
168.74581 402.74319
168.94963 409.10079
169.19282 415.68506
164.97006 429.79015
163.55935 359.32990
153.41250 358.41564
58.77587 235.31122
123.53844 296.50624
113.17279 297.03165
103.32600 296.00487
91.06137 290.46403
132.50420 294.03567
110.09364 264.24001
121.68050 265.63407
99.21872 266.14931
92.02462 270.71851
81.39111 296.49234
125.46466 449.22752
92.52679 284.41017
52.16708 286.73722
70.72854 288.97778
109.71541 339.66246
152.32440 387.70282
154.32563 395.23456
138.77723 389.95471
129.07264 392.40111
142.71519 395.08557
133.33504 395.42710
113.56286 405.90538
154.15677 353.26490
152.78582 342.06061
77.25756 259.79795
133.81781 312.65656
128.83723 347.21560
128.60600 340.91619
77.06982 337.04354
153.93658 327.73897
101.82294 247.29046
87.51004 251.30657
67.19312 214.85444
145.83422 257.96119
131.64601 270.53981
104.29801 394.82910
63.72550 393.33089
137.04900 354.07754
146.26006 358.03809
115.98243 396.45401
118.81661 396.61108
82.17767 243.99099
128.36911 351.28874
120.79558 248.42401
119.17373 239.08599
106.45608 187.15074
72.57624 227.18040
111.87388 211.17237
71.13623 254.67282
63.07507 243.52351
153.09756 392.10773
140.74143 392.79482
131.08102 393.97552
139.56979 356.00226
117.41214 396.54535
123.68213 399.16295
120.35939 396.69821
142.25148 351.89027
135.23614 396.54860
144.55031 396.61224
155.64021 397.10015
150.01406 428.62635
153.92285 414.82677
154.07414 408.10687
154.65567 401.84885
155.68536 396.96056
135.10602 396.63010
133.03464 398.83385
130.92578 401.92391
129.31096 405.59897
115.99702 378.57344
53.30159 336.79667
164.00246 361.56151
128.07854 396.75073
125.90239 397.81553
149.94380 362.56171
131.97417 357.52623
148.22123 360.40711
121.97718 318.45342
103.44651 325.01946
126.78736 345.28045
82.03358 198.37376
87.96202 215.72754
98.44464 238.27509
123.33634 414.84699
142.85327 242.56008
137.62137 210.59170
134.60946 181.56548
95.44675 293.98330
70.12006 303.65924
138.43625 291.30989
81.52953 275.50512
141.69656 305.89736
135.43080 344.47785
56.74140 309.03539
75.85824 310.51976
88.19989 314.14123
108.22522 313.41925
123.62679 309.96703
135.02448 305.25460
155.83710 291.78097
56.06162 332.50186
73.35868 273.43692
158.01108 358.90825
133.55454 323.79081
52.18127 284.68320
143.39721 299.50226
126.10953 345.41634
87.61252 284.35355
135.41489 336.74565
56.96839 364.59258
138.74329 287.68498
144.59826 331.22367
82.17675 420.80967
85.72213 433.64294
50.68982 335.30576
68.88037 405.33594
57.48011 263.44909
124.42422 461.44623
159.53440 361.11531
123.55201 331.27494
62.41772 291.04548
105.30532 289.84286
113.72845 290.89549
121.80455 400.86726
57.11694 355.63717
143.68909 478.05807
114.51489 460.91406
101.65580 449.59754
167.90971 210.84658
164.95713 480.95840
122.26443 290.59503
130.48907 289.36129
135.94453 288.54352
66.17522 270.95501
129.69737 280.49928
120.99711 277.71312
112.59463 277.10595
104.05539 278.49560
98.45311 280.83785
54.28201 257.35518
99.83498 288.29279
164.74330 371.22069
126.95943 373.15744
136.88271 352.62722
148.84019 371.23832
166.98273 273.85009
97.09538 436.37995
110.44028 448.87817
142.29737 470.00404
73.68495 416.33664
135.85686 284.74169
147.98245 309.82135
164.49765 473.01219
127.80188 470.88614
53.56784 360.58224
144.50087 396.56486
142.53936 400.33403
141.16681 405.20526
140.38976 411.15133
135.11449 422.91222
125.68496 395.91862
123.41084 395.20079
121.61664 394.38918
107.57354 385.71108
68.21885 361.81325
148.99079 298.15168
145.92068 278.07177
140.14994 279.92803
128.21393 396.64587
69.55174 389.01918
154.18670 277.06762
129.82159 435.84682
164.61867 314.04412
155.51610 304.40520
165.39143 302.14480
139.38176 326.94740
164.49874 460.65586
164.77717 444.65562
146.58273 443.06149
105.76308 412.40339
116.95002 354.06357
117.07625 425.59174
90.98584 352.37111
105.98206 365.01072
81.73856 370.12486
143.22079 458.17389
132.80358 332.43829
98.53711 422.67327
112.15174 436.62000
95.64599 397.77217
60.50473 375.28340
83.32454 400.89752
58.97992 384.03191
97.02500 378.22978
141.03818 316.70672
138.78644 349.85181
132.07293 351.29762
143.70585 343.00158
138.06392 266.92175
121.36967 259.09396
106.65629 257.56971
94.30503 260.09220
85.73226 265.95252
80.25815 286.36064
50.12042 310.93027
86.53472 300.83130
96.55236 303.87019
110.41035 304.57627
123.84520 302.80707
134.35963 299.46109
141.46550 295.88543
52.39121 310.49038
132.39754 353.62970
147.02647 320.27208
146.59903 351.32707
152.58406 356.80873
146.65688 352.90949
135.29113 356.72102
154.57866 358.03207
155.98576 360.23598
142.30676 287.75515
147.01194 289.74009
149.65369 291.01661
95.12065 282.72662
87.42844 276.58109
174.11698 315.56777
243.51064 287.39324
175.30659 358.18476
291.28102 234.54152
214.99379 296.62665
225.78282 297.27514
236.07896 296.28290
248.98022 291.15585
205.50824 293.88893
229.38107 265.13379
217.12537 266.22263
240.79816 267.22794
248.20340 271.82080
259.77933 296.68610
206.13732 450.09089
247.16702 285.16906
295.74548 286.05731
272.38305 289.04876
224.51402 339.03479
183.10105 387.33711
182.55563 394.88591
198.15518 389.16157
209.20148 391.02105
195.11689 394.33568
205.61456 394.11843
220.33028 405.20893
172.45038 353.12186
173.70213 342.00676
264.36829 261.35626
201.08498 312.23138
201.99948 346.86828
203.01652 340.48582
259.61476 336.12886
173.95871 327.66191
237.40384 249.22255
253.08865 253.07531
280.26379 213.91151
189.58573 260.23784
206.47893 270.98463
230.01988 393.77300
283.13786 393.51226
193.71796 353.64334
183.97538 357.79067
225.18166 393.72205
222.14291 394.07407
259.21250 245.50321
203.10475 350.84138
216.63647 250.78972
218.21049 241.25408
234.42082 186.46466
270.69516 227.23824
225.73373 211.31502
271.22731 256.07278
282.75197 243.63932
183.06775 391.74090
196.69595 392.03889
207.53407 392.59114
191.11317 355.63424
223.62000 393.91819
216.84487 397.17186
220.47528 394.25953
186.87531 351.57572
204.04340 395.19136
193.67619 395.82817
181.88042 396.76197
180.58060 428.74622
184.80782 414.61956
184.09245 407.80703
183.09075 401.50504
181.74115 396.60902
203.97679 395.34303
206.44105 397.54024
208.91045 400.68074
210.90401 404.41212
216.62251 377.65676
297.54815 336.12297
211.86509 394.93641
214.34766 395.92280
180.04079 362.47925
199.74385 357.13268
181.87333 360.29890
213.19890 317.82282
232.06666 324.29952
205.37526 344.80190
262.26876 197.49375
252.53922 215.99777
241.07934 239.88300
209.56403 414.61460
192.59232 245.00483
198.62908 210.51519
204.56651 181.11194
244.32774 294.51393
272.45698 303.38257
199.12816 291.10975
259.73870 276.47111
192.88495 305.60257
193.97179 344.23523
285.74860 308.35030
265.35088 310.37740
251.50937 314.04502
230.20333 313.44487
214.17760 309.88077
202.00600 305.09985
177.08798 291.65680
284.87313 331.82813
269.07708 274.33672
169.33003 358.75688
200.18513 323.34097
300.34428 283.63965
192.91619 299.32011
206.99746 344.90197
252.79580 285.18477
195.02499 336.43779
292.22298 364.40310
198.66582 287.37548
184.35029 331.08514
255.73830 421.78859
254.46515 435.12359
295.00275 334.95261
271.56525 405.82794
289.74603 263.04138
207.21318 462.87067
168.62313 360.99693
210.51549 330.70772
282.30519 291.09653
234.05598 290.36090
225.37141 291.29824
219.05667 398.80851
283.24200 355.17858
186.86753 479.01459
220.49187 462.71193
235.77958 451.46687
216.43552 290.77804
207.68376 289.28504
201.77071 288.41993
277.34143 271.57007
208.70606 280.10857
217.81705 277.48875
226.61389 277.18661
235.39048 278.85400
241.04317 281.38647
297.38324 256.46812
239.65478 288.84856
204.51649 372.48191
193.47192 352.30223
181.54362 371.08331
238.65754 437.80343
223.38265 450.60581
187.41902 470.79705
269.83468 417.04681
201.88470 284.29539
184.04645 309.70963
204.68472 472.35726
290.85679 360.60339
193.65765 395.81066
195.99179 399.59470
197.76196 404.54370
199.12759 410.61717
196.46214 422.85673
214.36940 393.92968
216.46230 393.10481
218.16220 392.23503
226.02395 384.51606
269.29131 360.97041
184.78356 297.99403
190.81849 278.26953
197.29790 279.91371
211.98079 394.75453
268.83824 388.73826
181.01331 277.60092
201.92509 436.22990
175.59430 304.31478
192.41139 326.74228
183.71377 443.30591
228.43407 412.42328
216.49216 353.41794
216.07194 425.94792
243.79067 351.58521
227.84756 364.27963
253.96527 369.34566
186.54412 458.64298
200.03373 331.95154
236.37353 423.35098
221.20885 437.64327
239.10340 397.42256
279.72729 374.97592
252.80095 400.93720
284.03050 384.23321
237.51897 377.30355
191.94173 316.47192
190.30602 349.55070
198.45010 350.95941
184.13297 342.84844
198.95112 268.13898
216.73478 260.56090
232.53827 259.09721
245.67952 261.63142
254.93905 267.38199
261.40199 286.98010
296.79524 310.34152
253.80826 301.15211
242.99977 303.94213
228.40833 304.66053
214.35223 302.76990
203.23956 299.28201
195.55898 295.55960
299.80424 309.43662
198.57198 353.21085
183.40329 320.16687
181.04398 351.11011
175.58137 356.66917
181.80558 352.73910
195.88250 356.31003
173.10773 357.86705
172.45061 360.04598
194.93287 287.46521
189.56055 289.48331
186.06301 290.92951
244.44848 283.38828
252.99138 277.59329
112.95214 283.64123
124.72588 283.50041
112.87524 272.98492
101.13744 283.70296
112.99569 294.09795
224.67812 283.58313
236.58994 283.36568
224.51161 272.80863
212.85546 283.78098
224.85150 294.28489
