161.65957 345.26476
165.05172 312.83911
163.78651 321.92182
155.41768 277.56517
164.98494 301.90683
164.28359 287.60199
161.79404 252.92617
89.80080 251.44083
160.28348 227.92769
159.95063 213.58898
157.97017 156.08653
161.72692 348.39129
161.75038 351.16767
161.80297 352.78746
161.78832 352.72826
162.06858 356.68412
162.28991 361.27967
162.46747 366.19635
164.55710 376.55137
164.65953 318.13440
154.72834 317.58143
49.79935 208.77111
117.94921 260.21767
108.11112 261.41665
98.66145 260.91255
85.84727 254.93339
126.47214 257.52402
102.98491 230.32825
114.53337 231.43833
92.47197 232.47223
85.67658 236.80537
78.24055 261.20628
129.50551 396.20358
86.18401 248.39544
48.14071 256.08116
66.83537 254.19352
112.68149 302.23430
148.43993 343.25890
149.62502 350.68886
136.08786 345.53986
127.09550 347.60672
139.12083 350.51209
130.37869 350.52893
118.02314 360.67122
156.93259 312.71586
155.87464 302.12670
72.24202 229.89036
132.06235 276.43459
132.68416 308.71511
131.81962 302.85292
81.97551 300.84361
155.61194 288.89572
95.97243 218.34377
81.94535 222.36306
59.31094 189.17008
139.69767 226.79968
124.52607 236.01702
109.36539 351.31808
59.52203 354.57979
139.69704 314.69962
147.75843 317.54110
113.88564 350.17439
116.29382 350.49825
76.49648 216.20777
131.67073 312.58570
114.96230 218.98901
113.14881 210.87115
100.57570 162.59796
68.42404 200.94870
108.37617 184.89539
66.28503 225.39741
58.15388 216.42938
148.82594 347.50977
137.56701 348.22660
128.64348 349.09380
141.85546 316.24441
115.11548 350.33909
121.23927 352.79959
117.67060 350.66904
145.10106 312.26229
131.76228 351.58854
140.51879 351.97455
150.54232 352.45729
151.84850 376.96303
149.32439 365.66853
149.42160 360.63948
149.83182 356.12478
150.56212 352.40572
131.72206 351.60544
130.03377 353.11981
128.30411 355.32993
127.04205 358.01834
121.26576 336.80936
46.31480 303.00188
164.22660 320.05490
125.01714 351.27186
123.12119 351.92737
151.07877 321.32286
134.76533 318.01264
149.48203 319.47796
121.37906 282.39852
105.36723 289.10201
129.71213 306.99790
75.60475 173.37329
84.51896 189.90316
92.53812 210.68850
127.41856 367.32002
136.33380 213.12360
132.26153 183.57770
127.11444 157.35967
90.55880 258.88969
68.11694 268.08312
132.13519 254.90999
76.29403 242.02911
139.18011 269.60712
139.21674 305.50956
57.65801 275.91304
75.20753 275.24845
88.17059 279.04611
106.84621 277.62909
120.57574 273.58286
130.88401 268.82644
152.52444 255.67345
59.30196 297.67794
68.80112 240.90580
159.74326 317.84916
133.58115 286.69436
43.08259 254.84932
138.64808 263.38112
128.20100 307.22407
81.94272 248.91432
138.44180 298.37111
51.29905 328.69228
132.08049 251.34585
147.01646 292.58922
84.81307 376.22255
85.83960 388.42320
49.93308 301.13133
70.63046 363.55532
52.80709 234.64784
128.49528 405.87949
160.33263 319.76001
124.44407 294.08535
58.69290 255.73194
99.40142 255.19416
107.77959 255.80378
119.72258 353.99142
61.10715 318.90192
146.22275 416.78891
116.77464 407.85960
102.91236 400.33942
158.96655 183.55121
164.43373 416.96690
116.11169 254.80757
124.05515 253.09696
129.40577 252.23674
61.70647 238.66089
122.46962 243.92280
113.79128 240.77284
105.29347 240.06319
96.79503 241.62906
91.52280 244.30354
45.07363 229.44666
93.71611 253.45902
163.94135 329.34712
131.69802 331.93044
139.97966 313.37868
150.56716 329.67613
160.73609 240.13912
100.02805 388.58362
113.92443 397.57015
145.75589 410.89389
71.65173 374.39143
129.01582 248.39406
146.99574 272.59532
164.94094 410.62004
130.97579 413.61217
53.76462 324.37024
140.51112 351.93162
138.96079 354.72119
137.91566 358.23982
137.35753 362.67473
138.55653 373.11784
123.00069 350.49111
121.21650 349.74902
119.84824 348.98874
112.91129 343.24126
73.97694 323.67431
146.02042 261.86260
139.29576 243.23430
133.17803 244.49289
125.02732 351.21630
73.76014 348.35531
148.28898 242.78781
133.44514 384.94834
163.46230 275.85262
154.01755 267.18695
162.69383 264.83869
140.44188 289.13304
165.06179 401.29857
164.80424 388.61825
148.97975 389.23250
110.03264 367.04431
120.08616 315.24276
121.12162 377.64139
96.42848 314.09683
110.60439 325.07890
87.67684 330.40969
146.46233 401.80693
134.14861 294.76773
102.51336 376.26339
116.20650 386.92601
100.64929 354.70436
64.04118 336.58560
88.25980 358.01509
59.58714 345.30142
102.20849 337.04706
140.45996 279.50904
142.25280 310.47134
135.76005 312.36683
147.09182 303.52607
131.31528 233.99616
114.75802 227.21910
100.23026 226.10387
88.34225 228.76215
80.12236 233.94756
75.46113 251.59542
47.67487 278.51287
83.75998 265.56855
94.10424 268.62402
107.15119 268.74787
119.42384 266.34119
129.12591 262.83312
135.81584 259.44452
43.90982 278.70705
135.52373 314.54354
147.70797 282.34857
149.67177 311.31788
154.33884 316.17369
149.14763 312.94548
137.91188 317.14383
156.52982 317.18229
157.09149 319.10965
135.69585 251.57981
140.91229 253.75356
144.30518 255.43440
88.54539 246.43734
81.55253 242.12950
171.29275 277.18367
227.74857 248.96897
172.84463 317.15094
253.95303 205.15731
201.98563 258.31806
211.33694 258.95677
220.09957 258.26775
231.30929 252.38988
193.75092 256.22787
214.75621 228.92537
203.62420 230.36620
224.92120 230.51831
231.41148 234.48096
238.49240 258.07267
196.94234 393.26353
230.91115 246.17419
259.47663 251.96972
247.47384 250.25280
209.42670 300.02073
174.48497 342.50528
173.58620 349.99759
186.56232 343.99256
195.03484 345.50848
183.69466 349.16876
191.90247 348.62831
205.96589 358.26631
172.74060 312.34501
173.88816 301.71313
242.78897 225.36107
188.94372 275.14030
193.01106 307.51282
193.12413 301.53881
237.14646 297.44118
172.61535 288.44978
221.27248 215.72852
234.25431 218.57944
246.84373 186.28543
180.56910 226.48174
194.21716 235.19611
213.82214 348.80988
248.04890 348.96492
185.88860 313.81008
178.54819 316.94005
207.36607 347.22930
205.01488 347.67102
238.12928 211.61656
193.25917 311.34266
203.75466 217.51487
204.69640 209.04734
212.38934 161.38839
242.18358 197.80501
207.29077 183.36698
246.83331 220.14673
250.48615 212.84226
174.27279 346.78464
185.16946 346.81525
193.57777 347.08220
183.74879 315.40933
206.16479 347.45148
200.66705 350.27691
203.66128 347.93157
182.00414 311.55586
190.56855 349.72716
182.33052 350.68609
172.82906 351.81365
176.52276 376.10594
175.36382 364.96741
174.75659 359.91841
173.93616 355.41220
172.78964 351.72186
190.57828 349.71535
192.52251 351.16995
194.40942 353.30064
195.87323 355.96214
203.76485 334.99907
257.07612 298.07812
196.78899 348.97738
198.76847 349.51283
175.82089 320.78303
189.99223 316.86342
177.07660 318.91547
199.08685 280.68404
215.00500 286.69758
194.66199 305.64133
233.92049 171.31818
228.47710 187.50407
223.54893 207.36472
198.03159 365.10111
182.70303 212.60028
185.00867 182.81173
187.87255 156.74236
227.32251 256.22268
248.02602 264.43897
188.26016 254.09696
239.53358 238.54009
182.41595 268.59392
187.82666 304.52105
255.22721 271.73616
243.05871 271.93907
232.22092 276.29889
214.78528 275.83763
201.46058 272.39499
191.44231 268.25242
170.68124 255.29217
255.06059 293.34783
245.63763 236.67836
169.36202 317.57635
188.81692 285.42879
258.95238 250.35022
183.89344 263.29261
194.96159 305.83545
234.70624 246.33315
187.55658 297.30194
253.75562 323.29180
187.80091 250.47443
180.30869 291.77671
232.75788 371.10950
229.42616 382.43020
259.54987 296.35382
243.88760 358.51125
255.03827 230.81964
197.55013 402.41313
167.94209 319.56554
197.42436 292.47831
254.19335 251.47521
219.16676 252.43279
211.36887 253.22058
202.29428 351.39999
253.53337 314.31444
181.55827 414.60126
205.51854 402.78913
216.27175 394.60597
203.33295 252.61789
195.51755 251.46993
190.32719 251.14188
250.62257 233.76825
196.55587 242.81314
204.76392 239.57849
213.08045 238.82665
221.19717 240.24694
226.14411 242.67973
257.45492 225.32505
224.29074 250.78336
194.19484 330.48571
186.00888 312.52432
177.05851 329.13655
220.17842 383.70118
208.93712 393.16736
183.06557 408.99315
239.66771 368.61369
190.56226 247.40741
177.24866 271.87128
194.50097 409.66591
256.42163 319.29862
182.35266 350.61216
184.25896 353.33215
185.64313 356.80829
186.72128 361.25293
188.44910 371.30892
198.71297 348.08707
200.39845 347.24124
201.76030 346.41578
211.12557 341.15567
244.30074 319.69773
176.31568 261.20393
181.06349 242.87198
186.50990 243.85763
196.80478 348.94532
243.18951 343.86275
173.35498 243.11415
193.06634 382.53841
171.09603 266.76338
184.11179 288.18421
179.66914 387.98714
212.93568 363.80789
202.85538 313.35715
203.37403 374.57981
225.29839 311.14800
212.58904 322.75191
233.17078 326.95669
182.62086 400.24511
189.29276 293.53699
219.13461 372.03644
207.69372 383.15047
221.47744 351.51841
250.63046 331.85953
231.66268 353.79499
251.99460 340.18155
220.49062 334.41424
182.71132 278.55426
185.00855 309.62184
190.18254 311.31981
181.33529 302.77152
188.07420 233.29691
203.54604 226.01404
217.47876 224.30291
228.78873 226.11346
236.34263 230.70731
240.10625 248.23316
260.85542 274.05475
234.18874 262.76263
225.16919 266.05804
213.09876 266.61201
201.33572 264.75729
192.02390 261.88226
185.54940 258.92674
258.34698 274.01835
189.85089 313.45866
178.04150 281.60339
178.96264 310.65387
173.75987 315.69035
178.65559 312.33581
187.35219 316.09764
172.21188 316.75315
170.77617 318.72238
184.71181 251.02546
180.34903 253.56511
177.89656 255.65440
228.87902 244.56895
235.10999 239.44257
105.90127 247.81641
117.01852 247.39444
105.35996 238.08234
94.66031 248.17165
106.36430 257.49647
210.55405 245.39604
220.97459 245.21828
209.70021 235.83524
200.08660 245.57307
211.41351 254.95212
