160.45249 344.62141
159.40232 313.10902
159.20566 321.56918
151.45023 278.08347
159.59670 302.68040
159.74393 288.51222
160.09097 253.56275
87.38054 247.99288
160.38257 228.09537
160.62581 213.83649
162.03555 156.43765
160.34143 349.01931
160.09938 353.26561
159.87004 355.97546
160.02368 355.74822
160.15872 362.07512
160.13274 369.45266
159.86770 376.69211
158.54837 378.11308
159.27884 317.99467
149.73418 316.79656
51.83702 203.86872
116.04890 258.24209
105.62448 258.98135
95.86312 258.00932
83.44640 251.07802
125.16629 256.08045
100.70970 226.91638
112.88123 229.13068
89.63983 228.17552
82.59942 232.15538
75.44378 256.83561
121.72935 393.58050
84.03554 244.61426
48.09194 249.85622
64.59392 248.33444
108.62266 299.31678
147.22890 341.76235
148.02123 352.33182
134.50181 344.34911
125.55259 346.76400
137.57770 351.58998
129.14380 351.18018
112.66299 357.28172
151.13122 312.59893
150.05885 302.52519
68.81473 221.43508
129.81059 274.74624
127.48401 306.81964
127.05480 300.95932
77.73591 296.46499
150.70945 289.39458
91.74783 212.04158
77.91026 214.41778
60.98674 185.48475
137.24885 225.92111
123.39103 234.65769
104.54856 347.34960
61.22615 344.17820
134.81212 312.92858
143.01204 316.39867
112.85594 350.14700
115.51686 350.57431
72.94112 207.26143
126.81150 310.43129
111.07867 215.36818
109.46185 206.86386
102.01364 161.28075
68.00174 197.24203
108.03758 183.45024
63.55891 216.33127
58.18174 211.78061
147.43901 347.62770
136.03217 348.20364
127.30994 349.00573
136.99743 314.61547
114.22300 350.38672
119.40385 354.38493
117.02897 350.80283
139.86160 310.96977
130.54307 352.84770
138.91339 353.93110
148.74181 355.12142
145.01229 377.52117
145.40174 375.48705
146.32590 368.18734
147.49183 360.72664
148.84441 354.90152
130.52264 352.71535
128.10085 355.35587
125.46836 358.82834
123.33495 362.57511
116.03740 333.92030
49.32338 294.03278
159.19313 319.79802
124.17220 351.81001
121.82582 353.02518
146.29569 320.38053
129.95422 315.84307
144.74776 318.45919
118.90037 279.99110
101.90601 285.98841
125.17842 304.79962
76.93334 170.87117
83.83155 187.11957
88.57124 203.69761
121.22861 365.25631
133.97367 212.32308
132.95497 183.25352
129.50401 156.93126
87.86851 255.42178
65.01878 263.09575
131.19081 253.82829
73.41806 236.10775
137.04675 268.58407
133.70107 304.27022
55.60229 270.24116
71.22920 270.92132
83.81227 275.59519
103.24256 275.01577
117.77930 271.53576
128.70412 267.40778
150.44120 255.90323
56.70333 291.50279
66.14568 233.92274
154.25517 317.49250
130.46720 284.97775
45.57830 247.45305
136.85598 262.54041
124.25506 304.73480
79.46511 244.47373
133.48163 297.17328
53.98771 318.77545
131.39754 250.28070
141.96885 292.32709
81.92222 368.65868
83.88648 379.39327
49.79533 293.39414
69.14569 355.09767
52.80061 229.28762
120.76118 402.67338
155.19210 319.30312
121.18552 291.69038
56.83866 249.36859
96.74941 252.42863
105.39005 253.49008
117.30661 355.92229
58.67492 312.04242
138.16089 414.99045
110.98735 402.04697
98.90159 392.88347
161.35062 184.04646
156.97217 416.67773
114.24874 252.85240
122.80458 251.52393
128.56536 250.97283
59.75999 231.07829
121.21808 242.76695
111.97240 239.37610
103.04595 238.33918
94.50128 239.33361
89.24438 241.40205
47.24834 223.34696
91.09346 250.33361
159.39918 328.48573
126.32266 329.62018
134.85515 311.68064
145.42806 328.36214
160.21365 240.35463
95.56026 382.13685
107.84961 392.47798
137.16525 409.62966
71.67369 364.39667
128.17569 247.31046
143.79722 272.38098
157.17302 411.08159
123.59187 409.79149
53.63895 315.85826
138.92570 353.75485
136.58092 358.27770
134.54536 363.91703
133.01414 370.29833
131.71941 372.35891
122.18705 350.78043
120.20705 349.65789
118.52924 348.47188
107.97681 339.75378
70.14671 318.01237
143.91195 261.55795
138.25296 242.77364
132.40245 243.72765
124.28464 351.90425
70.87913 341.47647
146.99161 242.78105
126.15031 382.98142
159.89459 276.72771
150.89484 267.59208
159.99353 265.65233
136.45354 288.08214
157.52584 402.18331
158.00883 389.78468
141.32169 389.02624
104.62146 362.79024
115.87032 312.34755
114.72259 374.24420
91.68374 310.35469
105.90320 321.79345
83.18473 325.72845
138.02282 401.03013
130.36580 292.98376
97.29655 371.05400
109.71339 382.83111
95.83120 349.98961
61.96750 329.19847
84.07966 352.15653
59.16999 336.44591
97.55925 333.13250
137.33028 278.55339
136.79212 309.18915
130.50548 310.51131
141.45930 303.09489
129.62457 232.74458
112.26114 224.17905
97.04330 221.59183
84.80464 223.18957
76.75939 227.78329
72.98667 246.35864
47.56826 271.53570
80.55877 261.70839
90.76776 265.47736
104.24575 266.18109
117.24235 264.33757
127.57562 261.40474
134.58186 258.48536
46.87629 270.47728
130.53655 312.55251
143.60942 282.17379
144.07474 310.62016
149.21508 315.44775
143.92242 311.94902
133.03931 315.25219
151.12447 316.62256
152.03536 318.45120
134.96444 250.76549
139.92843 253.25383
142.86733 255.17459
86.28413 243.08733
78.73573 237.21523
168.26841 278.18389
231.77585 248.92024
168.69086 316.89788
268.89236 206.76872
203.03127 259.10385
213.49500 259.84041
223.33337 258.90977
235.47515 252.43713
194.10676 256.43759
219.37486 229.80943
207.04797 230.95894
230.21138 231.50495
236.63158 235.28256
243.71513 258.64739
193.12995 393.45208
235.06637 245.84823
270.79333 252.44344
254.63622 251.17529
210.31549 299.99063
173.57423 341.43334
171.88068 352.06557
185.45274 343.54059
193.14666 345.83742
181.62051 351.05858
189.07708 350.45290
205.33868 357.28307
167.65014 312.71409
169.00935 302.64042
251.41339 226.87486
189.71870 275.17438
191.38879 307.17782
191.91911 301.25389
240.64983 297.75753
168.73641 289.46275
228.93039 217.60733
242.71634 220.33984
260.61570 188.19537
183.08232 228.22051
196.28131 235.43634
213.83123 347.47024
253.73454 345.34477
183.88684 313.19644
175.59131 316.55973
203.25923 349.35984
200.80774 349.75143
247.98005 213.42637
191.88930 310.72232
209.40402 219.53878
211.48364 211.14280
221.28150 163.02326
253.38767 200.01734
214.16654 185.24522
256.64638 221.89168
262.64960 214.85777
172.98612 347.34857
183.60618 347.60104
191.20574 348.16624
181.55465 314.85185
201.99289 349.57594
197.47836 353.51338
199.39885 349.98619
178.83199 311.24658
187.41952 352.10767
179.89646 353.38850
170.80762 354.86805
172.06081 377.62990
173.96728 375.11079
173.39158 367.82215
172.35755 360.42080
170.91022 354.61442
187.49173 351.98176
189.95639 354.61172
192.41063 357.97894
194.30171 361.70891
202.91763 334.08451
267.50213 296.24148
193.00258 351.05240
195.28310 352.20635
172.29312 320.57069
188.46963 316.13584
173.82800 318.67233
200.33830 280.58861
217.15797 286.91145
193.69157 305.10874
245.57433 173.21821
238.00189 189.67369
232.50358 209.22841
196.37309 365.21421
186.85916 214.81651
189.54166 184.13420
194.38337 157.85617
231.16834 256.64062
253.98013 265.54244
188.26129 253.89518
245.90415 239.27684
182.75268 268.93123
185.15268 304.61738
262.86229 272.31152
247.90727 273.08155
235.65334 277.30082
216.40014 276.33252
201.87581 272.42810
191.11270 267.86245
169.67900 256.07369
261.13984 293.29532
253.57673 237.81357
164.28489 317.55030
188.84723 285.31951
273.07363 250.15118
183.25330 262.69297
194.57019 305.05518
239.29324 246.26408
185.57679 297.47294
261.93795 320.57545
187.87986 250.19250
177.25682 292.53360
232.86624 368.65714
229.98965 379.20054
267.49212 295.33556
245.92035 355.62179
267.12276 232.15911
193.11576 402.38847
163.16302 319.35655
197.84303 292.15978
262.29936 252.57534
222.58247 253.17201
213.86121 254.31038
199.44234 355.06110
258.46616 313.53549
175.51137 414.72543
202.53865 401.25029
214.79482 392.17730
204.91508 253.65603
196.30872 251.97261
190.64985 251.12392
259.68238 235.19893
197.76303 242.57048
207.03990 239.61582
216.38091 239.08552
225.15184 240.52014
230.23914 242.75291
272.48563 226.25804
228.16638 251.09443
192.55288 329.72253
183.87483 312.01416
173.65434 328.52996
218.84992 381.84324
206.09044 392.06317
176.96071 409.52203
242.63377 364.84767
191.03173 247.04074
175.98848 272.62817
189.91239 409.18600
262.75993 317.41100
180.06789 353.19963
182.47562 357.67008
184.41167 363.19386
185.77850 369.53184
185.47506 372.28790
195.05319 349.93817
197.03771 348.77791
198.79615 347.55933
210.86715 339.93737
247.33106 319.17843
176.04140 261.86069
181.54321 242.90020
187.10698 243.76344
192.98118 351.08614
245.35363 342.18335
173.72993 243.27813
189.75063 382.85358
169.02417 267.71181
182.87753 288.41411
174.55081 389.03178
212.21955 362.79906
202.86813 312.74293
201.52929 374.07322
226.85821 311.29685
212.91095 322.36148
234.76945 326.63688
176.88232 401.04224
188.78308 293.25013
218.31577 370.94283
205.36123 382.55752
221.53590 350.31514
254.52258 330.30170
232.25930 352.49101
256.44462 337.51495
221.04083 333.67143
182.18311 278.89347
182.00006 309.46853
188.29442 310.87411
177.49681 303.31994
190.04663 233.87420
207.78720 226.96312
223.27048 225.53912
235.37484 227.42428
243.00817 231.82064
245.90427 248.67485
270.43622 273.80826
238.54251 263.38170
228.61327 266.78188
215.11056 267.28476
202.04169 265.13091
191.92495 261.78866
185.05351 258.52836
270.87562 272.90865
188.10628 312.84889
175.89074 282.39008
174.70496 310.81064
169.31777 315.62787
174.78954 312.22730
185.49222 315.47930
167.41090 316.73998
166.31410 318.50605
184.57521 250.69738
179.83827 253.14253
177.36995 255.11730
232.99018 244.42481
240.25592 239.88638
104.38646 245.50512
115.11775 245.60683
104.53443 235.97032
93.53048 245.39723
104.18063 255.02821
212.50514 245.35655
223.06289 245.40335
212.56946 236.44372
201.94356 245.28168
212.46412 254.38196
