155.85082 314.55304
152.87765 280.32720
152.23861 291.42034
144.23473 251.12759
152.84503 270.57842
152.45616 258.74318
151.32491 231.24045
86.10847 232.98258
151.04545 210.06353
151.08516 197.33679
150.95092 149.77402
155.91319 317.64932
155.67424 320.53812
155.33515 322.21716
155.79395 331.99150
156.11633 336.03580
156.24919 341.26939
156.18476 346.67846
154.09805 358.61122
152.67738 285.78384
144.24411 286.39937
50.07148 200.86624
110.71487 240.01308
101.42421 240.99535
92.67909 240.72749
81.35642 236.70218
119.07718 237.65728
99.29424 213.31888
109.74258 214.48815
89.27001 214.85559
82.50346 218.78389
72.67562 242.57648
118.02261 373.78014
82.93216 231.23247
44.90333 243.10125
62.35019 236.44462
104.23248 278.01781
143.87183 312.96225
144.74479 320.43970
132.01232 317.36202
123.75598 321.51891
135.29071 321.90186
127.70660 324.01343
108.47228 338.27083
145.32020 280.38024
144.05036 271.20573
68.88190 209.02970
123.23013 254.15287
122.54600 280.17643
121.58584 275.54763
75.37345 278.94015
144.06673 260.19621
92.09613 197.59654
78.52149 201.18624
59.38537 181.92770
133.09779 207.43628
118.65352 218.46125
101.06750 328.00108
54.21653 335.07812
129.75600 285.32718
137.52608 288.10642
113.35536 328.38667
115.88222 328.27801
73.58829 194.97057
121.79355 284.81232
110.04138 199.17703
108.82373 191.22252
97.15945 156.38815
65.71361 189.36368
102.73627 173.56384
63.49940 205.42752
55.99666 204.76344
144.18346 317.23276
133.64997 319.88023
125.66211 322.86031
131.89124 287.21691
114.65930 328.33279
119.60326 331.18239
117.16853 328.23610
134.83455 281.15960
129.30247 324.62883
136.64489 322.92424
145.32340 322.07194
140.41034 358.14207
143.30032 345.69889
143.88065 340.30856
144.69409 335.16489
145.63125 331.42611
129.48398 329.99864
127.56503 331.55634
125.33424 334.10538
123.50204 337.12827
111.75479 310.69439
43.32771 288.09921
152.41668 288.51828
123.83643 329.33534
121.78256 330.05065
140.35209 291.79357
124.96631 290.69955
139.05318 290.00091
113.05198 260.11336
97.67776 266.79116
119.75524 280.20914
74.21004 166.75491
80.41732 178.36523
89.18029 190.01745
116.54918 346.19058
130.76423 194.54011
125.39500 172.40004
121.93008 151.33931
85.44322 239.45999
62.10540 249.41630
124.75906 235.15472
72.56702 223.16582
130.09029 247.51994
128.79173 275.79134
52.53516 258.81554
68.08952 255.29504
79.91298 258.11728
98.00861 256.52353
111.54205 252.62723
121.96235 247.94969
142.52464 234.06926
53.50402 278.43431
65.08224 222.09833
148.25904 285.61814
124.05307 262.49175
41.85210 244.40338
129.86930 242.42713
118.63509 281.37087
78.02127 231.23028
127.99831 270.30747
46.81941 311.32055
125.12149 232.03597
136.00299 264.23008
76.44279 353.52691
76.73141 366.19018
44.54581 283.96517
63.90521 341.68453
50.26431 222.74347
116.54552 384.28344
148.96548 288.26658
115.47607 269.99275
54.44461 239.06087
94.34467 234.87219
101.79431 235.27761
117.64392 332.66297
54.94174 298.14577
134.33284 398.14848
104.72011 386.00760
91.84333 377.86435
150.94073 172.15401
154.32944 399.44554
109.55890 234.62705
117.15835 233.40982
122.35202 232.74949
58.45817 221.04287
116.58775 227.49388
108.53442 225.95034
101.05674 225.68178
93.43600 226.84326
88.39191 228.59382
44.61311 220.62708
89.46914 233.95326
152.55092 299.21417
121.01707 304.57213
129.88429 283.40229
139.44034 300.21807
151.02256 220.98236
89.81429 365.50853
102.67345 374.86618
133.82209 390.61851
64.83379 353.17016
122.46371 230.02522
136.77810 248.39065
154.41516 391.93378
118.46801 393.11818
47.59910 305.38304
136.93500 330.65608
135.12351 333.37114
133.45679 337.37450
132.29968 342.15999
126.94225 353.23466
121.41349 326.22162
119.29645 325.69028
117.57102 325.02022
104.58507 318.53380
67.67272 301.17762
136.48044 240.04456
132.19577 224.13264
126.60167 225.80615
123.26034 326.49971
67.30834 325.80853
140.35312 222.93273
121.96864 363.13645
152.04463 249.30835
143.30730 242.95525
151.68002 240.55652
130.24627 263.05707
154.36801 381.67781
154.17976 369.43889
137.58834 368.73722
100.10024 343.80369
111.07181 289.75900
110.04012 354.85570
89.00405 290.12908
102.26237 299.91211
81.00349 306.58604
134.85057 380.55894
124.21272 268.99072
92.49953 353.02493
105.14938 363.96094
92.18700 331.08937
57.81615 315.05483
80.20354 334.87663
53.31016 324.82318
94.76031 312.66929
130.65379 255.32587
131.92477 279.60281
125.66234 282.95999
136.13517 272.95417
125.15994 215.22721
109.96997 208.52199
96.41845 207.00620
84.90707 209.19688
76.68208 214.36635
71.13410 233.53393
43.43059 263.42748
77.58067 246.23145
86.92947 248.39226
99.33223 248.22688
111.31454 245.99874
121.06284 242.71411
127.78201 239.34669
42.03784 266.32091
125.58715 285.87216
137.00183 256.10015
138.87157 279.45011
143.80489 284.47140
138.81549 281.34519
128.02692 288.93940
145.46439 285.14204
146.19487 287.77438
128.50665 231.99291
133.08051 233.82001
135.84781 234.75438
85.35373 230.00082
77.98499 224.00048
159.79194 250.74400
214.79167 232.14837
160.17909 285.90995
247.52372 197.32308
190.43349 240.05898
199.51541 240.74597
207.95737 240.00355
218.58253 235.55377
182.43842 237.61325
203.60290 213.64756
193.18145 214.68803
213.22383 215.19110
219.24903 218.94823
226.18198 240.76824
187.83099 371.83376
217.80238 230.11798
251.46129 238.24334
235.89572 234.48460
198.03237 275.67142
167.12520 312.46774
165.70098 320.13032
177.70183 316.19520
184.56279 320.06801
173.95560 321.22170
180.37311 323.00934
195.92540 335.63289
160.27293 279.96523
161.43474 270.70246
232.63015 209.85496
178.70822 252.77908
181.10381 278.61532
181.71115 273.90457
225.36739 275.24990
160.68469 259.70652
212.03090 198.59406
224.47967 202.42098
239.41055 178.98752
171.06918 207.68675
183.98578 218.72209
202.34027 324.89984
240.69526 329.85560
173.88808 284.14143
166.36268 287.23712
192.95051 327.08544
190.45993 327.03040
229.49607 196.41491
181.44336 283.15729
194.57694 199.55889
196.25362 191.76962
203.57784 154.82254
233.76941 186.95542
198.31012 172.52145
237.52834 206.07762
242.46051 201.81323
166.75006 316.83745
175.98109 318.97617
182.70942 321.58792
171.65019 286.08774
191.69921 327.07308
187.97862 330.38629
189.18643 327.00291
169.47307 280.32391
178.28067 323.72574
172.12913 322.36586
164.52132 321.84509
167.08835 357.36766
168.28517 345.60897
167.70312 340.15664
166.60278 335.03499
165.08254 331.37654
178.67561 329.50264
181.01878 331.11384
183.56429 333.68946
185.58852 336.74190
191.86115 308.21230
250.31928 282.85210
183.19923 328.51954
185.66280 329.26974
163.89087 291.07588
178.28159 289.15312
165.02006 289.23243
188.65154 258.25066
203.96133 264.24797
183.27270 278.46443
225.54259 164.40826
219.76665 176.71136
215.26889 191.13980
188.74835 344.07090
174.12921 194.84981
176.24282 171.75966
179.56023 150.46777
214.70664 238.50958
235.64326 246.84164
177.07080 235.17834
227.84595 222.88722
172.09903 246.52209
175.42365 274.61383
245.28812 254.23842
230.10204 252.73589
219.20131 255.81298
202.15923 255.03948
189.18391 251.71828
179.22206 247.47668
160.05801 233.66732
244.68215 273.69600
234.72099 221.49258
157.00233 285.34623
178.33148 261.08655
252.89672 239.48207
171.91684 242.34003
183.92467 279.58349
221.99744 230.32558
175.80863 269.03353
247.03174 305.97720
176.63524 232.00321
168.32248 263.35776
223.48083 349.42725
222.08945 362.00503
251.19544 278.60683
233.97517 336.96225
247.11105 218.83912
189.39014 382.26850
155.79097 288.06799
186.68910 268.17898
243.04622 236.28904
206.99905 234.77929
199.66327 235.58930
189.98649 331.80906
243.01715 293.29591
173.33053 396.85047
199.14314 383.17313
209.83066 374.38300
191.95499 235.03556
184.43484 233.61356
179.34634 232.87083
240.43159 219.87565
185.46230 226.78893
193.42452 224.90853
201.05018 224.52551
208.50578 225.64779
213.10504 227.46317
251.53842 216.35110
211.68185 233.44162
182.91564 302.58719
173.90571 282.33666
165.55518 299.42255
212.10357 362.12811
201.13189 372.22090
173.81129 389.40998
231.82128 348.47511
179.45850 229.70426
166.31747 247.70816
187.48321 390.97147
247.98766 299.94912
172.60120 330.43760
174.87273 333.16508
176.87419 337.18093
178.35506 342.06072
179.45380 351.66241
185.69644 324.95778
187.90744 324.31527
189.68391 323.48402
198.87111 315.62421
232.14721 296.91458
165.84632 239.40797
170.52112 224.24864
175.75988 225.96553
183.54449 325.33623
231.89132 321.31845
162.76878 223.48267
183.82590 361.36175
159.97218 242.53302
173.01192 262.01687
169.78904 367.80465
203.12156 340.84124
191.44550 287.54850
194.40002 352.43251
212.92949 287.02946
200.39432 297.31118
220.39390 303.02203
172.65327 379.45366
178.56391 267.53261
210.08586 349.70830
198.98383 361.38422
210.17924 327.73116
240.09788 310.15302
220.85017 330.97955
242.87742 319.56480
207.72460 309.60469
172.05291 254.34245
172.43205 278.58764
178.12915 281.62457
168.74328 272.06569
178.11931 215.49237
193.58703 209.03427
207.02377 207.88605
217.84518 210.15971
225.00255 214.96715
228.13594 232.32237
252.51334 258.20122
221.55341 244.52325
212.84549 246.92417
201.04446 247.31169
189.49622 245.49064
180.23864 242.39353
173.87778 239.14861
251.96861 261.14513
177.86021 284.42853
166.68552 255.37428
166.16676 278.67210
160.94207 284.00270
165.83350 280.65621
175.39252 287.54026
159.56557 284.73913
158.35960 287.37759
173.59409 232.08380
169.02206 233.87466
166.45229 235.05391
215.74691 228.86966
222.75321 223.69735
100.43189 229.77796
109.61154 229.70483
100.67313 221.73880
91.24618 229.81659
100.16101 237.75829
199.01542 229.01746
208.28193 228.83715
199.33643 220.91837
189.75761 229.16120
198.69762 237.13354
