185.65216 392.35010
192.00066 355.43520
191.46834 363.09031
180.65848 315.27667
191.68251 344.30639
190.95621 327.85664
189.01553 285.62324
107.02765 276.47751
187.83244 254.97853
187.51149 239.39701
186.23284 180.56674
185.74732 394.59820
185.83681 396.35210
186.02507 397.52640
186.23312 397.38980
186.00470 400.11921
185.95526 403.52757
186.06387 407.24627
192.58311 432.29085
192.01273 360.09111
180.40665 358.46376
60.53076 229.45499
140.67122 286.07057
129.02331 287.44397
117.56050 287.45955
102.17032 280.63034
150.50661 283.35705
119.97424 254.30693
133.68775 255.42522
107.87079 256.48145
100.43070 261.07308
92.13986 288.67600
150.68417 448.54407
102.40469 273.30283
56.39681 280.40645
78.28787 279.91181
133.56461 338.17699
174.08619 390.23377
175.16617 395.05718
164.52626 390.19412
157.92490 390.12530
166.76403 393.66588
160.27380 392.48316
140.32240 409.13395
182.47488 355.23204
180.51468 344.54798
82.28930 250.26800
155.99411 308.13564
154.81051 347.77739
153.92102 340.81577
99.17803 336.13076
180.48012 329.08282
108.28530 238.59811
92.48484 242.18565
71.13182 210.71223
161.94968 250.36331
145.89962 260.18608
131.49929 398.76049
71.88937 383.75965
163.59946 353.89919
172.76629 357.51026
148.83458 390.20210
150.90487 390.65413
85.75543 234.06596
154.54186 351.37346
130.88932 240.61910
128.21192 231.13525
117.58757 187.01418
79.21175 223.92216
124.71970 209.92910
75.28803 244.36194
68.44613 239.08541
174.45578 393.00806
165.55560 392.06975
158.99310 391.31298
166.17552 355.56433
149.90734 390.41987
154.67993 393.46575
151.89690 390.90930
169.44373 352.43336
161.57116 393.49298
168.05596 394.95231
176.19276 396.51111
177.30153 431.51767
175.71423 406.09374
175.61243 402.27088
175.93590 399.02236
176.62627 396.41081
162.09158 393.63189
161.06264 394.72842
159.97466 396.41126
159.14153 398.66013
144.03973 380.70013
57.43079 326.45698
191.83792 361.59293
157.17949 392.52075
155.95852 392.83167
176.72011 362.20692
158.54449 357.20282
174.81930 359.95985
144.46408 314.49789
125.87790 322.84501
152.23427 344.88633
88.87995 196.17674
96.78456 213.43090
103.67733 229.13296
149.78650 418.01485
157.02574 235.11154
153.95117 209.88247
149.16891 182.40797
107.84127 285.20501
79.69515 297.25455
156.71177 280.68364
89.25051 265.55405
163.66852 301.35974
161.85635 345.50637
68.14881 305.04439
88.14736 306.19673
103.58103 311.11612
126.43523 308.75787
142.95569 303.40912
154.93622 297.97745
178.24114 288.24818
71.44442 329.49500
79.67633 263.79001
186.02135 359.82666
157.00629 320.69997
52.99220 275.62927
163.86118 292.10483
151.31840 344.23281
97.10448 273.61471
161.04851 336.94630
62.32233 354.37478
156.08006 276.60722
170.49166 332.06760
99.38843 417.83602
99.37664 427.81229
59.26493 329.18388
84.58653 400.72838
62.13190 257.85053
148.03063 460.72956
187.06963 361.20669
147.19080 328.64663
68.76135 281.39188
118.59476 280.18546
128.52406 280.66047
153.62542 394.43443
74.70564 352.23380
169.14103 477.17758
133.37956 457.81520
117.61029 445.25828
186.87399 209.53611
193.93311 479.06280
138.23866 279.56259
147.49831 277.79909
153.45358 277.14274
71.36820 260.63087
144.36119 269.12869
133.65101 266.33886
123.39671 266.12701
113.75895 267.85745
108.02122 270.23378
54.93563 249.89989
111.83342 278.55090
191.33891 371.07404
154.77309 374.46991
163.62509 352.74280
175.67978 371.78652
188.23264 269.31337
115.60454 434.14724
131.04800 447.53915
168.82168 469.62759
84.95428 408.39720
152.33933 273.59759
171.47751 307.45863
193.60524 471.79490
149.93040 469.27283
64.26651 354.32573
168.56253 394.93564
167.57616 396.89805
166.97924 399.53857
166.69222 403.08037
161.87907 426.06714
155.25259 391.48093
153.95197 390.73408
152.89975 389.95568
135.81349 388.98764
90.76451 360.02351
171.04876 294.06332
163.99004 268.40217
156.89454 269.46253
156.92011 392.29197
89.82294 386.23305
174.09214 268.97509
155.85221 436.47690
190.33205 313.54594
179.28708 302.48176
189.71070 300.12893
163.99313 325.50027
193.29144 459.66831
192.85365 444.91903
174.12390 443.58774
129.19348 413.76919
142.04806 353.31488
141.29630 426.42853
115.76144 351.95732
131.75787 365.18913
106.66167 369.79566
170.62436 457.63110
157.29370 330.57608
119.46120 422.29128
134.63749 436.28442
119.68029 399.61826
78.48460 371.32755
104.87559 400.42930
71.70414 378.00966
123.33393 379.80380
164.40792 313.78779
165.81263 350.81521
158.52131 351.79967
170.60805 344.81475
153.37210 257.84699
132.85754 250.18558
115.39465 248.80156
101.63645 251.29443
92.81649 256.63952
88.90799 276.59312
56.24483 304.70611
98.96740 294.03918
111.38304 297.75305
127.37753 297.18605
142.12216 293.97307
153.38709 290.12118
160.99141 286.61304
54.82897 300.58714
158.79448 353.73105
171.88321 319.51499
174.16064 352.88667
179.89647 357.41937
174.07910 353.76800
161.93205 356.47418
182.31100 358.94900
183.19741 360.29369
160.29681 277.23853
166.62018 280.43851
170.27222 283.29564
104.77820 271.98299
96.06352 266.31150
199.95797 314.40905
269.16033 271.00072
203.14280 357.27949
306.91988 219.64476
236.58610 283.34328
248.34914 283.40926
259.61779 282.39127
273.72069 274.81257
226.41814 281.83392
255.29639 251.50364
241.29340 253.66651
267.77434 252.47223
275.25740 256.14059
283.45938 281.67042
233.43090 444.38500
273.20971 267.70456
313.66057 268.27594
295.46000 272.33002
246.22031 333.15834
198.26722 390.08674
197.72259 395.14157
209.89499 390.33690
218.05863 390.60952
207.78767 394.03320
215.64318 393.07108
239.90637 404.07661
201.40839 354.23516
202.45964 343.50656
291.23278 244.74660
222.95504 305.34688
226.89616 344.58835
227.13477 337.67958
278.98428 327.81467
201.33961 328.11239
266.31808 236.04533
281.57145 238.03626
296.88811 202.20495
214.24111 250.92493
229.10389 259.27292
247.54336 392.91986
302.77277 371.76309
218.87780 351.35112
210.07094 355.90068
229.40236 391.45267
227.29647 391.80113
287.10032 229.60855
227.14970 348.16034
244.47085 239.53940
246.48844 229.93244
253.13242 182.26509
290.09467 215.94795
247.25279 206.19100
296.83821 238.48192
300.76765 229.63787
198.15266 392.96647
208.92035 392.35061
216.98826 391.86556
216.28359 353.28688
228.32541 391.62442
222.70842 394.39825
226.25334 391.97319
213.70781 350.21680
214.29083 394.04420
206.46313 395.34209
197.05683 396.65054
207.20145 430.02988
197.46659 406.08640
197.33956 402.29200
197.18432 399.13501
196.92488 396.59421
214.15602 394.29210
215.15017 395.28512
216.15096 396.86677
217.02471 398.94563
236.34921 376.21455
313.63459 313.82828
220.13750 393.36140
221.33089 393.74307
206.07621 361.04286
223.35982 354.49671
208.03492 358.61233
234.47129 310.63776
253.04099 317.20291
228.81293 341.65442
280.30573 189.19761
273.43012 207.46227
269.97435 226.23450
231.92555 413.83768
218.20105 235.64815
219.20344 207.82678
222.81405 179.81744
268.68826 279.53845
295.90495 288.89944
219.80986 280.05131
285.50227 259.51580
215.09930 299.24502
220.32719 342.83830
305.42277 293.86988
289.26852 298.12815
275.39416 303.94683
252.98365 303.63398
236.19442 299.98834
223.82290 295.90580
199.84364 287.41745
304.05188 318.29937
293.94297 257.18283
197.86427 359.19355
222.56663 317.97615
315.53969 263.67636
214.69012 290.99878
229.44149 340.95610
278.22966 267.75670
220.29944 334.40299
310.41171 341.77801
219.47861 276.05780
211.01525 330.28724
279.55397 407.99847
279.35713 418.39716
313.97608 316.21465
292.66066 389.34832
307.48843 247.01427
236.63811 456.24721
196.58293 360.75911
232.54010 324.97588
303.80881 273.18354
258.33353 275.44748
248.50832 276.83961
223.86439 395.36050
301.72152 340.88664
217.84525 474.93830
250.37680 452.09933
263.95739 437.77955
238.55866 276.80594
228.83570 276.23180
222.44561 276.38340
300.63731 253.47368
231.06850 267.65268
241.71637 263.84192
252.30170 262.54619
262.20587 263.28481
267.93456 265.13959
312.80272 238.93079
264.78732 273.28268
226.64885 371.13410
219.00683 350.15166
206.73001 370.41744
265.29463 426.04062
251.56275 441.21366
217.50702 467.13371
291.74742 397.61980
223.20366 272.78385
208.05415 305.91503
235.59739 465.34034
310.19965 341.41321
206.33032 395.39610
207.10801 397.21548
207.60422 399.73092
207.99424 403.02772
221.24953 422.98097
222.05187 392.26152
223.32823 391.57685
224.45605 390.81178
243.67422 383.62125
287.16750 350.30654
207.32453 292.65252
212.23650 268.36883
218.65881 269.08878
220.38836 393.00291
287.84476 375.89977
203.24385 269.48338
227.46762 432.86686
200.11544 301.57874
216.44604 323.35883
210.69985 441.74268
251.05154 407.55629
238.48793 348.99346
240.42776 421.37061
263.73114 345.02640
248.32487 359.79860
272.58658 361.71929
215.02057 455.39594
223.04270 327.83224
261.20726 414.86269
247.44780 430.42732
259.40962 392.69565
298.32251 359.96687
274.00771 391.69311
304.03345 365.46168
256.09393 373.47496
215.14325 311.70918
217.14047 348.27763
223.70772 348.81521
212.09299 342.84854
222.14440 257.50099
242.28938 248.77104
259.86555 246.12702
273.63509 247.24057
282.26118 251.44564
285.66683 270.06931
315.29822 291.91268
277.66444 287.36859
266.25548 291.81709
250.70387 292.65754
235.78799 290.98757
224.22648 288.45205
216.40232 285.72611
314.87639 288.13366
223.24400 350.82487
208.63442 317.92028
209.39883 351.03202
203.70499 356.15193
209.42669 351.95243
220.26356 353.90396
201.45090 357.91099
200.32532 359.42060
215.73885 277.03447
210.39801 280.24333
207.72593 283.02779
271.04643 266.57746
279.29980 260.71636
126.07331 272.04865
137.76247 271.41798
125.60948 262.06636
114.25391 272.66083
126.44884 282.02054
248.65630 268.83090
260.54110 268.38968
248.59496 259.50338
236.76308 269.20162
248.76261 278.13389
