146.81414 344.56969
146.55287 311.97821
147.89183 321.18194
136.58083 277.32956
145.74938 301.39400
145.07555 287.10660
144.03094 252.34241
81.61131 247.86855
142.15411 222.38864
141.30392 207.87121
140.20552 160.60091
147.24581 348.74570
147.86311 352.86055
148.53064 355.49566
148.20826 355.98373
148.35143 361.11980
148.59965 367.02384
149.19794 373.07323
152.30067 381.14689
147.20404 317.00974
138.06685 317.00375
50.32477 210.75396
106.69527 256.26253
97.49354 257.54465
88.67283 257.48632
77.65452 252.17310
114.60617 253.41531
91.57008 226.52812
102.24209 227.17391
82.15845 228.82527
76.38148 233.39228
69.40379 259.90347
118.26491 398.21308
78.38408 245.65846
44.63305 256.20266
59.75092 252.57363
98.00892 302.22885
134.03716 342.72103
136.41169 352.48339
123.10667 345.23383
115.95663 347.37217
127.30265 351.93197
120.37783 351.57901
104.73433 361.59017
138.55597 312.22341
136.45380 302.06303
62.55850 223.85876
117.05218 275.80437
116.09808 308.57346
115.21214 302.80847
69.73544 301.75488
136.29702 288.71470
81.97895 210.94949
70.16161 215.48184
56.37709 193.01887
122.40601 218.45783
111.79139 231.25303
96.04597 352.07037
58.03133 348.45344
123.72672 314.18202
131.86472 317.22487
107.30256 350.08781
109.83210 350.58754
65.43990 208.58279
116.04784 312.45135
98.78609 210.85747
96.71986 202.23101
87.54725 169.11946
59.78903 201.82278
92.11739 186.87846
57.53786 219.09484
52.94964 216.52603
134.89649 348.09514
125.09875 348.78548
117.97829 349.48856
126.09496 315.84439
108.59911 350.33925
113.20450 353.97414
111.10743 350.87792
128.02924 311.68525
122.46214 353.12300
129.40722 354.13610
138.11182 355.10691
138.82273 380.94180
136.59285 372.37336
136.31121 366.30221
136.83730 360.40474
137.77296 355.63046
122.12397 353.26610
120.36415 355.26005
118.52927 358.02172
117.28901 361.25691
106.41283 337.36976
47.31022 298.19968
147.58021 319.04997
117.09898 352.13056
115.09690 352.93554
135.33686 321.09633
119.64363 317.90613
133.69669 319.24708
107.25758 281.99030
91.70798 289.36088
113.97234 306.91045
67.58835 178.95095
71.73523 191.42313
78.63505 202.62854
113.92811 369.57803
118.50747 203.97677
114.76405 185.75435
111.12173 163.60964
81.62802 255.74542
59.75533 268.35262
119.71859 250.49220
67.82662 238.28875
123.44559 269.08048
121.54759 305.38371
49.28198 276.41045
65.05646 275.78783
76.16438 279.51883
93.96412 276.99064
107.30393 271.88895
116.97482 266.42226
135.17550 255.41004
50.04204 297.69004
60.66651 237.08629
142.24898 317.00001
117.94058 286.14725
45.49874 253.25155
124.04967 260.32196
113.23145 307.09024
74.09998 246.01303
120.80904 298.29766
50.98750 322.79462
119.78222 246.67697
128.25503 292.45845
76.63783 374.51853
79.53461 384.73420
44.31479 299.16251
64.08085 360.96794
48.82805 235.04818
117.96862 408.60456
143.65008 318.95406
109.61615 293.75601
52.86696 255.07195
89.90073 250.49844
97.39472 251.03467
111.69646 355.30653
52.22472 317.89783
136.88273 422.46722
107.96820 407.69883
95.04364 398.18804
140.99299 184.33550
156.72552 423.93216
105.03886 250.17001
112.49010 248.44970
117.38366 247.48459
54.80896 235.13299
111.26948 240.91919
103.04982 239.17214
95.12118 239.27687
87.60178 240.91584
83.00824 242.96796
46.95940 229.89389
85.00597 249.22411
148.25472 328.59611
115.86296 332.31120
123.56524 312.80656
134.49961 329.62273
143.29085 237.28205
90.88189 387.39101
104.09661 397.76568
134.93151 415.85701
67.86467 369.14673
117.10900 244.21917
129.49271 272.40413
155.39046 417.39192
121.40316 416.39369
47.88391 321.36927
129.08141 354.54983
127.42339 358.13418
126.21489 362.60334
125.72817 368.02175
125.08959 376.49768
114.97050 351.04549
112.78433 349.94213
111.04306 348.82925
99.14624 344.05754
63.11526 323.68580
129.38239 261.57041
125.27441 237.73881
120.33841 239.54997
117.34366 352.12631
64.81287 347.27625
132.16868 237.08761
121.22286 386.97728
144.69744 275.34958
135.77025 267.09863
144.41363 264.47228
123.34357 288.70383
154.38452 406.89835
153.31576 393.41407
136.94819 392.79428
97.54910 367.16739
105.33772 315.24147
108.62366 378.39108
82.70274 314.73389
96.31726 325.34482
75.42349 330.76638
135.02215 405.66013
118.09777 294.33962
91.57214 376.03522
104.96636 387.59076
88.02178 354.72048
55.95423 334.94013
77.30593 357.77543
53.90957 342.03449
89.11578 337.49690
123.88493 279.11746
124.88543 310.07515
119.29888 312.00814
128.50565 303.50563
116.88773 227.41264
100.91423 221.01238
87.45181 220.57571
76.90155 223.57909
70.30661 229.25683
67.73730 249.01384
43.18909 277.67402
74.00689 264.31212
83.00686 267.16075
95.44327 266.50466
107.26862 263.46297
116.41589 259.51671
122.52503 255.75759
46.08633 275.37346
119.72163 314.25264
129.52017 282.07740
131.67590 310.97766
137.21095 315.52793
131.81219 312.35061
122.53539 316.89927
139.13699 316.50878
140.42216 318.44480
122.90171 246.86056
127.11886 249.41450
129.21095 251.47009
80.35704 244.48323
73.08964 238.76327
153.22054 276.05794
212.15029 243.03873
157.05019 315.30520
244.12943 198.30325
186.44331 254.19384
195.82713 254.41940
204.76359 253.10619
216.37820 246.08068
178.33186 252.13963
198.64935 222.20331
187.79864 224.20976
208.67884 223.42518
215.26354 227.34582
224.68489 251.59265
190.06056 394.08265
215.47629 239.67743
253.88873 241.18605
234.87276 242.77442
197.65234 294.71942
160.28349 341.39655
160.83086 351.25772
174.49591 342.91794
184.53925 343.97070
172.26328 349.84705
181.54375 348.51910
197.05645 354.57319
154.75062 310.84679
155.17554 300.57138
227.50986 217.11321
175.72695 271.30412
178.75094 303.86110
179.26604 297.96878
227.33351 289.95723
154.15804 287.31292
205.03962 207.57554
218.13532 210.12182
234.06275 181.35886
164.15617 220.48127
178.62906 229.73547
204.20855 343.61549
251.34035 335.26412
171.91630 310.44716
164.01175 314.69997
199.03342 344.23643
196.30240 345.21477
222.66283 203.02736
179.69038 307.68955
187.58795 209.91270
188.46388 201.45299
195.90804 161.22565
228.39060 190.68023
191.40971 179.79720
232.73329 211.76944
238.78893 204.42223
160.81564 346.72857
173.48551 346.52920
183.17820 346.19054
169.80257 312.46371
197.61595 344.74086
191.31220 349.01523
194.88345 345.72364
166.52785 308.51398
180.23569 350.15128
171.02194 352.11891
160.48560 353.97253
165.66679 379.13781
163.19785 370.60632
162.20656 364.57528
161.20806 358.82941
160.19755 354.25783
180.12354 349.85059
182.01308 351.39181
184.10391 353.74651
185.81904 356.60249
191.43500 330.78730
258.29848 283.48311
187.14930 347.94155
189.17159 348.38566
160.95251 319.15831
177.12748 313.68706
162.41015 317.06716
186.57240 275.93093
203.30653 280.89486
181.35321 301.91214
219.13451 168.44570
213.56558 181.79492
207.65025 199.08197
189.07328 364.16722
166.03690 206.38741
168.04442 181.77793
170.39435 159.14219
212.22731 250.46117
235.41304 257.50422
172.97717 249.97042
224.44697 231.17640
168.24492 265.60035
172.18180 301.50086
248.12434 261.92549
229.65998 265.50611
217.88584 270.44423
199.58949 270.76706
185.90372 267.92814
175.66035 264.16567
153.59431 254.00104
248.93950 283.20785
231.82703 228.80200
152.20133 316.10388
175.52325 281.78688
256.26612 238.81380
167.88180 259.54781
182.61984 301.92076
219.62809 239.42293
172.47603 294.33975
256.55154 308.60629
172.65032 246.33299
163.30805 289.78349
231.18925 364.54219
231.48451 375.36207
257.69995 283.70262
242.83831 348.78316
246.47604 221.50895
192.61420 404.79760
151.57374 318.24776
185.03649 288.06557
242.91006 243.89155
203.23798 247.55354
195.41800 248.84859
193.22657 349.97490
248.71371 303.66347
176.29652 420.48833
204.65556 402.63396
217.02387 391.34486
187.60775 248.57488
180.05453 247.46596
175.10348 247.01734
238.40590 225.75732
181.05475 238.06817
189.03963 234.31954
197.06389 233.17083
205.12751 234.16710
210.21006 236.37819
251.31850 216.46018
208.51748 245.35970
181.51286 327.23848
171.67014 309.09314
162.37273 327.50872
217.89385 379.90417
205.86703 392.45967
175.51466 413.73592
242.43903 357.67971
175.27274 243.09445
161.12326 269.99400
191.62726 412.85820
255.94111 306.47219
170.88267 352.07706
172.69770 355.25007
174.24723 359.38939
175.57555 364.51573
178.83974 372.71203
189.36556 346.86523
191.17533 345.49788
192.64624 344.18847
199.62828 336.15479
236.82970 310.76008
160.73840 259.16137
165.40621 238.67341
171.08694 239.39728
187.35609 348.22923
238.57115 334.78094
156.93129 239.25354
184.95833 382.98294
153.54647 265.68661
169.26539 285.29997
169.55298 390.78211
205.73817 359.65795
191.28439 308.75802
196.49146 372.66896
214.58594 304.74893
201.10777 317.41129
224.04139 319.62154
173.36855 403.43463
175.90491 289.97506
214.35191 368.11200
202.51929 381.84946
213.42665 345.59374
246.80231 321.21284
226.25903 347.27793
251.71423 328.07333
209.67265 328.36089
168.17580 275.78236
169.36598 306.53715
175.86714 307.76429
164.10410 300.71911
172.29178 227.68625
187.55923 219.14975
201.17873 216.83937
212.47759 218.33820
220.34838 223.06688
226.07031 241.10474
257.09662 262.10734
219.91419 256.56920
210.48392 260.48514
197.89931 261.74524
185.89949 260.42618
176.51934 257.80613
169.99117 255.05702
257.87196 260.53677
175.97632 309.98329
161.41737 279.69398
161.95479 308.42958
157.39100 313.78548
162.41862 309.79719
173.80572 313.03992
155.38714 315.06915
154.77774 317.13848
169.36552 246.89838
164.72060 249.85107
161.72018 252.10101
213.19010 238.15485
219.37380 232.33537
97.20223 243.42706
107.52743 242.46025
96.88849 233.91486
86.94151 244.35980
97.45474 252.87329
196.16793 241.10461
206.57347 240.22644
195.81488 231.63496
185.68503 241.97944
196.49043 250.55914
