191.58384 398.83736
191.35490 367.91199
190.64840 375.57090
181.10718 325.66275
191.34180 355.98373
191.08242 338.79034
190.26789 295.40602
108.28030 286.52808
189.94648 261.85490
189.94328 245.07453
189.30166 180.55558
191.46643 403.24788
191.20173 407.68080
190.94091 410.45219
190.69012 410.37706
190.68525 415.25055
190.57087 420.74118
190.44876 426.41966
190.54901 437.02820
191.22856 372.82674
179.68536 370.82879
61.16377 230.11533
141.21262 298.08104
129.18304 298.77241
117.78141 297.66300
103.12290 290.22747
151.69083 295.64356
123.08643 262.08655
136.95616 264.33381
110.48403 263.68223
102.42573 268.34541
92.77905 296.81791
149.47639 454.21045
104.18446 283.03301
56.80511 283.51858
79.62555 287.06907
131.26101 347.23229
176.41075 395.07302
177.13116 405.64320
161.60484 395.62386
151.44718 396.26354
165.02251 403.27820
155.37045 401.30935
137.23431 412.35653
181.84435 367.34988
180.44462 355.73416
84.46823 255.19136
155.46268 318.19819
155.07227 358.50200
154.31593 351.27169
94.83475 343.19475
180.67379 339.73508
111.53568 244.17794
95.29680 247.00562
72.14483 210.59454
164.27584 260.51179
149.06733 270.48639
127.60376 401.30098
72.53908 390.43392
163.37564 365.46742
172.46408 369.36173
137.75084 396.95323
140.49118 397.87216
88.92622 238.43957
154.45383 361.90843
133.96519 247.99665
131.82068 238.14487
119.87556 185.78682
81.06018 225.32788
127.60159 211.58546
77.65116 249.13212
69.35310 240.76524
176.45962 400.77988
163.27677 399.63392
153.35955 398.77930
165.86697 367.14550
139.18135 397.42096
145.69647 402.16307
141.86562 398.39074
168.88231 364.39864
157.00249 403.23514
166.65627 405.88460
178.07341 408.61987
175.30479 436.27491
175.70877 424.14240
176.04471 418.47191
176.92928 413.08858
177.92418 408.64543
157.04855 403.30195
155.32455 405.01511
153.28476 407.42698
151.78192 410.42258
141.27871 387.65545
57.79921 331.12783
191.01278 374.25633
149.82109 400.99940
147.82621 401.46056
176.26707 373.86952
157.88729 367.57725
174.46262 371.70620
143.10564 324.03289
123.20660 331.21866
152.26847 355.12648
90.67024 195.38007
99.43544 214.79897
107.43624 234.33322
147.41131 422.04957
160.13594 244.64030
156.70826 211.94817
151.74032 181.38441
108.39560 294.91318
80.04034 304.43794
158.53806 293.09773
90.80751 272.73455
163.66844 311.45569
161.91109 356.55067
66.86344 309.72799
87.71160 313.42280
102.83789 318.74311
125.79113 318.05773
142.90371 314.07181
155.53576 309.24789
179.26937 297.88715
68.56575 334.99607
81.44636 270.06661
185.30813 372.32547
156.86945 331.01653
53.33183 277.96087
164.88180 303.57978
150.85793 354.35213
98.48404 282.73007
161.33991 347.65592
63.33477 360.26132
158.67893 289.03509
170.71737 342.64783
99.11358 423.83836
101.27319 434.21014
58.57677 334.16772
83.07938 407.17979
62.59771 260.26701
148.27705 464.64397
186.30096 373.74122
146.17563 338.43056
70.08003 288.43777
119.30399 290.99602
129.19729 292.18138
143.89666 403.20211
71.03636 358.50889
168.82154 479.11830
136.04630 462.11025
120.61617 450.73631
189.69425 212.47478
190.72153 481.23624
139.30351 291.62913
149.07671 290.23899
155.53730 289.70070
73.25726 266.75552
147.04372 280.41380
136.40461 276.71177
126.19596 275.73607
116.35502 277.06241
110.30807 279.47022
55.40298 251.38215
112.74349 288.88993
190.56915 383.49155
153.43485 383.49734
163.43275 364.45426
174.99666 383.19054
189.95541 277.73730
116.58739 439.59630
132.22094 452.07559
167.72892 473.36490
85.70814 415.27328
155.00595 285.62692
171.92513 317.64851
190.63793 475.34984
151.52872 472.22923
63.24814 360.18072
166.68442 405.98013
164.94503 409.24770
163.54130 413.34691
162.73529 418.46219
159.88394 430.48900
147.51225 399.41408
145.48578 397.95648
143.77672 396.54588
131.75596 393.52221
85.56160 367.13146
171.61419 303.89721
166.14597 280.14318
159.59658 281.16510
149.69755 400.89711
86.11143 393.02004
175.84536 280.45185
154.00070 442.22819
190.82087 324.19724
180.10942 312.66101
190.56870 310.53110
164.06298 336.04348
190.64045 464.99261
190.55571 450.52484
171.88267 449.43172
127.59151 418.55353
140.55206 362.59587
140.00080 431.84637
111.41438 359.98477
128.68998 373.24297
101.51712 376.95910
168.68708 463.29928
157.38180 341.14286
118.99700 427.71587
134.42879 441.50708
116.89037 404.15264
74.98463 377.98031
102.39632 406.24927
70.38696 384.43197
119.02573 385.70559
164.53064 324.13119
165.45841 362.47987
158.56609 362.98301
170.55326 356.00948
156.02104 268.14199
135.84539 258.26202
118.36357 255.53782
104.20391 257.52572
94.82903 262.98111
90.21843 284.65277
56.06972 308.74269
99.14516 302.45544
111.19471 306.65559
127.16425 307.45729
142.36195 305.41165
154.27971 302.04030
162.29338 298.68447
54.94568 303.91285
158.66165 364.75449
172.09518 329.90687
173.59116 364.83637
179.10681 369.72396
173.26500 365.85102
161.48743 367.42983
181.53862 371.30528
182.49432 372.72052
162.73586 289.59320
168.35388 292.57528
171.65224 294.92599
106.83697 281.38667
97.68124 274.23837
200.48185 325.44202
271.62846 285.08954
202.18325 370.46000
312.31644 229.22335
238.49678 296.69779
250.47657 297.62270
261.84811 296.70822
276.27110 288.23197
228.20957 294.14727
257.15374 260.50497
243.23589 262.93682
269.68353 261.81409
277.43587 266.28090
286.12331 294.56544
230.98728 453.13137
275.73219 280.93703
317.67239 282.17350
298.21114 282.90851
248.55259 346.30815
206.47964 396.89188
204.82248 407.47616
220.08930 399.40275
228.75374 401.69527
215.99438 406.91000
224.43474 406.40963
242.07558 411.13055
200.76647 367.09773
202.14766 355.43218
294.29176 249.76571
224.00970 317.56398
225.91938 357.73597
226.34819 350.50746
283.80520 341.83416
201.37232 339.44077
268.71525 240.82903
284.30977 242.16831
302.29736 209.83156
216.86607 261.30503
231.13594 269.28364
251.57612 400.01636
301.85722 388.56884
217.73846 364.85356
208.97829 368.98142
240.06645 404.92190
237.26265 405.49843
289.93820 231.88041
226.22219 361.17645
246.92959 246.96455
248.58452 236.14429
257.56962 185.46573
295.47039 224.31864
251.17157 211.01348
300.25894 242.19780
306.28975 239.77731
206.00740 402.63099
218.20961 403.39987
226.81728 404.07012
215.25898 366.61358
238.63914 405.22143
233.08350 408.65290
235.72308 405.76899
212.91615 363.83254
222.37892 408.08674
213.79631 409.28337
203.30551 410.30542
205.61911 435.92150
205.23573 425.64416
204.88462 419.89165
204.19094 414.54135
203.16366 410.09994
222.37823 407.89304
224.42924 409.71615
226.49788 412.28405
228.04684 415.23626
238.91277 386.79787
315.14175 329.55719
228.66665 406.91129
230.88360 407.70249
205.18829 373.64711
222.79663 367.05853
206.99709 371.44214
236.11710 323.30728
256.09665 330.26233
228.14320 354.39803
285.23182 194.82241
278.12241 214.01822
272.37598 229.52313
232.55432 421.03402
220.34805 245.23060
222.63447 211.61868
226.62113 181.19094
271.12995 293.67632
298.36151 301.55924
221.59111 291.71474
288.04478 269.24521
216.11855 310.91496
219.74186 355.85923
309.31396 308.15806
291.53889 311.83904
277.49687 318.04607
255.14679 317.43588
238.24936 313.22177
225.99182 308.64839
201.15694 297.65463
308.11165 333.37136
296.64970 265.39455
197.07020 372.12977
223.07610 330.39636
319.31747 276.72748
216.85120 303.56105
229.14982 353.67635
280.87952 280.09219
219.87015 347.00202
310.23315 358.47201
221.36177 287.52174
210.95943 342.14205
278.54446 422.05053
276.18023 432.49003
316.20239 332.39006
293.34408 405.30537
312.36450 259.11361
232.08214 463.53804
195.68466 373.60070
233.46001 337.72574
307.11739 283.20733
260.40112 290.25798
250.37575 291.29458
234.88022 409.81438
305.68035 356.75782
212.34880 478.39733
243.93124 460.57424
258.40481 449.06177
240.20058 290.30581
230.30853 288.57868
224.06326 288.05572
303.91796 260.46477
233.33618 278.42938
244.18255 274.67984
254.71077 273.93678
264.44557 275.36638
270.21053 277.75990
317.53540 250.35521
267.06902 287.92208
227.29794 382.82921
217.84843 363.83158
206.41396 382.96864
261.93073 437.92910
247.29809 450.74184
213.26977 472.68358
290.15358 413.46755
225.21111 283.92548
208.83072 317.24096
229.22100 470.98316
311.68072 358.29917
213.82303 409.03791
215.66307 412.31431
217.04769 416.42233
218.02376 421.46918
220.57156 429.62073
231.12701 405.86606
233.35712 404.66183
235.20329 403.37418
247.82715 392.48092
292.49516 365.53418
208.49518 303.56060
214.62738 279.49784
220.72353 280.05344
228.65784 407.02741
291.23207 391.20260
205.43720 280.90226
226.42384 441.30727
200.97441 312.39876
216.63868 335.54041
209.04524 448.93933
251.56445 417.14428
239.32110 361.75304
239.73240 430.59907
268.17085 358.77295
251.21780 372.25845
277.51907 375.54450
212.32220 462.71690
222.85740 340.46823
259.92584 426.05093
245.28599 440.15409
262.05673 402.76566
301.61301 376.09296
275.96622 404.55221
304.97894 382.45990
260.49244 384.55550
215.72899 323.65090
216.40213 361.80518
222.61032 362.29087
211.62130 355.46753
224.47857 267.65539
244.35696 257.23234
261.77658 253.79096
275.58273 254.97655
284.55513 259.79371
288.25111 281.26237
318.42106 307.15455
280.14503 301.04967
268.55446 305.72102
252.88521 306.42713
237.91084 304.10423
226.36524 300.76694
218.61702 297.69693
317.70786 302.47244
222.21985 364.05649
209.07122 329.47402
208.70077 364.30008
202.97626 369.35716
208.77630 365.38406
219.47132 366.83773
200.72201 370.97434
199.39375 372.42962
217.70882 288.42181
212.67719 291.94546
209.87396 295.25017
273.45024 279.56305
281.76804 271.76355
129.01155 283.60812
140.61707 283.72882
129.01854 273.46364
117.17722 283.39550
128.90570 293.73618
250.11322 281.51381
262.18548 281.38770
249.49753 270.98895
238.11420 281.59904
250.75581 292.03545
