195.07111 411.50405
198.35573 372.05645
196.79218 381.76603
186.60711 330.70252
198.24524 359.67945
197.42178 343.05145
194.68882 302.02991
108.25737 297.99984
193.17808 271.49724
192.79768 254.80197
190.20491 189.68371
195.02092 417.27573
194.78083 423.20191
194.51126 427.19490
194.23340 427.77851
194.22207 434.70254
194.07696 442.69335
193.79526 450.38374
194.00309 462.66617
198.04382 377.82698
186.53221 376.48416
57.92156 242.74503
141.94511 308.25433
130.25492 309.59110
118.91182 308.75003
103.49869 301.36140
151.98977 305.04080
123.95306 273.51562
137.58102 274.81177
111.49931 275.81345
103.35678 280.64864
94.18131 307.68434
152.59310 474.84156
103.85534 294.19472
58.04882 296.84595
80.34597 298.36139
136.21363 356.55717
181.58293 408.66037
182.98391 422.65725
168.56831 412.92173
160.07702 417.11576
172.91574 422.67611
165.06733 423.05005
141.89098 431.64675
188.78836 371.45733
187.11466 359.49599
86.89560 270.57928
159.32755 327.20858
160.51424 365.56418
159.26186 358.73819
100.81287 353.48658
186.83943 344.08551
115.28805 258.37557
98.56382 262.41990
68.77079 221.27386
167.91880 269.48883
149.37519 280.11293
133.80047 417.91952
76.79567 411.04487
169.18097 372.61476
178.41652 376.20607
149.80457 424.03039
152.67704 424.22480
91.84574 254.51081
159.65942 370.04859
138.02460 259.67610
135.98560 250.07525
118.91960 193.84787
79.80015 235.78187
128.46615 220.04640
79.53476 264.37768
68.01434 252.60959
182.04950 416.21139
170.69193 418.06024
162.46620 420.14883
171.70130 374.51544
151.27588 424.16570
155.79790 427.82859
154.20134 424.30526
175.46526 370.04602
167.01099 425.11617
174.66492 425.73396
183.87444 426.53772
178.02284 461.03490
179.44929 448.89955
180.40035 441.21367
181.78846 433.36519
183.39361 427.05798
166.60776 425.26075
163.96921 428.18322
161.03540 431.96829
158.59730 436.12235
147.02967 398.95073
60.19499 349.67022
197.50544 379.88827
160.93555 424.67090
158.41791 426.17169
181.92722 380.62933
163.27003 376.42416
180.28809 378.48680
146.84994 333.43657
127.65648 340.59504
156.94466 363.47070
88.26506 204.41232
99.06565 224.33586
110.99480 248.99366
150.77721 442.85177
164.27855 253.60289
158.24121 219.92380
151.88076 189.49548
109.19012 306.18001
81.92051 314.80889
158.58173 302.05553
92.03068 285.54076
167.65518 319.82168
167.98134 362.17069
70.51247 321.62100
90.57819 323.69317
106.08906 328.75726
128.32167 327.72858
144.69273 323.37510
156.90718 318.25864
183.36597 304.68848
74.11283 347.39322
82.74637 283.02802
192.21409 377.26500
161.10579 339.45307
52.81624 294.12915
166.23045 312.46355
155.27994 363.46671
98.66814 294.19777
166.87916 353.84140
66.64591 379.68298
158.42272 297.94708
176.62420 347.74251
104.40414 442.73706
104.46777 455.51671
63.09784 349.29776
89.72778 425.59652
62.30597 272.78695
150.63982 486.37933
192.89141 379.32179
150.33403 347.47391
70.32066 299.26010
119.92617 302.73534
130.05894 303.51715
153.34703 429.69824
77.61009 372.16035
171.12743 502.72351
136.73903 484.32093
121.86039 472.35463
191.74786 221.26704
194.46514 505.38958
139.92289 302.28862
149.28410 300.04558
155.44193 298.90701
74.03759 279.32059
147.04964 289.30002
136.53549 285.90148
126.40078 285.39975
116.44722 287.22544
110.22324 290.05585
53.12609 265.60473
113.04192 300.56169
196.62252 390.69321
158.65704 393.17009
169.43050 371.08384
180.51233 390.66322
193.62881 286.46171
119.81430 459.43568
134.55532 472.85462
170.96785 496.22524
90.20128 436.64454
154.82430 294.49885
176.67587 324.22634
194.94488 498.98144
152.67944 495.07406
68.67706 376.64960
174.13088 426.07719
171.53902 430.83153
169.24099 436.84184
167.51808 443.68650
162.40503 453.38835
158.87619 423.47974
156.26236 422.12991
154.04787 420.55322
138.30755 407.22466
93.27980 379.57175
175.66931 311.39840
167.10117 288.88555
159.66040 290.12319
161.25628 424.69935
93.54027 408.66616
178.08207 288.94986
157.15225 463.27134
196.47890 329.16481
184.98703 318.42211
195.63015 316.12924
169.10440 343.01482
194.98985 487.81220
194.49839 474.18405
175.24925 472.15321
132.19177 436.39709
145.51493 372.52998
143.34999 451.25992
118.19324 370.29424
134.87947 384.12009
109.61315 389.18701
172.36374 485.25569
161.96712 349.10747
122.98912 445.97689
137.47768 460.97909
123.17486 419.98860
81.92926 393.07463
108.81790 422.52464
76.59105 401.99461
126.47013 398.41811
169.14228 331.70558
171.92371 367.95737
164.34052 369.82174
177.01519 360.41331
157.52802 277.75752
137.87222 269.66992
120.71392 268.21010
106.59220 270.93868
96.71211 276.58644
90.77927 296.43329
59.13979 322.84209
100.90420 313.17478
113.25106 317.07076
128.85313 317.59923
143.48577 315.02795
154.91608 311.14278
162.85828 307.50651
55.84206 321.59464
164.22510 372.38385
177.47221 335.76417
180.46095 369.39051
186.15318 374.97049
180.18137 371.05532
167.04573 375.50904
188.50901 376.33018
189.21104 378.41284
162.64936 298.36258
168.95821 301.21079
173.11459 303.60077
106.64272 292.25677
98.36905 286.41955
206.05320 330.91260
270.74196 295.41214
208.18855 376.75375
312.00890 248.97721
239.49341 305.80787
250.30304 307.10630
260.79967 306.88779
274.72118 299.42171
230.52090 302.96116
259.02847 271.83549
245.98930 272.51501
270.38605 274.58557
276.96033 279.57065
283.42052 307.21602
235.92777 474.89775
274.89101 291.60409
314.78031 302.03915
296.41117 297.78757
251.66878 358.22153
208.56266 408.55434
206.45512 422.63343
221.06670 412.44679
228.80531 416.70873
216.12984 422.46638
223.37955 422.77666
245.05043 432.62747
207.63248 371.76188
208.93379 359.73803
293.36418 269.69277
227.97482 328.05383
231.74919 366.15783
232.03312 359.34368
284.17480 356.23724
207.61314 344.25043
269.50611 257.94041
284.17297 261.91622
302.99141 227.39197
219.36989 267.17482
234.50150 277.51197
253.31043 419.23260
296.87489 411.90387
223.25150 372.98059
214.73572 376.59494
237.42867 423.95739
234.56615 423.99917
290.64243 253.40295
231.80916 370.66786
248.47359 258.51774
250.90729 248.66439
258.53065 197.98989
296.71856 240.66115
252.57355 223.05732
300.00965 263.16934
306.69518 257.78881
207.84260 416.18255
218.68153 417.83912
226.25031 419.82033
220.61443 374.87033
235.94414 424.02254
231.39774 427.55977
233.06480 424.03251
218.87413 370.43689
221.07254 424.77396
213.89847 425.52874
205.08755 426.48506
210.24712 461.71326
207.84592 448.75265
207.41940 441.06156
206.34960 433.23792
204.94341 426.90568
220.91404 424.81954
223.48759 427.85550
226.17271 431.64919
228.32661 435.82295
242.88429 400.31183
309.89803 353.22799
226.38237 424.27263
228.86322 425.86715
211.43650 381.07395
227.94678 377.10336
213.04417 378.92074
239.92268 334.84888
258.70083 342.79843
233.71414 364.21794
286.31817 209.94186
279.62406 228.55217
273.88634 247.95558
236.64028 443.80881
223.63316 250.99347
224.32770 221.64732
227.56008 191.80599
269.58611 304.48268
294.97780 315.76779
224.82780 300.32859
286.78680 284.25140
220.11742 320.39543
225.70271 362.64151
307.90619 325.65358
287.04498 325.30278
272.95341 330.54841
252.14668 328.50277
237.12334 323.05256
226.27102 317.51848
205.53947 305.00156
306.35746 350.61580
295.60047 282.13884
203.73623 377.47737
227.58011 340.12242
315.46455 299.83315
218.12603 311.54949
234.32549 364.28509
279.41040 292.12454
225.49271 354.25461
305.00877 381.65840
225.14652 295.96835
216.87542 348.03354
278.08987 442.42994
275.30128 454.65881
312.48692 352.36925
290.22884 425.68761
311.10790 278.18669
237.39765 486.10683
202.04731 379.49546
237.75070 348.61167
305.59792 299.25225
260.08408 299.97297
250.83828 300.55403
233.73589 429.49328
303.24799 374.37987
217.50702 502.40055
248.37700 483.05787
260.91755 471.09041
241.76231 299.32656
233.15887 297.42946
227.65930 296.73912
303.19683 278.32155
235.89241 286.07573
245.83366 282.19610
255.77389 281.97112
264.90685 284.32321
270.06607 287.50607
315.67284 271.83269
266.36013 297.94953
232.64217 394.07492
223.52638 371.42225
212.51820 391.30476
264.71069 459.03199
251.39172 472.22447
218.78979 496.20361
286.54064 436.46912
228.59463 292.11103
213.57059 324.54148
234.57748 494.20335
307.61997 378.45269
213.81733 425.73685
216.17893 430.51925
218.19172 436.52397
219.58057 443.36566
225.41111 454.19507
229.03900 423.16502
231.72653 421.85194
234.10610 420.26560
250.13447 408.71180
290.53715 381.51729
212.65347 311.85838
217.97382 286.57778
224.52362 287.88703
226.44737 424.32103
289.03751 409.58592
208.45600 286.98977
231.03954 463.66672
205.92171 318.58787
221.75564 343.46154
213.83118 472.48943
254.74838 437.06715
243.54942 373.61898
244.04976 451.69617
268.84521 372.26496
253.76511 385.58399
276.60946 390.79943
217.64275 485.48383
227.93179 349.63894
263.08575 446.14342
249.37035 460.86701
263.56331 421.09028
298.95920 394.47577
276.07422 423.17513
300.92438 402.82418
261.43436 399.98449
220.28839 332.16459
222.34226 368.39479
228.36643 370.33390
217.97588 360.78203
227.52403 275.33558
246.58302 268.05145
263.00175 267.48323
275.76271 270.39357
283.72437 275.74325
286.65176 295.04100
315.03998 327.08189
277.13074 313.05707
265.97458 316.99825
251.47411 316.71323
237.99332 313.49307
227.79022 309.61843
220.82249 305.99760
312.99824 326.33314
227.78530 372.88403
214.40453 336.04310
215.20332 369.77726
209.22482 375.30909
214.95281 371.47201
224.79359 376.00213
207.20562 376.60891
205.59269 378.58562
221.40305 296.66767
215.58830 299.50774
212.11079 302.31775
272.81322 289.79929
280.54119 284.92323
128.05450 293.52588
140.12058 293.42327
127.49557 282.46032
115.70061 293.55008
128.51479 304.47995
251.46004 289.88565
262.30652 290.23378
251.18366 279.40305
240.54924 289.44405
251.73115 300.37974
