176.52049 415.19370
173.40575 376.69071
174.54799 384.52424
163.78757 333.48248
173.15627 364.70691
173.26808 347.80831
173.21681 303.87389
93.98004 296.31849
171.37042 273.64416
170.93806 257.69288
170.73001 188.09307
176.39552 419.06338
176.30866 422.48304
176.34792 424.63365
176.29218 424.78434
176.22935 428.78496
176.04808 433.39253
175.88878 438.29840
176.61285 450.70932
173.82003 382.09959
162.59910 379.04326
53.32496 227.40908
126.21404 307.79443
115.12437 308.39838
104.31640 306.37938
89.83648 298.08025
135.15880 304.53555
108.98753 275.29169
121.14299 277.05686
97.99125 276.21609
90.93476 279.61662
81.19270 301.93153
136.07667 463.42157
89.94891 292.63958
51.36413 280.28105
68.49244 291.89114
118.09566 350.94885
162.63126 412.13653
163.81114 420.99972
149.80884 413.74630
140.89807 415.67946
153.05186 419.93693
144.51772 419.33710
125.40992 423.09690
163.92959 375.21702
162.27065 363.50780
73.22355 265.81837
140.76074 322.67860
137.40419 363.47545
136.81104 355.88629
84.97005 344.14362
162.94723 347.70702
98.95627 258.21701
83.65134 259.83969
61.89115 208.81142
147.05144 273.25348
131.81644 281.96666
116.28886 410.77700
68.07491 391.13122
145.60256 371.70963
155.35327 376.93990
129.24031 418.86225
131.77037 419.06020
77.32013 250.82975
137.15242 367.15022
119.69651 261.90980
117.59738 251.90240
105.23187 188.04675
70.15081 226.08151
113.44924 216.35858
66.30405 258.67534
60.09128 240.12104
162.96336 417.18623
151.35173 417.11414
142.58138 417.57955
148.39292 373.82811
130.54700 418.96493
136.05018 421.50019
133.15608 419.19351
151.21034 371.32841
146.25013 420.73351
154.60151 421.85460
164.78217 423.31184
162.05505 448.56106
162.33165 436.42205
162.83176 431.55725
163.64818 427.20274
164.79293 423.51912
146.24858 420.78195
144.44156 422.22812
142.57165 424.25224
140.99168 426.74901
127.92081 394.48445
54.48241 329.17461
174.24358 383.85707
139.85442 419.90294
137.98434 420.60315
159.66352 381.91243
141.10641 373.81015
157.61560 379.55177
129.68715 327.51813
111.46209 333.72086
135.17791 359.96361
78.40978 195.37307
87.27180 217.60832
94.85786 248.02463
135.11331 433.03738
143.67772 258.04236
140.68034 218.59867
135.11365 186.18148
95.24135 303.09839
69.86533 306.66530
140.58816 301.34081
79.35392 281.62442
148.32912 316.89378
144.14939 362.45939
58.90498 307.33349
77.59290 315.48929
91.56923 321.44019
112.37001 322.71973
127.78480 320.13152
139.09150 316.03138
162.41119 305.13045
60.29287 333.45844
70.27440 277.67864
167.64800 380.85494
140.93812 335.75186
50.21205 275.42630
147.31517 311.08109
134.47684 359.09828
85.49928 291.24500
143.73386 353.14970
59.25426 359.19574
139.60357 297.66421
153.15429 349.51748
89.97707 427.93247
93.20693 439.50352
52.06794 331.98060
75.48261 408.97063
55.43971 258.15061
134.21581 474.69438
169.29939 382.69170
131.38494 342.69771
59.47719 291.58560
105.11485 301.84221
114.85315 303.39837
134.27961 422.73281
62.82441 357.93049
155.45604 492.46404
123.44302 471.83802
109.89894 458.54229
171.87110 221.74390
177.52998 496.64301
124.06421 302.57661
132.37004 300.22227
137.37821 298.61017
62.10384 272.97613
130.19212 291.26473
120.73770 289.06021
111.71169 288.46280
102.86128 289.18989
96.83128 290.55720
49.87571 248.49018
98.58136 299.15342
175.01502 392.21205
138.26902 390.12446
145.53985 370.61316
159.49792 390.90508
172.54619 287.25249
105.34848 445.96175
119.06509 460.42340
153.28647 485.52315
80.14522 418.22187
136.61426 294.92005
155.37004 324.46917
176.15600 490.12131
137.96678 483.64603
56.32680 359.01594
154.65604 421.98302
152.89033 424.62129
151.50623 427.91780
150.51007 432.05814
147.07210 441.91957
137.68365 419.03648
135.76322 418.19135
134.18348 417.22193
120.08870 401.39444
76.69282 367.86424
155.54839 310.37814
147.75977 289.87453
141.33958 290.87405
139.83360 419.90171
78.09810 394.91839
157.40503 290.55711
140.99866 452.14265
173.40770 333.01086
163.15322 320.15801
173.48884 319.09676
147.18745 341.93025
175.97884 478.58116
176.13517 463.75149
158.18832 460.74057
116.03229 426.87437
125.66592 367.36809
127.50682 440.99891
100.20929 362.82853
115.92700 378.24304
91.83891 380.03126
154.56392 474.32810
140.52665 345.97490
107.65790 434.40627
121.62084 449.62805
106.01201 411.14463
67.14547 378.33783
92.72794 410.73419
63.22587 384.32529
108.11217 391.53935
148.31304 329.98394
147.68081 368.93409
140.72240 368.51315
152.62454 362.75737
138.69691 279.72055
120.77575 271.18032
105.25447 268.55171
92.49025 269.70727
83.63624 273.91688
78.23554 291.51948
50.13549 305.67852
87.42166 307.77412
98.64362 312.30817
113.28536 314.59380
127.19194 313.31760
137.63015 309.88025
144.58684 306.53768
52.25265 301.65653
141.10383 370.52204
155.03261 336.90813
155.63113 372.09345
161.72614 377.86259
155.66701 373.32983
144.26618 373.80066
163.93863 379.53906
165.46252 381.33323
143.95971 298.06519
149.73251 300.95193
153.20647 303.32286
93.00168 291.73082
85.87156 284.21135
183.16379 335.03169
252.10563 300.43402
186.59415 381.50730
295.72089 242.79072
217.57640 307.13461
229.49691 309.57602
241.07192 310.06422
256.50016 303.68837
207.51750 303.20550
241.29554 275.94694
227.09571 275.53792
253.30840 279.36992
260.16914 284.61696
265.91247 311.00278
216.52927 469.44283
256.76532 297.07172
299.30289 298.07555
279.74277 302.01921
232.95989 360.01199
190.55839 413.49515
188.80241 422.19201
203.22620 416.23187
211.96216 418.81597
199.66983 422.06278
208.23814 422.11637
227.12146 429.57926
183.07441 376.95059
183.94359 365.26795
278.72779 272.88047
209.27623 328.38398
211.89063 370.01990
212.56263 362.53190
266.29459 357.66662
183.68678 349.30061
254.72575 260.74815
269.66888 264.90478
284.79671 223.41818
201.22714 267.01461
214.05254 279.27220
236.21391 419.15521
287.19539 403.77653
203.83949 377.16363
194.58682 380.87580
223.60103 422.58282
221.00265 422.57896
276.90292 256.34613
212.73280 373.91337
232.82737 260.56437
236.04270 251.10334
238.18641 197.42796
276.63833 241.27316
231.13605 225.52517
286.13418 266.33193
288.75396 256.69735
189.82494 418.47337
201.43611 419.42693
210.16795 420.51744
201.17336 378.93791
222.27843 422.58140
216.63524 424.80851
219.60796 422.62723
197.62557 375.80571
206.57165 423.27879
197.99796 423.78965
187.82348 424.39798
191.35501 450.45402
189.31270 437.85435
189.04845 432.85134
188.48472 428.34549
187.64507 424.48333
206.24046 423.17836
208.16570 424.94048
209.94559 427.24452
211.31660 430.01603
223.89777 402.23660
297.78117 344.37977
212.82092 422.82872
214.69032 423.71520
190.33763 385.05676
209.36320 380.09325
192.42480 383.13622
221.04213 335.01562
239.67849 343.73791
214.71927 366.91860
266.64558 208.15662
258.09947 230.51511
260.09818 251.04698
217.42076 438.38260
206.99222 252.16623
203.55018 223.49124
207.46234 191.33698
250.67615 308.24443
277.67150 319.39220
201.18457 299.98869
270.43334 288.70825
200.94733 321.39507
204.11941 367.76723
291.34662 324.62324
269.54322 328.16910
254.70847 332.18704
232.24830 328.53651
215.81092 322.23616
204.11380 316.24928
184.42046 307.19959
290.73756 349.96342
279.95231 286.32851
180.03497 382.10838
208.76514 341.63359
301.01047 290.83243
195.62961 310.19062
216.05926 366.33667
262.03246 297.00989
204.61826 358.43005
294.50175 373.27943
201.50958 296.00545
194.17564 352.81325
264.56264 440.25765
262.92957 449.98763
299.36481 348.59286
278.61072 422.55256
294.89131 275.27428
218.44077 480.97661
179.43393 383.73573
219.22195 350.02561
288.79127 303.28668
240.17860 304.19524
230.04806 304.02797
218.34201 426.23306
289.39471 373.72705
199.66411 495.19983
231.73194 478.24475
245.89297 466.99202
220.03471 301.73426
210.30013 298.58172
204.10957 297.01694
288.10691 282.31456
214.60746 288.75763
226.06860 286.76831
236.74720 287.80355
246.20483 290.59216
251.62887 293.53941
300.82187 264.03675
247.13660 302.63857
213.16756 396.29378
203.82083 376.01892
191.05815 393.67891
248.84395 456.35953
233.85940 468.73325
199.33475 489.02330
276.12804 429.63739
205.72925 293.10374
192.62347 327.49023
216.82990 488.32737
296.13506 374.68260
197.76691 423.77388
199.51396 426.68782
200.66638 430.24346
201.49871 434.66563
205.67306 445.67683
215.14190 422.22484
217.00008 421.49668
218.60053 420.69096
232.13409 409.89448
275.13744 382.35309
192.55733 313.68453
196.17377 286.16519
202.04814 288.20888
213.05061 422.92892
275.77991 408.86570
187.11589 285.79087
211.42520 457.17797
183.94977 321.78430
201.56944 346.55008
194.31400 463.33866
236.97665 435.41674
225.60981 375.73297
225.15868 447.70857
250.84678 374.54742
235.67271 387.78154
260.33885 392.90917
197.75409 477.72384
209.00157 351.96111
246.30267 444.41042
231.03923 457.43199
246.87602 421.54316
286.29497 393.30098
261.12323 423.03468
290.18745 398.89902
244.03068 402.15665
200.60344 334.43543
200.82282 373.91534
208.53236 374.61758
194.50877 366.42782
207.74490 275.85405
228.96098 270.35956
246.48303 271.00522
259.77626 274.56949
267.85590 280.13991
269.64484 299.32301
300.38951 323.18412
259.09076 316.29183
246.96014 319.29663
231.10515 317.94631
216.33369 313.69316
205.18027 308.91047
197.86143 304.88654
299.26170 317.04174
208.37444 376.63288
192.59383 339.87392
191.95995 375.46772
186.81857 380.41241
192.79376 377.00038
205.70007 379.55911
184.17190 381.52906
183.52279 383.13487
197.75947 296.16953
192.68447 298.35886
189.68120 301.09021
254.67082 295.56546
263.72539 289.93485
112.72271 294.42181
124.57484 294.66198
112.46408 283.52030
100.82154 294.09463
112.99142 305.12279
232.99422 294.75262
245.34240 296.39111
233.57433 283.89273
220.65177 293.00422
232.46173 305.47884
