179.26104 391.23298
178.06153 353.53749
177.69394 365.89492
169.27287 315.67168
178.24343 341.04237
178.32428 325.84590
178.33899 290.32831
101.54015 290.95727
178.29750 261.16782
178.37830 244.66412
179.42257 183.02927
179.37056 395.51308
179.34985 399.83231
179.30647 402.76283
179.39911 402.84137
179.60568 407.89529
179.64945 413.76186
179.61197 419.84157
178.59373 435.71898
177.92483 360.27870
167.89265 360.23003
59.66536 242.80615
131.33736 300.11108
120.28214 301.02472
109.83717 300.04181
96.27072 294.36028
141.09700 297.16563
116.83432 264.76990
129.33396 266.31682
104.90277 266.94066
96.81191 272.20048
86.52693 300.07178
136.52445 458.20744
97.67834 288.27729
53.94497 295.63667
74.78936 291.22863
121.07041 344.27409
165.28901 389.28299
166.75414 399.50910
152.15926 392.69039
143.43439 395.73381
156.22826 399.58326
147.98497 399.84744
125.24395 413.23085
169.13388 353.31875
168.07072 341.26542
81.52592 258.55054
145.11942 316.65613
143.49551 350.16718
142.69247 343.99889
85.92829 342.54213
168.62049 327.22753
107.73055 243.60654
92.45514 248.71891
71.09309 220.05251
155.68060 255.06867
140.02537 271.86143
115.62045 400.86512
62.81580 410.83386
151.59941 357.26321
160.64751 360.79774
132.80587 400.26207
135.47285 400.48113
86.71009 241.00793
142.59091 354.99838
128.23779 244.46881
126.80075 234.88097
116.23001 189.46149
79.23304 231.45162
122.88802 213.01046
75.10596 253.42902
67.27042 249.53616
165.80250 394.83401
154.14721 396.29733
145.62651 397.79137
154.10944 359.27847
134.17555 400.38483
139.21776 403.11006
136.88631 400.59372
156.89637 353.79833
149.83153 401.42439
157.93211 401.87320
167.74611 402.38264
163.41704 435.24874
164.82930 418.69702
165.46811 412.67917
166.44171 406.98010
167.72580 402.35052
149.69460 401.35744
147.38867 403.35081
144.96939 405.99745
143.01245 409.11902
128.78052 382.75383
51.37606 351.20706
177.79265 363.15405
143.71146 401.01575
141.47637 401.97935
163.91898 365.11582
145.88789 361.62152
162.38633 363.04275
132.62213 322.91570
113.53957 329.60676
140.44640 349.01156
89.16937 201.80498
97.08651 218.70345
104.12434 234.52125
135.26051 422.25562
152.92229 238.93724
149.16537 211.97125
145.27604 183.83316
101.22034 298.02887
74.71955 307.03974
147.66093 294.06426
85.86775 277.03528
153.33416 309.14251
150.32420 346.10795
61.75797 316.23256
81.51390 314.34041
95.15257 318.15657
116.26332 317.30691
132.28247 313.57801
144.42185 308.59560
168.07072 293.32281
61.54780 340.39137
77.46069 274.20712
172.55904 359.82667
145.85671 327.43758
50.12659 296.18680
153.55812 302.51052
138.96353 349.84081
92.13700 287.67302
149.86992 338.60579
55.34808 380.78653
147.93679 290.39835
159.21528 331.68028
87.39153 434.32402
89.11541 450.33237
52.48648 346.55013
71.98544 419.45649
60.22864 270.94453
135.21737 470.84727
173.60194 362.70685
135.25919 335.54260
65.81868 293.10420
111.63470 294.19990
120.66031 295.07585
137.18014 404.50322
62.27112 365.05878
156.15073 486.09441
122.98981 473.65786
107.75687 464.51651
178.97791 212.68335
177.80873 487.66588
129.84270 294.37036
138.77980 292.60180
144.79206 291.44875
69.82382 271.60056
137.79120 283.58144
128.16306 281.01370
119.16932 280.60161
110.13094 282.17560
104.12857 284.59087
53.26073 266.84072
105.68520 292.62021
178.08356 373.98880
140.88408 376.99064
151.59352 355.49746
162.80163 374.08272
178.37057 276.06869
104.33091 449.10020
119.19541 460.28920
154.94681 477.83567
74.64945 434.02044
144.78222 287.57360
160.89035 311.37272
177.76352 479.22639
138.63778 481.07969
55.20943 373.48927
157.75896 401.76080
155.48273 405.19130
153.71273 409.51286
152.45726 414.73679
147.85731 430.05268
141.58760 400.07095
139.25181 399.10458
137.30196 398.05221
119.35614 390.44081
75.74728 369.46319
160.97012 300.40359
155.58281 279.40083
149.32907 281.89351
143.82899 401.02573
75.38737 399.69951
165.17445 277.74754
141.38493 444.29624
178.32989 313.84895
168.61838 305.15702
178.33064 302.62854
152.81432 329.24325
177.97604 467.00858
178.25224 450.89808
159.28790 450.31505
116.25290 421.13759
129.34277 358.98841
127.94688 434.76311
101.53397 357.49547
117.72421 370.02452
91.33969 376.64161
155.85226 465.84974
145.86501 335.83768
107.48473 433.15501
121.96339 446.64347
105.87111 405.46804
65.02297 386.16431
91.49126 410.69719
60.71209 398.11819
107.87783 383.69290
153.65752 319.33972
153.63972 351.61390
146.87998 354.22661
158.72874 343.29716
146.88164 266.77126
128.86561 258.04373
113.07408 256.56515
99.80585 259.71875
90.42450 266.32532
84.42746 289.22563
51.75509 320.88100
92.15393 304.71758
103.22260 307.74346
117.85376 308.36927
131.96988 306.31825
143.29352 302.59784
151.00535 298.72113
50.18238 323.52316
146.88502 357.07756
160.77151 321.27100
161.47978 352.04436
167.14438 358.16495
161.30846 354.32639
149.51201 360.38472
169.16935 359.11696
170.25071 361.96708
151.90222 290.16223
157.04571 292.09609
160.36227 293.43337
100.52626 286.53085
91.84351 278.72794
187.30458 315.76836
256.30495 291.51580
187.46725 360.33870
294.24979 246.97994
225.57980 300.72890
237.07304 301.73917
247.67805 300.90000
260.71928 295.21300
215.62270 297.62219
242.50338 266.87384
229.29690 267.98176
254.60894 268.99467
262.08605 273.89323
269.56053 301.54408
217.88090 458.19238
259.90836 288.99279
299.05001 300.03080
279.76637 292.67529
234.65760 345.97283
193.08968 388.63180
191.68246 399.05694
206.28031 391.24566
214.75294 394.07814
202.07341 398.56552
209.97813 398.48158
230.38866 413.69176
186.87279 353.47312
188.26617 341.38284
277.61351 261.06260
210.81767 317.34734
211.94136 350.82565
212.74479 344.68981
269.34470 345.71141
187.88193 327.28296
253.63482 247.02841
268.35616 251.76598
284.39082 223.68856
203.67604 256.36356
217.70277 272.87341
239.92480 401.91472
284.89104 412.98218
203.73457 357.72683
194.73597 361.18507
224.47247 398.68345
221.80067 398.85281
273.75708 243.72472
212.58566 355.81475
232.78551 247.39212
234.73982 237.40738
241.70218 191.51670
277.20496 234.17421
234.51712 214.27149
282.91762 255.73547
288.09710 253.13027
192.70035 394.32334
204.22163 395.15864
212.46338 396.29746
201.14907 359.72413
223.08550 398.78020
218.46707 401.84455
220.37932 398.97023
198.49055 354.12825
208.05083 400.04275
200.16905 400.88037
190.62760 401.92733
193.62572 435.31659
193.85209 418.59505
193.27095 412.47266
192.19464 406.70916
190.74427 402.00716
208.01529 400.26915
210.51892 402.43176
213.00291 405.20122
214.99968 408.49164
227.13042 383.98728
297.31589 355.00996
213.81127 399.70473
216.15393 400.69285
191.62913 365.50367
209.22333 362.49345
193.03555 363.44090
223.13643 324.15482
242.35232 331.68028
214.83397 349.91529
267.85937 204.78246
260.18782 220.70371
257.31982 237.33837
220.60837 422.49323
207.47141 240.01961
208.47844 212.68000
213.19243 184.90658
256.01908 298.97245
280.07765 308.99771
209.01677 294.44152
271.73731 278.40327
202.85229 309.54497
205.25853 346.54382
292.31242 319.98580
274.93685 316.94440
262.57037 320.86265
241.54208 319.49910
225.17891 315.06470
212.83869 309.64427
188.56720 293.44602
292.02929 344.18068
279.25688 276.01001
183.21331 359.89594
209.87198 328.12715
300.88084 300.64891
203.86721 303.10838
216.13087 350.93122
265.03886 288.57125
205.78209 339.07809
292.49300 383.78560
208.27902 290.48847
196.93684 331.91543
263.33369 434.98359
260.35754 450.03966
298.41750 350.28852
277.71902 421.19804
293.87991 275.12897
218.28848 470.39744
181.90228 362.77064
220.28983 336.70028
286.84500 294.58926
246.45365 294.69267
237.12454 295.49846
220.58148 403.32011
290.29128 368.56087
198.80280 485.58676
229.22366 472.37742
243.13990 463.38998
227.34780 294.72212
217.90671 292.85041
211.62539 291.69006
285.08089 273.40732
218.80398 284.47152
228.85086 282.56132
238.67785 282.39669
248.09416 283.81714
253.97917 285.90444
299.07313 271.31812
252.36704 293.12953
215.05896 377.81546
203.74842 355.93236
193.51838 374.42834
247.27339 449.00062
232.85401 459.71415
200.04477 477.60206
273.72378 434.89952
211.60880 287.88500
195.41563 311.58360
215.06777 480.06485
294.39581 376.63769
200.29980 401.02154
202.71124 404.59624
204.57743 409.05645
205.94569 414.48046
208.51088 429.98830
216.12578 398.46986
218.44115 397.45727
220.54474 396.34317
236.39698 391.91134
278.08146 372.83015
195.41397 300.66749
201.58200 279.35509
207.50958 282.17292
213.84589 399.45464
276.67429 402.14492
192.85954 277.74783
213.80972 444.27847
187.91626 305.21315
203.08237 329.73667
196.82824 450.36159
238.24984 421.56001
225.86390 360.32717
226.70058 434.76395
253.99760 360.04741
237.91109 371.84042
263.52835 379.39375
199.68302 465.94810
209.63383 336.49480
245.79241 433.43690
231.46550 446.45795
248.74991 406.67729
286.60960 389.15714
261.62852 412.10658
288.40426 400.65249
247.68206 385.79275
202.28609 319.78634
201.86444 351.95475
208.50075 354.79438
197.17390 343.55137
211.36395 267.62131
230.64587 260.09395
247.34492 259.14103
260.49956 262.13145
268.93477 268.29240
271.52480 290.46900
300.26629 325.07599
264.69588 306.45066
254.13138 309.45231
239.45010 309.78467
224.91381 307.29082
213.41954 303.26944
205.70004 299.06186
299.76813 327.71355
208.34328 357.70603
195.50896 321.49608
194.22945 352.29992
188.32968 358.37043
194.23054 354.65952
205.61324 361.04249
186.48947 359.23592
185.11681 362.00126
204.71230 290.28145
199.72800 292.10929
197.15313 293.56910
257.39386 287.52863
266.18418 279.92354
120.67782 286.84521
132.60971 286.65123
119.90477 276.45300
108.54926 287.00161
121.36784 297.07164
235.54966 287.84976
248.07837 288.18308
235.06552 277.59378
222.92494 287.43619
236.00342 297.90723
