195.10297 425.06274
197.23936 393.95448
196.99028 404.67806
188.95864 348.29772
197.90151 380.20472
198.90007 362.00667
201.69700 318.00475
113.55375 314.50228
203.92694 283.33466
205.17109 265.34273
209.82545 205.48606
194.66741 428.59122
194.31390 431.72380
194.14510 433.58264
191.97090 458.41034
191.28082 462.51863
190.59160 467.83397
189.94581 474.17021
193.30785 488.83361
197.01940 400.64496
183.90716 398.49542
68.19984 257.77941
149.23059 325.54894
136.49063 326.51937
124.29935 324.97544
108.25863 317.20009
160.24061 322.14323
130.28095 287.78754
144.42979 289.35045
116.96867 289.73025
108.16902 294.65949
98.17587 322.69168
144.70583 504.28333
109.06217 310.97238
61.12917 313.48164
84.21201 312.05295
131.87585 373.14384
174.61645 421.55441
174.91485 429.37393
154.85439 421.67659
141.35236 423.26519
158.57481 427.68394
145.97086 427.35255
129.90547 450.18521
186.17921 392.99017
185.41429 379.50396
89.34091 278.05189
162.13506 343.71720
154.39903 383.61836
154.25066 376.02215
93.90831 367.61658
187.11013 362.66887
118.03085 263.40961
101.07597 268.42587
81.25692 235.42595
174.68408 274.32315
156.93670 294.99648
119.71130 434.18922
71.51033 434.87422
163.46367 391.93330
174.19599 396.84277
125.00728 429.20939
128.54070 429.87314
93.80462 259.14786
153.00560 387.91095
141.67926 263.54588
139.48869 252.76707
134.84245 207.72605
88.70290 247.66268
140.04688 230.88836
81.64550 271.30393
76.00465 266.01465
174.38299 425.89025
156.67835 424.96167
143.63323 425.41344
166.18862 394.12018
126.75342 429.51703
133.43248 440.95360
130.15873 430.27277
171.18499 390.39472
148.04081 428.61471
160.47865 429.39408
176.01772 431.44165
173.50134 486.44177
170.14524 471.79279
171.31946 465.42887
172.96970 460.13857
174.85878 456.47593
148.14706 446.85552
145.68058 448.27134
142.39252 450.98884
140.04430 454.57114
135.71581 417.23575
60.51004 370.11284
197.01706 403.04678
139.51604 440.33517
136.44033 440.25548
178.37354 402.07926
156.66639 394.69619
176.37792 399.55564
147.62167 349.60417
125.54830 355.79757
151.37601 380.78337
102.33694 218.02657
108.87140 235.14567
113.15332 252.80209
140.91314 464.32017
170.69908 256.20601
171.76572 232.37589
169.44091 204.30011
114.15485 322.01332
85.29863 329.52533
167.32948 318.77220
95.83543 298.17702
171.94534 336.37346
163.50126 380.97392
69.50807 336.73343
93.78185 338.11707
109.54631 343.19211
133.32662 343.15355
151.38757 339.57647
164.95140 334.54894
189.57616 320.54935
68.61223 362.32119
86.09594 294.04073
190.15724 399.73086
161.04530 356.33959
57.99537 311.61444
175.06717 328.36494
150.08020 380.54300
103.22385 309.66143
163.66142 371.67646
64.05845 401.72591
166.93540 314.75565
175.54262 366.05200
94.56852 465.88540
96.99970 482.10483
59.85521 367.44786
79.66270 447.73794
68.27955 287.99070
142.58621 518.50925
191.44521 402.23201
148.29710 364.21775
73.93545 313.23831
125.59213 319.42617
136.41435 320.70629
130.96988 442.22452
68.63134 388.78146
164.65929 539.80552
129.50155 516.51381
114.71927 501.69212
207.53538 235.11554
190.89847 544.15977
147.03241 319.79619
157.15986 317.46247
163.71103 315.90928
77.19678 290.09840
155.01867 308.51707
143.75293 306.47573
133.39408 306.16282
123.21931 307.09829
116.45849 308.59065
60.95602 281.73261
118.47940 317.00388
196.63951 413.33990
150.00959 412.27807
163.87176 390.58166
176.45609 412.10175
202.75575 300.81696
110.97849 485.41592
126.62685 501.71459
164.08880 530.28655
83.11424 461.69472
163.21247 312.08224
179.80096 341.12728
191.06636 534.51483
145.20118 529.94196
62.73998 396.37188
160.36804 452.46582
157.61596 455.23540
155.17219 459.65519
153.41678 465.42861
154.72971 477.24627
135.48727 428.02596
133.16732 426.88565
131.21084 425.57450
124.56874 424.17330
82.16919 395.74083
181.10960 327.68954
175.71004 302.48757
168.34886 305.68536
137.84566 428.80004
81.30167 427.81481
187.51188 300.84149
149.80354 489.69936
199.86635 346.99990
189.11394 335.15758
200.75510 333.13678
168.62238 360.42348
191.74379 520.47269
192.57509 503.51516
170.16178 500.57802
121.81009 456.62373
139.02504 389.87323
134.66123 474.80306
109.58053 386.42058
125.83910 401.52166
97.69487 405.78618
165.94148 516.73313
159.72099 366.19935
113.29156 468.72657
129.32680 487.11363
110.89603 437.58052
71.22108 411.64380
96.79130 441.72434
68.54700 423.31372
114.08790 414.85653
170.89906 348.74170
167.25063 387.78478
158.15389 388.69334
173.97398 380.00755
164.56064 288.44382
143.27869 279.56923
125.28108 278.29561
110.59791 281.31528
100.43407 287.63060
94.96214 310.52866
59.04331 340.21189
104.89767 328.32773
117.73273 332.44535
134.45512 333.80974
150.48383 331.80368
163.16761 327.83637
171.76246 323.79201
58.90941 340.55700
157.84793 391.03729
178.66726 353.29339
176.87179 390.23378
183.39447 396.90019
176.60457 392.05979
160.86666 394.40689
185.94942 398.54897
187.05469 400.85391
171.68825 314.58474
178.21928 316.69463
182.44581 318.61603
112.31550 309.82268
102.72506 300.73411
210.75449 349.22592
292.18423 325.19740
210.70596 399.48837
342.48508 271.86887
256.06897 332.01521
269.08651 334.16250
281.31675 333.68041
297.04906 328.47470
245.00499 327.19123
278.85198 296.01003
264.16315 296.06977
292.26577 299.48585
300.36831 305.64339
306.90334 334.49898
241.22518 508.20963
296.72554 322.47777
342.74475 326.59565
321.03513 325.50427
266.16060 378.81890
216.60551 424.42416
214.88346 431.91782
236.66025 427.26346
249.91897 430.41503
231.83347 432.54610
244.70739 433.81734
261.93985 454.28802
208.47065 393.82560
210.48795 380.49337
321.04824 290.74290
239.25342 347.32717
241.80940 386.88838
242.77671 379.36421
304.44372 376.68146
210.69183 363.60820
294.77947 271.87865
310.98499 279.20147
332.58852 248.55231
235.43138 277.25386
250.43127 300.55696
273.60647 439.08737
320.99525 446.99372
232.10292 394.43258
220.86723 398.51885
265.65036 437.97719
261.96027 438.22831
318.84885 271.50187
242.88400 391.16236
270.80186 269.62456
273.88330 259.60671
283.99187 215.67393
322.98338 259.97177
275.01718 238.40751
328.56861 285.70829
333.44814 279.09525
215.98713 428.56875
234.23999 430.20447
247.40236 432.22346
229.13782 396.37059
263.83001 438.07150
254.82196 447.60430
260.32766 438.41383
224.29559 392.40541
242.26156 434.77785
229.53395 433.90540
213.57763 433.77009
213.59560 487.73785
211.33115 473.18839
211.31971 466.89477
211.10399 461.70083
210.43771 458.04065
239.48980 451.61500
241.52038 452.92834
243.91100 455.51774
245.44679 458.88889
258.23431 421.23441
337.72319 383.83736
249.24909 446.66800
252.14948 446.76024
216.30264 403.40000
238.74542 397.72114
218.46071 401.08514
252.99429 354.32716
274.39565 362.34134
245.34414 384.33670
314.37925 229.18209
304.64336 245.85431
300.34977 262.43860
249.35495 467.73735
241.04122 260.37873
243.58198 236.24934
250.28701 208.57088
291.15507 332.12780
318.94476 341.98280
237.84134 322.84161
311.77681 310.52222
230.22375 339.18965
232.73389 383.71756
331.82422 349.05926
310.97766 349.24530
295.66845 351.94426
271.73273 349.39567
253.57044 344.09481
239.79484 337.66015
213.71307 321.77417
330.11282 374.24102
321.73946 307.44996
203.97638 400.27024
238.57553 359.68962
346.18850 325.68548
229.87653 330.30901
246.86763 384.23666
302.80727 321.81080
233.61658 374.50288
331.38208 414.90133
237.66487 318.93764
222.11910 367.97553
295.83238 474.74982
291.73700 491.75306
338.25723 380.26974
311.90675 457.85377
338.50351 301.05572
241.85094 522.84458
202.67467 402.67496
250.53581 368.51549
330.21043 328.26310
280.35448 328.51435
269.58931 328.83673
256.94536 448.97455
327.88122 400.26715
217.28151 542.23180
255.86452 522.61593
272.51922 509.50192
258.57923 326.89814
248.08952 323.31797
241.25534 320.80163
330.10807 305.28509
250.63400 314.04858
262.35447 313.37427
273.18510 314.32635
283.38590 316.51361
289.86778 318.96442
346.65388 295.97733
287.33245 326.94912
244.25283 415.49112
231.79250 393.09304
217.42176 413.55284
277.41575 492.76764
260.14684 507.70398
218.44005 532.59716
307.01406 472.62912
241.87063 316.59556
221.25753 343.03549
238.22054 534.34038
332.92451 408.60539
226.20126 455.61778
228.05578 458.21928
229.36607 462.39304
230.00442 467.85934
233.83001 479.64333
255.26056 435.65178
257.71246 434.83147
259.87699 433.80125
269.19031 428.73207
313.78730 405.54716
221.67507 329.75707
230.70726 305.58668
237.45247 309.84547
252.74263 436.17243
312.09604 437.52136
219.60157 302.25267
237.70109 492.96005
212.30184 336.20532
230.10891 363.10255
215.61102 502.21695
269.15838 462.14366
257.10432 394.41410
254.57889 479.29134
287.23524 393.76529
269.55446 407.05040
297.45887 413.92299
217.99053 518.81116
238.56598 369.36920
276.57026 475.49874
258.87741 492.48369
281.81440 444.01905
323.44572 422.58657
295.59045 449.89051
324.88298 434.67569
280.53243 420.98651
229.48755 351.41145
228.42153 390.10935
237.59225 391.62308
222.13312 381.90836
243.60098 292.60219
266.55559 285.82307
285.25346 286.59786
299.73493 291.41882
308.95595 299.23364
310.77047 323.25669
341.73498 353.33433
300.29186 339.01642
287.71738 341.19358
270.90314 340.85820
254.54067 337.34826
241.67036 331.96030
233.10749 326.78774
342.33986 354.36964
237.67585 393.91334
220.65614 355.11438
218.31909 391.77629
211.27399 397.99968
218.59695 393.72332
234.51139 397.03202
208.41423 399.42097
207.24229 401.61229
233.32967 318.05882
226.90084 319.10102
222.90445 320.00211
293.77559 320.77987
304.63134 312.53381
134.32758 313.10204
148.14323 313.08665
134.53214 301.69623
120.56749 313.02099
134.12130 324.22479
265.48151 320.83265
281.11248 322.05890
266.96684 308.34822
250.07667 319.67613
264.22340 333.08516
