177.30901 399.77937
178.57965 361.77006
178.69203 371.01415
168.81441 321.99796
178.31976 350.11494
178.15977 334.18712
178.09202 293.59344
96.52963 282.91987
177.94897 262.71737
177.78864 246.75524
177.55151 181.67673
177.27102 404.43984
177.41190 408.72921
177.73599 411.49764
177.75499 411.55564
177.62865 416.61053
177.56628 422.65998
177.67202 429.23749
181.12299 444.02912
178.70519 367.29108
168.28226 366.10243
59.00549 229.53488
128.71214 292.36867
118.49325 293.79595
107.97767 293.73390
92.53387 286.22878
136.99857 289.78197
110.48542 260.80897
123.37141 262.26315
98.81868 262.64598
91.29779 266.84873
84.96572 293.03654
142.29009 455.66461
91.77610 279.03342
54.26071 281.59183
72.16241 283.11866
123.68646 344.51674
164.57082 396.30953
166.17174 407.50207
152.94809 399.54782
145.00875 402.97581
156.67017 407.09452
148.99839 407.28655
130.78809 416.77049
169.58620 361.24542
167.90025 349.96830
77.46034 257.69238
146.12810 316.13036
145.13818 354.85466
144.35358 348.09189
89.70312 340.73000
168.08267 335.06936
103.18906 248.33702
87.78154 251.05719
69.00499 210.43914
152.27071 259.28378
134.18024 267.19548
122.47099 404.48342
73.88378 388.96045
153.52041 361.85574
161.95676 365.58538
134.50525 408.31034
137.01116 408.36441
82.19167 243.59524
145.03725 358.88847
124.00936 250.03469
122.19427 241.37607
111.89224 185.89670
76.42620 225.80659
119.26824 212.67408
71.06407 251.40542
65.37458 240.33651
165.04358 402.65967
154.71780 403.64252
146.87837 405.19906
156.03239 363.68471
135.77291 408.34059
140.82319 411.10503
138.36534 408.43400
157.96449 359.85194
150.78619 408.82416
158.38724 409.35678
167.39637 410.38282
166.30220 442.40138
164.90591 427.64039
165.18228 421.01132
166.02823 415.22194
167.32244 410.45499
150.71752 408.93089
148.68597 411.07387
146.60223 414.02041
144.96503 417.72972
134.38085 386.38263
58.01214 329.59108
178.72327 369.20682
144.96183 408.71086
142.87832 409.78197
165.26468 369.84360
148.87720 364.88250
163.68448 367.80761
134.51292 321.87649
115.81344 328.76917
142.79764 352.37495
85.44935 195.48790
93.42004 216.09557
99.42196 239.68068
140.06673 426.65272
148.91977 244.93352
146.37117 212.61476
141.57129 181.70785
98.34753 291.17597
74.37822 300.29557
142.26171 287.26782
81.69397 271.02918
153.67181 309.43255
150.97490 352.07877
62.24823 307.03394
82.49036 309.93530
97.17954 315.68864
118.02255 314.21205
132.75362 309.52273
143.23846 304.87725
167.70547 295.93224
65.02908 332.28458
73.65312 268.70129
173.13696 366.76850
147.34918 328.55822
52.36597 277.20577
151.36583 299.82667
141.83084 352.02547
87.36715 278.88027
150.46507 343.70107
64.21426 358.42138
141.29835 283.03829
158.91664 338.20387
97.66351 423.03450
100.08651 433.41401
56.93634 331.33714
83.27148 405.60808
59.18155 259.09652
141.64808 465.77246
174.23902 368.64272
137.44867 335.98603
63.50387 283.49363
108.40786 287.25730
117.81484 287.47571
139.01033 412.93515
69.11817 355.81157
161.54913 481.52067
130.68807 462.44392
117.02783 450.40437
177.78566 213.71891
183.29622 484.77730
126.34298 286.14812
134.08765 284.31419
139.08872 283.61662
66.07084 264.62078
131.98045 274.74621
122.65272 271.23179
112.98870 270.70831
103.38562 272.42440
97.55422 275.12945
53.54854 250.61904
101.55576 285.43258
179.43166 378.86541
144.72482 380.92605
153.32185 360.53255
164.54931 379.02061
178.12360 277.24723
112.89028 439.47859
126.84160 452.41705
160.26338 475.68610
86.29203 414.41238
138.35264 279.91568
160.87152 314.92189
182.78261 478.94620
144.87074 473.50076
62.72607 357.42192
158.26868 409.42354
156.22568 413.01362
154.76747 417.61545
153.82242 423.49638
151.55065 435.83424
142.79901 407.68856
140.69501 406.76249
139.02532 405.67394
126.54760 394.42482
83.16911 364.74924
160.80904 301.93541
150.80988 276.35119
143.15527 276.49358
145.01802 408.58547
85.24948 391.47827
162.19743 277.80067
146.18864 445.18783
178.09602 320.66300
168.19528 309.84988
178.11021 307.83880
153.41375 332.82164
182.13773 468.95532
181.50476 455.95171
163.23324 453.56804
121.80517 420.60854
132.64707 360.30081
132.87046 434.17902
106.35793 357.53451
122.73672 371.41436
98.56308 375.16628
160.67274 465.92560
147.53343 338.30462
114.16658 428.42999
128.04872 442.51790
112.45334 405.29375
74.30841 375.65590
99.63647 406.05747
70.72218 381.99426
115.11661 385.39785
154.22113 321.54883
154.51982 357.80404
148.62371 359.12452
158.74086 350.69295
141.86758 265.95147
123.75518 258.45423
107.68104 256.75166
94.58591 258.55517
85.62009 263.18111
81.03736 281.09381
53.84300 306.15531
91.24624 298.72274
103.22654 302.96151
117.84551 302.87519
130.84406 300.05810
140.49268 296.67980
147.35056 293.73679
54.75366 302.96428
149.08434 361.39708
160.53861 326.36381
161.87276 359.34732
167.48872 364.62796
161.95081 360.89324
152.06541 364.32406
169.63060 365.93158
170.76688 367.85003
145.52991 284.09098
152.74198 288.11568
157.50650 291.62484
94.26033 277.28794
86.94606 271.89600
187.92501 322.23254
260.34929 284.91795
189.77266 366.50367
302.89487 234.30219
228.18407 295.59434
239.43029 296.49556
250.34155 296.14138
265.00543 289.06125
218.59403 293.22793
245.15485 262.72876
231.77488 264.05456
257.36948 264.85500
265.13612 269.50229
274.53550 296.77675
222.82091 456.77877
264.64975 281.46846
309.41663 286.55222
287.79955 288.20239
237.45733 346.60384
190.76463 397.25871
189.59161 408.43876
203.81548 401.75433
212.77780 405.99059
200.23988 408.98760
208.87079 409.94077
232.15116 418.86397
187.76033 361.55860
189.16578 350.28862
279.75687 261.39045
213.74174 317.08869
214.06870 355.90787
215.02725 349.13357
272.29990 344.15554
188.51896 335.29646
252.56662 249.62164
268.59270 253.51969
290.73038 214.65081
202.18607 260.33502
220.39842 269.26745
240.27097 406.80130
293.88071 391.63483
205.54800 362.56784
196.89375 366.17356
224.52825 412.24494
221.97576 412.05684
274.38570 245.95100
214.49773 359.96839
230.89826 250.92723
232.63261 241.49114
244.33706 188.61662
282.84013 229.48371
237.10394 214.60118
286.31250 255.69936
295.96582 244.84629
190.31934 403.59263
202.00628 405.72312
210.86652 408.04377
203.02675 364.36436
223.20474 412.15984
217.64841 414.26400
220.56070 411.97696
200.49989 360.36074
207.34563 411.19521
198.79861 411.00010
188.95235 411.21723
196.60913 443.15950
191.17422 428.63586
190.63520 421.92246
189.95233 416.04733
189.01575 411.21008
207.33568 411.24137
209.33633 413.47698
211.25528 416.53650
212.85402 420.31944
227.57055 388.20432
309.07171 334.03012
213.72652 411.58106
215.64787 412.79115
193.40776 370.44201
211.21202 366.04630
195.06132 368.41876
225.89422 323.31394
245.29482 331.16243
216.98362 353.53810
272.17996 199.10199
264.00133 219.01868
256.18044 240.41370
223.09591 428.31534
205.42703 244.74513
209.42995 213.69822
213.94716 183.23169
259.66367 293.80181
287.26053 304.93506
212.32496 290.78877
275.85924 274.77656
205.56676 310.09649
207.68610 352.89283
300.63284 311.78049
279.07972 313.87055
264.14163 318.97436
242.16119 317.44267
226.01312 312.66066
214.09387 307.59154
189.28411 296.16025
298.61147 336.68654
284.61076 273.23238
184.47359 367.02824
212.37909 329.45558
312.38958 282.20681
205.05659 301.81632
218.28390 353.28068
269.47343 282.05135
208.19959 344.57049
303.58987 362.00200
212.52351 286.57250
198.72823 338.79276
268.02381 424.68258
267.02234 435.13521
308.71511 335.84595
282.52428 407.74913
303.52556 263.86916
224.45364 466.67902
183.24506 368.85392
222.82777 337.40661
298.30522 289.71412
249.26408 289.04194
239.67382 289.74032
219.52295 416.19590
295.30183 359.46943
205.16565 482.06301
236.64251 463.38988
250.33548 451.66524
230.28165 288.96972
221.22800 287.66555
215.30981 287.27851
292.75415 270.03951
223.16515 277.69646
233.07607 273.87675
243.18166 273.12755
252.92699 274.81187
258.86430 277.56407
309.77094 255.62778
255.76753 287.15172
216.48923 382.24783
205.53621 361.20705
195.34513 379.72653
253.07371 440.81517
239.18733 453.54467
205.78775 476.26635
281.01812 416.40975
215.93191 283.08123
197.21326 315.34765
222.08940 474.15621
303.61768 361.17010
198.92187 410.98864
200.75533 414.66048
202.10676 419.35829
203.15916 425.29458
211.47867 436.99045
215.80968 410.84431
217.80084 410.09669
219.56678 409.19939
235.95689 396.58112
280.05247 367.83059
197.25664 302.41267
203.51312 278.10902
210.87293 279.06786
213.73933 411.50877
279.03520 393.81900
192.86451 278.68522
217.83083 446.44015
188.71511 310.03656
205.47372 333.63416
200.42551 454.37316
241.94410 422.49615
228.38171 362.00592
231.10929 435.77186
255.55925 360.13248
239.40511 373.51904
264.22140 377.74751
204.20194 466.69640
212.05625 339.21749
250.50108 429.97340
236.74139 443.87218
250.84497 407.52762
290.62154 378.55417
264.27129 408.04357
295.73969 384.89690
247.76708 387.64525
204.69061 322.20576
203.95017 358.43438
210.46781 360.02356
199.00484 351.26728
212.29646 267.47695
231.08457 259.77176
247.94916 258.29575
261.72006 260.84875
271.13100 266.14291
277.24077 285.31468
310.92073 311.06524
268.14752 302.16239
256.33379 306.06448
241.08144 306.06230
226.75230 303.36230
215.72076 299.93514
208.02484 296.52498
311.37449 307.65991
210.20197 362.31330
197.13396 326.84184
195.99710 359.83211
190.61769 365.09235
196.28561 361.45051
207.49498 365.23088
188.15652 366.26761
187.00056 368.12818
208.38327 287.26937
202.00468 290.32625
198.08759 292.96902
262.13983 279.69183
269.77613 274.94036
113.91035 278.31041
125.91880 278.11897
113.58785 267.57135
101.71152 278.40015
114.11050 289.04098
241.34431 280.38792
253.89265 280.62655
241.04150 269.35120
228.70477 280.03761
241.63282 291.43321
