160.02267 352.51064
156.60799 333.73161
156.70108 336.99919
150.99420 294.31904
157.32788 323.78057
158.55709 307.96477
161.97898 266.38933
93.73695 251.26096
164.30603 238.97643
165.36163 225.12284
170.15499 163.22957
160.03372 354.91510
160.27839 357.00169
160.67728 358.58623
160.53588 359.35619
160.66681 364.17265
160.58796 369.46977
160.72975 374.51591
154.65568 392.59810
156.49858 337.12137
145.53869 333.58954
61.61693 192.60668
122.35931 263.68045
111.41893 263.27818
101.26299 261.38033
89.83440 253.69484
131.54474 262.50712
107.00689 234.81723
119.63625 237.08947
96.15755 235.74426
89.59819 238.79818
80.42816 258.04639
117.37449 401.20226
90.71130 247.78720
52.31500 238.90507
70.60363 249.81186
106.80479 304.15479
146.54073 348.32536
148.09587 354.16335
136.03185 345.24453
128.71587 342.30584
138.44055 350.17473
131.21229 346.47689
109.69585 361.90659
148.03630 332.62910
147.47491 322.69074
75.85052 230.80032
130.24829 280.53234
123.40387 318.76881
123.61896 311.68122
77.15898 296.52311
149.16715 307.87812
98.89589 225.56982
85.14055 226.20866
71.17303 178.94628
142.61707 239.68463
130.40857 242.30963
101.78804 351.09366
54.88271 330.09042
130.35003 325.65653
138.52558 329.99251
116.60677 337.66796
118.85118 339.39766
80.60817 218.82578
122.38117 320.52800
117.83014 229.49429
116.38160 221.03010
110.04392 163.84067
76.48658 195.43430
114.35136 189.55524
70.77518 224.25146
66.25528 205.68068
147.12724 351.50198
137.10376 347.73455
129.72599 344.31331
132.30554 327.03978
117.81927 338.57433
122.96871 345.16825
119.76671 340.19396
136.23344 327.54665
132.47188 348.05023
139.93354 352.22836
149.39289 356.26706
140.86572 390.12720
147.50146 371.59228
147.70071 366.60363
148.35949 361.63390
149.35821 357.22403
132.41626 348.68707
130.66835 350.30882
128.89989 352.38202
127.45119 354.65877
112.35139 341.01735
48.68064 276.59116
156.61422 337.36714
126.60129 344.76026
124.80308 344.93767
142.39328 334.07092
125.00747 325.17541
140.47817 332.18286
119.73575 283.91559
102.50902 288.59396
121.47462 314.04068
86.10254 168.98182
91.65704 189.42952
96.19686 216.87560
117.58352 372.83056
139.72475 226.55083
138.79966 191.42785
137.16293 162.13591
93.58177 258.27279
68.96375 262.94743
137.47421 261.15921
80.39096 241.58055
137.68964 276.29595
130.26477 319.64995
57.10476 264.09359
73.99789 270.91160
85.71447 276.48508
105.48586 277.90811
120.62919 276.10759
131.47058 273.35365
152.09678 267.69591
55.56787 285.79077
72.75953 238.83372
151.00685 336.41925
129.26748 292.62906
51.62098 230.59268
139.60979 269.97342
120.65769 312.12964
86.64053 247.82705
130.65239 310.74800
49.57815 302.31752
138.15405 257.85559
139.91672 308.67789
75.21932 366.10899
76.36837 373.80607
47.46168 282.46179
62.53755 349.17406
59.15428 220.21630
115.22461 411.13347
151.97359 336.62338
119.63453 297.52816
63.13339 249.47834
102.90784 256.54174
111.92808 258.33472
121.32843 345.48638
55.04831 306.25032
132.48144 427.56494
104.20692 405.18283
91.70574 391.69958
167.46248 193.25501
152.92104 432.03062
121.28111 258.54032
130.18335 258.05302
135.72607 258.13149
66.63425 234.50093
128.75267 247.50872
119.39272 242.61946
109.54462 240.88062
100.45263 241.73903
95.28596 244.08710
55.40886 208.83335
97.28708 253.97435
156.62973 342.39738
121.74940 338.60375
130.58355 325.50345
141.68003 340.91126
163.30227 251.00018
89.28617 382.44641
101.93847 396.48455
132.03306 422.03369
64.50279 354.31875
135.18545 253.91532
143.87014 284.72495
152.96270 426.78358
117.15568 417.98424
48.30728 305.31002
139.94459 353.16151
138.33532 356.25367
137.04248 360.03327
136.24992 364.57227
127.64310 382.86483
125.04947 342.85816
123.57931 341.11069
122.40469 339.42978
105.26945 344.97056
67.04996 316.14774
145.06485 271.56086
144.15687 251.82854
138.90833 251.51401
126.42299 344.43742
65.80610 338.12977
150.83873 253.38540
122.14628 391.04175
159.73348 293.92868
151.37804 281.70315
160.80505 280.74837
134.87474 299.68067
153.42579 416.76489
154.06248 403.73386
137.51220 400.36605
100.57737 365.59761
112.19249 318.33571
110.39474 379.10706
89.48083 313.80630
102.96735 326.91573
80.26743 327.18958
133.81937 412.34400
128.14905 302.14371
92.22702 372.63802
104.74039 387.29376
92.19480 351.88764
57.06573 323.35314
78.90890 352.01007
52.79920 327.28227
95.07574 336.53094
136.70093 288.57047
133.15487 325.60143
126.17323 323.42968
138.44999 321.38712
136.22234 243.00229
118.96059 235.18744
103.64473 232.23210
91.53059 232.65902
83.72348 235.84887
79.76892 249.01608
48.85105 260.53357
85.20744 263.17595
94.81104 267.60211
108.61913 269.68683
122.06039 269.24311
132.27436 267.50665
139.15598 265.65354
50.24557 252.88091
126.02216 324.07354
142.72155 296.47109
140.59604 329.52979
145.31879 333.43479
140.25329 329.78696
128.19173 326.14963
147.55107 335.23002
148.25008 335.46247
141.10965 258.87500
144.68828 261.51790
146.07845 263.88393
92.62167 246.03966
86.00761 242.57221
168.41875 295.07652
239.92933 256.74934
168.14174 334.27769
279.21575 202.98377
207.61293 266.49979
218.60601 267.24259
229.17486 266.42306
243.36427 259.40942
198.55264 264.27950
226.33009 238.68421
213.07794 239.83655
237.72955 240.47642
244.61397 244.09174
250.73427 264.87656
191.52700 405.15476
244.00503 253.20638
279.52131 249.14560
262.38447 257.68635
211.66551 308.66276
173.54404 349.09011
172.71309 354.95205
184.93326 346.87504
192.94160 344.52928
182.82726 351.75071
190.66818 348.57410
204.90343 366.19641
165.46903 333.29806
167.33156 323.53615
257.92219 237.74436
191.53661 283.17150
191.97607 321.52829
192.79363 314.45254
242.32366 303.74280
167.93838 308.64983
233.80273 230.47420
248.50290 232.45258
270.89475 188.35304
186.14359 240.34445
201.68592 244.27842
214.04543 355.81001
262.24943 338.90720
184.29319 327.73784
175.60999 331.26587
206.83347 340.84258
204.20774 342.46040
253.81124 225.99912
192.51829 323.25587
213.40330 232.38557
215.47651 224.64996
231.23365 169.36139
262.30150 204.56561
222.34434 194.66324
263.47417 232.35712
271.50106 215.95790
173.12181 352.35350
183.87748 349.40927
192.02642 346.44316
182.00569 328.82349
205.43752 341.70189
199.72841 347.75984
203.11128 343.16181
178.34335 329.22428
189.84037 349.99552
181.74722 353.60221
172.12274 356.92714
169.25588 391.57740
173.66529 372.55646
173.30875 367.49610
172.65741 362.27145
171.66910 357.74539
189.46306 350.29003
191.35511 352.07309
193.18204 354.45863
194.59138 356.97478
203.11803 344.62617
276.70755 286.50828
195.64767 346.87130
197.75739 347.31348
171.47569 335.29388
189.50740 327.55039
173.44619 333.46858
201.33974 287.54964
218.08530 293.77258
194.60168 316.92157
255.98859 176.91099
246.82771 196.96979
237.41060 222.67445
195.62948 376.39837
190.03389 227.87801
196.81039 194.07783
203.62615 165.06742
238.18628 263.94296
261.48725 270.89550
192.89102 262.20901
253.52583 247.92142
184.94356 278.29235
185.18217 321.90822
268.63248 273.63168
254.40645 278.26261
241.09949 282.73962
220.92241 282.31965
205.90490 279.01043
195.19243 275.23244
171.79264 268.45898
265.98158 295.03809
261.01221 246.35567
162.24392 336.77749
190.54887 295.14057
282.78185 241.00492
187.26024 271.01137
195.77539 315.04155
247.73603 253.62660
186.11658 313.01528
271.30205 311.87466
193.06909 258.79080
177.16673 310.23636
237.41220 373.49167
235.99622 381.40144
275.61315 292.20413
251.59017 357.27817
276.05650 230.55287
192.49700 415.46127
161.28959 336.91891
199.26504 300.83282
270.60636 258.30639
228.72831 261.47554
219.01296 262.33125
201.41653 348.24238
263.35516 315.15272
173.70271 430.10697
204.66436 410.70487
218.85526 398.28500
209.64094 261.52704
200.82533 260.06796
195.37519 259.48294
267.51005 242.97622
203.57225 249.76757
213.37057 245.80799
223.58144 244.94288
233.28706 246.53965
238.90371 249.28059
282.88267 219.39561
235.38385 259.31724
192.91620 341.39329
184.06271 327.66755
172.46624 342.30623
221.61455 388.98677
207.48830 402.14603
174.30261 424.39103
249.88592 362.45395
196.46661 255.30133
177.30909 286.15796
190.21705 422.18400
270.75204 314.59583
181.32946 354.31102
183.09242 357.57557
184.27700 361.64504
185.04982 366.38122
183.95267 385.48340
197.38363 345.40012
198.76035 343.77747
200.00810 342.33841
210.75914 349.23212
250.02153 323.87411
178.31937 272.98035
185.94617 252.49956
192.23848 252.67697
195.96742 346.81144
249.51673 345.79228
177.09005 253.64038
188.13108 394.37087
170.09079 282.48895
183.90867 301.79867
171.26260 402.15594
212.81393 370.69853
204.25066 321.99454
201.38609 383.49170
228.08103 319.77149
213.70050 331.59810
236.16296 333.82933
173.47841 414.50687
190.03944 304.61409
220.03595 378.61924
205.90868 392.36256
222.78516 357.59759
259.69087 331.85514
235.36382 358.80510
263.54971 336.04099
221.42870 341.81538
183.88521 290.55052
181.60303 327.57221
188.68881 325.95458
176.66067 322.95293
194.56976 244.25209
212.99944 237.78402
229.24936 236.32307
242.02955 237.91421
250.22546 241.71830
253.75883 255.80981
278.66701 270.64483
244.97079 269.57025
233.95872 273.23881
219.77514 273.94234
206.32078 272.07849
196.23991 269.27826
189.42718 266.67096
279.91979 263.02114
188.56475 326.43403
176.44889 297.96745
173.55531 330.80174
168.49949 334.27286
174.06377 331.15766
186.13432 328.24169
165.93366 335.87053
165.12256 335.97488
189.49493 259.47509
184.24106 261.99780
181.28076 264.34542
241.83157 251.40825
248.40837 248.24444
113.36717 249.74819
125.48469 250.78801
114.17850 239.14808
101.08051 248.63911
112.45107 260.29249
220.59408 253.91448
233.13051 253.67566
220.32755 243.74071
207.91952 254.09588
220.80442 264.09810
