194.04333 401.90871
189.97593 361.77599
188.50153 369.05491
180.44523 321.23297
190.40691 350.50499
190.40915 334.15231
189.70007 292.79335
108.64500 275.82810
189.63764 267.96726
190.06433 253.39327
191.87714 183.34127
193.94022 404.30596
193.40040 406.17052
192.79547 407.38041
192.68177 407.65078
192.86779 412.14620
192.67078 417.24313
192.11123 422.08984
185.72451 441.18693
189.47411 366.56322
177.55205 364.20730
62.78498 226.82633
144.18005 286.83492
131.36181 287.63373
118.86623 287.14855
103.98605 279.65817
154.93532 284.86215
124.09687 257.96916
138.94478 259.05584
111.35811 259.72223
103.62642 263.42271
92.90812 286.65455
141.30936 456.29084
104.07463 272.45702
56.31357 278.69083
79.57987 277.88682
130.13483 340.88939
179.24606 399.04810
179.73392 404.92535
165.50039 399.96921
155.52950 400.32210
167.98273 403.80874
158.51933 402.85396
132.92536 410.73270
180.41096 360.98330
179.47346 350.03255
85.94679 255.79908
154.37330 312.48261
151.65785 351.16378
151.09497 344.14010
94.91095 336.70264
179.95737 334.77132
114.52045 247.60234
97.44587 249.95858
74.64437 208.66419
169.46388 259.90074
151.89623 263.38370
124.31883 398.20346
63.43494 387.28509
159.84140 358.19254
169.29823 362.47367
141.05913 400.79853
143.68057 401.51732
91.29599 242.26787
150.56814 354.52695
138.50950 249.84290
136.12564 241.04698
123.43426 186.73002
83.87112 225.16570
131.14614 214.52600
79.54067 249.29161
71.09030 238.88185
179.41704 402.52443
166.71827 401.98550
156.93958 401.57442
162.27757 359.99685
142.44936 401.19339
148.46449 404.43985
145.00757 401.79818
166.63433 357.48257
159.77755 403.88283
169.12760 405.10650
180.19335 406.42389
169.62181 439.51561
177.16393 421.11897
178.01205 416.06079
179.04396 411.05482
180.02506 406.65802
159.66665 403.84421
157.63229 405.62464
155.47468 408.05021
153.60020 410.68545
138.69627 381.95333
52.65272 326.82099
189.02504 367.95696
152.51020 402.83297
150.48471 403.58594
173.22807 367.10492
154.01407 360.50250
171.34020 364.89956
142.46475 317.79133
123.28262 324.80316
148.60353 347.96296
94.04503 194.92844
103.14445 216.31557
110.52057 238.52342
142.17573 422.12660
165.74530 245.62583
159.36007 214.87889
155.01320 183.15407
109.11718 284.41604
79.05315 293.82255
161.53084 282.89825
92.21975 267.17959
162.66506 306.51208
159.63415 349.76219
66.38105 303.92525
86.39614 303.20974
100.81558 309.32821
123.96841 308.96057
141.52039 304.91582
153.90198 300.78758
178.62665 294.86913
67.48192 328.82087
82.26254 265.08701
183.56323 365.96758
154.82620 324.89650
52.22420 273.58573
163.59404 296.35724
147.21262 347.20812
99.82206 273.12540
159.10006 341.14908
55.95228 356.24481
161.28834 278.85524
169.51355 337.11553
90.66788 422.04304
90.10317 433.78075
55.49881 328.90108
75.96989 403.92062
63.54172 256.58572
138.47260 468.60102
184.25949 367.31278
144.21164 331.97122
69.37986 278.34921
121.05566 280.20437
132.16724 281.05571
146.56265 405.38993
68.56894 352.68536
159.06338 485.89412
123.78576 465.60703
108.27827 452.35868
191.10661 215.96747
183.02261 488.84189
142.95599 280.34574
153.19422 279.12007
159.11482 278.95483
74.39861 261.00737
149.63390 269.74704
137.93032 266.12232
126.41933 265.54458
115.70297 267.14714
109.58519 269.55373
56.13121 247.20676
113.73470 278.24409
188.60470 376.58262
150.29142 376.90372
160.19028 357.14905
172.42641 376.13240
189.45745 278.79106
106.73962 439.63219
121.85246 454.17174
159.14085 478.55328
75.70902 413.38268
157.52415 275.30140
171.01152 313.10478
183.68402 481.87023
140.21015 477.57661
58.48457 355.22848
168.97076 405.13077
167.11229 408.38727
165.44775 412.38464
164.13780 416.96227
154.08611 432.30552
150.79943 402.05889
149.02439 401.19719
147.66232 400.35590
129.41071 388.97063
84.29197 361.22644
170.81291 299.99811
169.88342 273.16654
162.71576 272.62168
152.64364 402.92805
81.69537 388.53425
177.77046 275.94166
147.12599 443.54440
190.18513 320.10135
179.47100 308.64946
189.95487 306.88094
162.29771 330.22980
184.46589 469.88462
185.08427 454.58270
165.51401 452.23926
121.80771 416.51829
137.70641 355.88541
133.18079 431.42766
110.83529 353.93484
126.93449 367.28832
100.24406 371.53391
161.35260 466.73774
154.72418 334.53211
111.25574 426.45542
125.97530 442.16798
112.77191 400.64506
70.99400 372.79395
97.15965 402.94923
64.32873 380.04499
117.19883 380.60407
163.02687 318.79065
163.17204 355.49286
155.12226 355.62991
169.10196 349.74577
160.59769 263.56968
139.21692 256.60123
120.60579 255.07682
105.84801 256.56461
96.56336 260.58431
91.01664 275.86518
54.41076 303.55459
99.19476 292.25384
110.89148 296.76382
127.51917 297.26889
143.48671 294.97238
155.39778 292.20897
163.52217 289.89895
51.79836 299.67618
154.90700 357.40764
171.12545 324.95991
171.97569 358.19454
177.31876 363.21260
171.42735 359.15215
157.68076 360.28383
179.82136 364.85933
180.38292 366.18780
165.37897 280.20984
170.15293 284.73701
171.58636 288.63415
106.28603 271.28980
99.08850 267.54297
199.54182 321.54183
269.56776 280.56814
200.22669 364.44490
308.13572 233.12188
235.38723 290.69788
247.35088 291.62711
258.94878 291.30872
273.24028 283.94773
225.66067 288.24373
256.71581 263.94761
242.53132 264.86506
268.72993 265.32970
275.61687 268.50438
282.05715 290.99065
225.14671 456.33261
273.77289 277.34177
311.88538 284.36577
293.26035 282.69818
244.21841 342.33238
207.69613 398.34418
205.55483 404.08863
218.44116 397.88662
225.94677 397.18096
215.22938 401.98647
222.78351 400.08206
237.16015 411.08012
199.28541 361.19477
201.06434 350.31296
291.77673 259.76369
221.34916 313.50138
224.90988 352.14849
225.27843 345.13821
276.76025 339.16291
200.44092 335.03312
267.87380 252.23333
282.99568 254.27795
299.50230 214.60222
214.79650 263.06435
229.95358 268.65605
246.32984 398.56337
293.34229 389.67307
216.42105 358.81451
207.33490 362.95640
237.79976 395.64283
235.18490 396.73318
288.21785 246.63713
225.08732 355.41884
245.71438 254.24106
248.20255 245.48627
257.94514 190.35635
291.94187 230.69715
249.45374 217.66087
296.78261 253.69537
302.20562 245.01789
206.94145 401.73760
216.99829 400.05753
224.59019 398.55500
213.85729 360.54344
236.46458 396.22380
231.14250 400.36498
233.88222 397.25994
211.15328 357.98693
221.13939 401.34750
213.42110 403.52769
204.08810 405.71006
201.11629 439.77053
205.67545 420.01014
205.82325 415.04357
205.19337 410.10101
203.98115 405.81447
220.90633 401.17460
223.04718 402.76313
224.93488 404.89523
226.27808 407.34108
235.36228 382.48144
307.48169 331.31706
227.03957 399.38850
229.22218 399.82637
203.37570 367.56641
221.25372 361.19844
205.23485 365.42324
232.37675 319.04531
250.81123 326.61075
226.91780 348.92752
283.84357 199.98143
275.20374 220.97489
271.71421 243.25471
227.86068 422.44705
219.37151 249.27031
222.50330 216.52263
228.32417 185.15028
268.12889 288.70979
293.03913 298.26081
219.69498 285.96196
285.16445 271.42628
214.01968 307.35762
218.33668 350.55507
302.80861 308.23084
287.12643 307.19070
273.88126 312.74365
252.01801 311.68439
235.55145 307.21870
223.88031 302.78797
200.28271 295.24094
300.72716 332.38205
293.05035 269.61134
195.22694 366.06530
221.09327 325.85778
312.59125 279.46280
215.27046 298.06203
227.40761 348.15028
277.89059 277.58619
218.54788 341.99359
302.35725 359.73865
219.94383 282.05626
209.73284 337.67815
270.52620 422.60379
267.43973 433.95160
309.09416 333.04664
284.64752 405.46177
307.49165 262.54756
226.05000 468.42296
193.69497 367.39589
230.58048 333.11468
299.95537 283.47935
258.05626 284.79996
247.68059 285.51643
232.73209 401.09522
297.79129 355.64614
205.76225 485.82672
237.24392 465.04531
250.97683 451.87028
237.51091 284.59287
228.08235 283.00338
222.34697 282.46992
298.53687 265.99319
230.81120 274.81790
241.53397 272.20821
252.62947 271.80453
262.77798 273.02813
268.55244 274.86869
312.08359 253.36900
264.88129 282.85171
224.93242 377.45655
216.45189 357.85046
204.66522 376.47145
255.14465 439.64597
240.96325 453.99491
207.22103 478.49715
280.96745 414.54352
223.51610 279.08853
207.37644 313.69077
222.83970 477.16656
304.09550 358.58747
213.29086 403.40937
215.28814 406.46677
216.55695 410.26555
217.21321 414.77063
216.14176 432.54022
229.06151 398.28141
230.82664 397.12347
232.13951 396.15048
243.15765 389.46090
284.48959 363.49984
206.98997 300.68111
212.35222 276.33871
219.03259 276.42021
227.01416 399.51454
282.99545 390.16314
203.90934 278.49102
220.98169 443.69613
200.01354 308.97667
215.02007 331.07753
203.74346 452.39003
246.03699 416.85052
236.26774 356.90038
234.36859 431.62947
261.97186 355.67478
246.47987 368.42881
270.17441 373.11459
206.55001 466.84737
221.25395 335.43391
253.72513 426.63380
239.38763 442.15420
255.95432 401.35304
293.40672 375.17775
268.73714 403.73046
296.72092 382.58315
254.58057 381.63887
213.99405 319.62757
214.78912 356.11638
221.48426 356.44256
210.24136 350.23108
222.59251 267.58913
243.44776 261.45090
261.25088 260.12340
274.80412 261.42239
282.75673 264.99696
284.54178 280.24416
311.86661 308.48215
276.49979 296.42425
265.34317 300.57180
249.73778 300.67937
234.87236 298.09022
223.82401 294.92938
216.38964 292.16823
310.31090 304.85634
221.04149 358.13480
207.67038 325.51886
207.04765 358.48466
200.93845 363.46540
206.81889 359.56787
218.10820 360.89582
198.76883 365.01531
197.38844 366.32723
216.10136 283.17551
210.56305 287.04008
208.42827 290.50444
271.71043 276.30820
279.27933 272.11944
129.94778 272.93106
142.35363 273.24204
130.13872 262.84967
117.47755 272.54405
129.64634 282.97801
247.96360 276.92682
260.68359 276.94227
247.69764 266.77919
235.06359 276.79537
248.17726 286.98691
