172.47799 394.37916
171.65190 364.24622
171.95923 372.48821
163.25148 322.22267
171.74328 352.29350
172.13163 335.30778
173.26082 292.42666
94.80986 285.63482
173.69598 260.51576
173.90152 243.76381
175.43955 178.33556
172.57006 398.81247
172.68822 403.29759
172.86125 406.25978
172.84094 406.47511
172.82394 411.93181
172.81948 418.28228
172.88242 424.74417
173.37183 434.00423
171.75089 369.38035
161.41619 367.35273
56.02760 228.57278
125.71674 296.29879
115.12180 297.56424
104.78064 296.63562
90.60381 288.56988
134.63301 293.26003
108.82784 261.52590
121.35036 263.27238
97.40389 263.36704
89.99910 267.84469
82.49132 294.31546
134.82000 449.36627
90.73050 281.51308
52.18616 281.18085
70.12020 283.87142
118.14184 344.54286
159.92542 391.63771
161.56433 402.34004
148.44162 394.45403
141.10916 397.28676
152.43744 401.83047
145.49803 401.74318
125.23964 411.17678
162.57038 363.48153
161.26518 351.83973
74.90063 255.53970
140.81682 316.00437
138.38873 355.37967
138.08798 348.35078
85.20100 339.97321
162.15570 336.09841
100.12592 245.64769
85.04393 248.33368
64.98421 208.56545
148.59463 259.24578
132.09511 268.83562
116.41270 400.56257
68.69146 388.83175
146.30089 362.46791
154.81220 366.30776
132.36032 401.49637
134.88094 401.81817
79.16063 239.65263
138.08815 359.17414
120.85649 248.40279
119.14967 238.71301
108.29454 182.85712
72.23164 223.57251
114.84039 209.38360
68.60043 248.69842
62.37095 239.04141
160.47977 397.47003
150.37905 398.37846
143.20847 399.54452
148.73882 364.21416
133.65826 401.67565
138.09959 404.92063
136.26013 401.99700
151.10477 360.93487
147.34659 403.40451
154.21597 404.20731
162.76848 405.31369
159.65918 433.21521
160.11637 423.20771
160.57430 416.72612
161.51896 410.51805
162.75835 405.53449
147.30024 403.47790
145.24134 405.64096
143.05655 408.56575
141.30177 412.01189
127.79373 385.64979
55.07746 330.20686
171.86178 370.95453
142.21157 402.75814
140.16399 403.72715
158.28674 370.77493
141.68554 365.14737
156.62615 368.60053
129.13292 321.89778
110.75960 328.63423
136.37417 352.47155
81.33026 192.85934
88.82986 213.06754
96.39629 235.84377
134.35549 419.68703
145.34319 243.67874
142.48617 209.45612
138.69022 178.47737
95.84406 293.72918
71.73193 300.88910
140.40964 290.43000
79.87989 271.56777
148.48803 309.03483
144.44746 353.04525
60.32772 306.88390
79.31089 310.50672
93.22542 316.31870
113.49503 315.69795
128.40645 311.63550
139.38431 306.88464
162.74336 294.86372
62.47389 331.99244
71.79419 268.35360
166.18528 368.72941
141.74723 328.60861
50.26482 277.00974
147.75057 301.57020
135.56547 351.94936
85.97530 281.08600
144.43705 344.38598
60.52267 359.12245
140.08360 286.24923
152.99534 339.11344
90.53268 419.89939
92.81767 430.82999
55.08999 331.58135
77.05332 403.61398
56.90319 258.16602
133.34154 459.22558
167.37118 370.32367
131.75613 336.07761
61.26499 283.84483
105.59071 290.77272
114.82821 291.61543
136.24662 406.41846
65.48861 355.43844
152.31859 473.24660
122.40088 457.48422
109.02588 446.65790
174.55206 210.56842
173.08098 475.51382
123.76083 290.33952
132.11010 288.14427
137.55074 287.10732
64.18959 263.86638
130.02516 277.30270
120.62000 273.67287
111.26057 273.02196
102.10083 274.70782
96.42588 277.46122
51.55239 250.07005
99.25669 288.43836
172.33076 380.52969
138.19401 381.07010
146.20213 361.29658
157.64479 380.12118
173.58812 275.70049
105.37327 435.40724
118.93515 447.36968
151.37846 467.67949
79.90084 412.86509
136.90369 282.72761
155.41531 314.59666
173.00390 469.84133
136.26236 466.89356
59.87917 357.56095
154.20841 404.38891
152.17331 408.13039
150.55534 412.85879
149.47182 418.60434
145.61893 427.56377
140.12691 401.71202
137.97806 400.64311
136.13110 399.48935
119.85874 392.21088
78.03591 363.76001
155.76389 301.15628
148.11249 278.08531
141.29393 278.87256
142.38335 402.77012
79.17133 389.62360
158.42150 278.83458
139.63270 438.32057
172.54019 320.89337
162.89213 309.33526
172.92150 307.30397
147.81099 333.12675
173.02954 459.93091
173.16572 446.45307
155.99758 445.30098
115.75912 416.11716
126.41060 360.13523
126.85635 428.59792
100.47440 356.80289
116.20687 370.65333
92.12278 373.74851
152.52373 458.17063
141.78516 338.52096
107.51966 424.11994
121.14071 437.29807
106.14969 402.09562
69.45433 374.79991
93.15870 403.00907
66.20329 381.41147
108.07150 383.48049
148.80325 321.41692
147.71904 358.92006
141.57883 359.80235
152.20701 352.15381
139.21551 266.89036
121.21967 258.20252
105.43856 256.04963
92.60189 258.02533
83.81660 262.98202
79.18112 282.43574
52.10680 306.19151
88.45753 300.28956
99.72303 304.73784
113.97202 305.51620
127.23869 303.13195
137.44093 299.47927
144.50514 296.16232
52.07499 303.12252
141.92232 361.87323
155.00755 326.63750
155.05064 360.99081
160.66597 366.09263
155.12148 362.21235
144.76252 364.72470
162.75663 367.64981
163.89389 369.28495
143.91880 286.97143
149.94057 290.25362
153.93026 293.14879
93.19973 279.64839
85.56372 273.27942
181.98986 322.53102
252.79331 288.52346
182.68229 367.82851
299.11556 233.44430
221.54774 297.73840
232.79236 299.19999
243.51799 298.66411
257.50908 292.09314
211.86535 294.35962
239.52663 264.87140
226.21086 265.37538
251.37928 267.61627
258.66734 272.46149
267.04887 298.25235
211.82140 450.51919
256.94832 285.41908
300.28950 286.48400
279.97486 288.87639
229.40033 346.66337
185.41542 392.15945
184.45978 402.87640
198.36567 395.47962
206.80752 398.69260
194.63112 402.79181
202.58694 402.96929
223.03295 412.68202
180.83687 363.88354
182.35189 352.22636
274.89929 262.14327
206.79253 317.16843
206.94290 356.78448
207.68082 349.64571
263.40633 343.56864
182.20409 336.38100
248.17963 250.36893
264.16267 254.39418
290.09487 213.06792
197.96158 260.00928
214.60049 269.93537
231.87592 402.47194
281.28544 392.04918
198.71059 363.57925
190.04158 367.09652
217.14027 403.22742
214.57909 403.39151
270.47421 245.83302
207.46704 360.60882
226.44054 251.23504
228.37597 241.19089
244.20967 185.49629
280.86853 227.55604
235.52761 211.34286
281.70212 255.24677
291.14635 243.80272
185.20142 398.00645
196.56746 399.41525
204.79061 400.86925
196.23878 365.25340
215.79422 403.31935
210.80643 406.35898
213.18211 403.48633
193.28724 361.80970
200.81367 404.47291
192.93980 405.07261
183.61876 405.80434
187.63432 433.62707
186.04130 423.80085
185.42698 417.27613
184.55631 411.01901
183.52915 405.97918
200.76138 404.49313
202.80140 406.80038
204.96479 409.83544
206.72546 413.34931
219.53312 387.35098
296.81576 334.76775
206.65051 403.98567
208.66776 405.08523
186.53568 371.41357
204.01253 366.48414
188.18707 369.33014
218.59013 323.58989
237.35786 331.14902
209.65984 353.90199
272.86659 196.60456
263.31432 216.13581
252.15485 240.25780
213.56537 420.82611
201.44653 243.92909
206.91463 210.55454
212.68143 179.90243
252.37915 296.48827
278.82702 305.50774
205.49442 291.30653
269.32671 276.78923
199.02519 309.88282
200.25372 354.14094
290.25463 311.60016
271.44501 314.59511
257.47692 319.53085
236.17054 318.29418
220.29255 313.59785
208.62072 308.25939
184.11537 295.20358
287.21016 336.43237
278.31833 274.10446
177.39649 368.98594
205.20969 329.66155
303.54454 281.96331
199.82376 302.31310
210.80746 353.41887
262.16763 285.34936
200.82455 345.37565
290.44930 363.03645
205.36282 287.03445
191.78829 339.73471
257.34451 422.40189
255.24017 432.45683
295.30468 336.12473
271.22608 406.64479
296.17134 263.28300
212.96513 460.35609
176.35885 370.54820
215.35042 337.61948
289.21425 289.66077
242.18189 292.40329
232.84821 292.91460
212.77458 407.95511
283.67668 359.45435
194.03362 473.52823
224.69189 458.05888
238.52333 447.67274
223.41244 291.48385
214.17477 289.12686
208.19740 288.04360
286.24531 269.73951
216.48899 278.83233
226.70170 276.08434
236.60210 276.31699
245.83931 278.64385
251.34575 281.57955
302.99568 255.02220
248.38173 290.60059
208.47229 382.34199
198.66859 362.39633
187.88391 380.83038
242.06905 437.47213
227.69527 448.85598
194.91722 468.36300
269.04942 415.21278
208.88588 283.68458
190.96878 315.14615
210.34237 467.24903
289.64409 361.50747
192.91187 405.17593
194.80003 409.01610
196.38515 413.83887
197.60429 419.59793
201.94653 428.24638
208.88233 403.06553
210.98106 402.11815
212.84954 401.06320
228.05347 394.16963
270.48462 367.36901
191.41373 301.75611
198.02155 278.05139
204.49089 279.30007
206.69777 403.98703
269.29501 392.81650
188.45177 278.54169
207.36404 439.23769
183.10726 309.63537
198.25729 333.99997
190.75832 445.79028
232.11258 417.93653
220.49625 361.92705
220.54901 429.92678
247.47913 359.67953
231.50867 372.87889
256.19644 376.87981
193.96885 458.87571
204.62273 339.54371
240.24830 426.15445
225.79041 438.75985
241.92623 404.42006
279.51572 378.40512
254.92615 405.64328
282.70771 384.90133
240.18044 385.99908
197.87449 322.23162
196.68098 359.93606
203.46756 361.12709
191.85101 352.89622
207.02290 267.60828
226.00212 260.67731
242.80846 259.94300
256.34796 262.87484
265.39280 268.37165
269.84627 287.16597
299.32545 311.25628
260.92194 303.82770
249.69940 307.44031
234.79588 307.68802
220.64903 304.81705
209.69589 300.73042
202.21329 296.90023
300.94421 307.94757
203.27175 363.15580
190.55679 327.18017
188.79463 361.69402
183.31457 366.66922
189.00818 363.00472
200.53707 365.90034
181.00018 368.07062
179.98446 369.62175
201.61350 287.48732
196.42441 290.44413
193.14751 293.25739
254.49390 283.68303
262.92465 277.97160
111.56841 281.96788
122.97955 281.86887
111.45477 270.67540
99.95134 281.97319
111.61190 293.12440
234.01310 283.06614
246.44573 283.37742
233.51974 271.26602
221.57543 282.61341
234.46159 294.74621
