189.12972 386.56773
186.91792 351.22959
187.25941 360.47928
177.43666 311.57684
186.89275 339.55412
187.15396 323.49982
188.10439 283.82660
106.86484 278.00203
188.30449 257.27814
188.42133 242.45190
189.42790 182.58406
189.04584 390.37212
188.94902 394.05374
188.94839 396.55682
188.63299 397.14866
188.70240 401.91587
188.72369 408.15793
188.75224 415.00117
188.17551 435.44906
187.05136 356.55568
174.95290 355.35506
62.05928 232.39352
139.41212 286.81895
128.02771 288.32621
116.92368 288.35891
102.31129 282.31831
149.15602 283.98933
119.48018 256.73151
133.07135 257.32294
107.62919 259.42031
100.45838 264.09659
92.43836 290.12556
143.44491 452.53263
102.63018 275.03472
57.88413 282.12467
78.45683 283.09191
129.21212 336.65605
174.56906 383.42524
176.11922 393.05222
160.35888 387.44540
150.68930 392.21621
164.85480 393.71513
155.75103 395.50200
134.69361 411.77872
176.77726 350.83247
175.27133 339.62951
83.20481 257.35989
153.43251 307.28841
149.03495 344.70809
148.51218 338.15214
95.35283 334.85026
176.15744 324.62480
109.54305 245.56714
93.68079 249.56921
73.23088 213.48054
161.56852 253.90711
145.17560 261.64185
126.11089 400.35740
70.88811 388.21974
157.95029 351.20783
167.47018 354.88964
138.89153 400.42467
141.64710 399.80360
86.94039 242.95501
148.77351 348.99295
131.79934 246.36247
129.04824 237.72110
120.05147 188.79809
81.45627 226.82616
127.25415 212.20866
75.92105 252.50887
69.80264 241.73212
175.06963 388.85555
162.62400 390.96937
153.14635 393.98235
160.80502 353.10490
140.31054 400.11355
146.52468 401.17346
143.11131 399.50008
163.46972 348.94512
157.80358 396.51221
166.75807 395.42308
177.24944 395.58903
172.27750 434.30528
174.72321 413.91983
175.13057 407.00449
175.92295 400.89041
177.04911 396.30905
157.70882 396.72380
155.74799 399.21053
153.56137 402.59340
151.68986 406.74719
138.42267 379.71008
58.38160 330.34595
187.15161 358.58942
150.98016 397.93466
148.85854 399.38427
171.38903 359.53178
153.19951 355.36781
169.48062 357.32327
141.26155 313.61804
122.21085 321.54796
146.75231 342.73975
91.46813 198.59035
99.67166 216.44183
105.01233 237.20850
144.24554 420.51130
156.61231 239.89852
156.03083 211.25162
151.66154 183.93577
107.58885 286.43802
80.29458 298.52083
155.48049 281.35483
89.59124 269.56183
161.72713 300.31221
156.19729 341.77847
67.04827 304.94838
88.95243 306.31589
104.40064 310.12059
126.62942 307.38130
142.63072 302.08510
154.32875 296.66663
176.88088 286.50104
69.32250 329.16432
79.98399 268.85907
180.65657 356.12026
153.56355 319.32014
54.59704 279.17751
163.01350 290.87448
146.04443 342.75958
97.54832 276.04799
155.96589 333.69380
62.85355 358.42533
155.22139 277.50803
165.87315 328.08536
94.27531 420.96301
94.28315 432.95087
59.22120 330.55812
80.93253 403.38628
63.31309 259.96706
140.19622 465.54351
181.90867 358.09207
143.12487 327.43243
68.59025 285.05380
117.69519 281.61970
127.31641 282.03912
144.42824 403.44061
71.97890 352.43201
161.77125 483.56120
125.97962 463.76727
111.09669 450.93914
188.86073 211.25407
187.80587 486.41595
136.89191 280.85314
146.13770 279.00625
152.29726 278.24748
71.38999 266.54991
143.66000 269.18557
133.23003 266.03866
123.02790 265.96714
113.42677 268.17443
107.92817 271.06613
56.21283 253.02018
111.25840 279.99116
187.52881 369.15097
149.14212 372.77742
157.81182 349.70408
170.87462 369.54455
188.26821 269.63293
109.09261 438.06834
123.74911 452.00670
161.57635 474.94223
81.81762 413.28279
151.54240 274.20583
168.96306 305.09528
187.80759 478.16326
142.11774 475.29667
63.44212 356.06271
166.60174 395.93800
164.69779 399.69275
163.21818 404.64316
162.13191 410.85857
156.39939 428.66183
148.20971 397.60925
145.68646 397.16315
143.58350 396.42505
130.34034 389.13744
86.98016 359.63027
169.48800 292.64879
162.82119 269.45140
155.82433 270.47235
150.79837 397.92120
85.70008 387.48041
172.78882 269.51390
149.58049 439.86962
187.53384 309.90704
177.02834 299.62702
187.86607 297.24515
160.11248 323.07190
187.83322 464.90203
187.95298 449.10194
168.26182 447.25887
123.30594 416.19606
136.68969 351.99073
135.09644 429.62981
111.23196 350.48408
126.58776 364.06962
102.01472 369.19326
163.86145 462.04445
152.88691 328.72169
113.08602 425.12698
127.77898 439.85044
114.21876 400.95195
75.30347 372.33988
99.75898 401.86424
69.75503 380.21933
118.23729 379.58249
161.47679 311.99330
159.83989 347.10933
152.65551 348.67012
165.02549 340.43604
152.77779 260.23221
132.83881 253.84641
115.70935 253.15620
102.16922 256.04279
93.30668 261.38346
89.24489 279.46513
56.99664 306.08299
99.25292 294.72482
111.38263 297.76876
126.91375 297.02554
141.25033 293.77329
152.30876 289.87599
159.84595 286.32614
56.29094 304.46066
153.06493 351.13876
168.34388 316.32602
168.14624 348.73494
174.29515 353.93242
168.14532 350.14297
156.54467 354.27070
176.70819 355.23391
177.82857 357.15448
159.21584 277.94326
165.37162 280.39004
169.15080 282.52967
104.94876 273.20083
96.37948 269.35770
198.03048 311.30992
273.78316 277.35920
199.74412 354.92151
319.43101 230.24102
240.80071 286.98992
252.60804 288.07222
263.99365 287.71363
278.51964 281.39204
230.81345 284.23253
260.26162 257.21042
246.47240 257.82469
272.40598 259.60239
279.68167 263.95635
288.77160 288.80659
233.33161 451.76994
278.05466 274.29791
323.63866 279.41734
302.37084 281.65243
249.21189 335.40767
203.37258 384.17995
201.60435 393.85012
217.06750 389.15701
226.00980 394.49521
212.44454 395.37068
220.96753 397.75222
243.15476 410.20139
197.27402 350.56951
198.83111 339.34691
296.49556 256.89637
224.88702 306.40830
226.73741 344.06423
227.67812 337.47333
284.23871 332.79110
198.43720 324.35263
269.39881 245.54107
285.75688 249.38993
308.02274 211.36550
215.57256 254.41502
234.18282 262.13389
251.91876 398.61849
308.64392 385.87727
217.75998 350.63465
207.93694 354.52935
236.51650 403.53395
233.61783 402.82649
292.29523 242.35158
227.18316 348.39254
246.45009 246.47274
248.76557 237.52473
259.59145 187.41507
299.09852 224.60999
251.53642 210.89989
303.30880 251.70585
311.21793 239.57031
202.74968 389.64534
214.75442 392.69811
223.63137 396.24937
214.83533 352.60620
235.05429 403.19535
229.37047 403.69012
232.04221 402.42416
211.63636 348.27512
218.74669 398.58907
210.42764 396.90173
200.40742 396.34323
204.66130 433.94840
202.75494 414.52918
202.18823 407.52353
201.34057 401.39123
200.22031 396.80356
218.64976 398.54594
220.76909 401.04027
222.99863 404.50495
224.90361 408.66210
239.04645 378.49748
322.39411 327.73041
224.90212 400.22415
227.02523 401.79421
203.76466 359.35147
222.91703 354.95872
205.80582 357.06700
237.29436 312.52679
256.91914 320.10929
229.65955 342.11089
289.17603 196.65717
280.09515 214.63600
273.64880 236.73439
233.42030 419.26131
219.78936 239.97956
222.18461 210.46962
227.50806 183.15589
273.26279 285.66889
301.63911 296.62241
224.36734 281.64306
290.66800 268.94166
216.41438 299.58035
219.11553 341.08015
313.38143 302.27619
293.57457 304.57672
278.45464 308.74111
255.62047 306.89782
238.69420 302.07986
226.19370 296.91788
199.90891 286.17818
310.92542 326.53430
300.16820 267.91594
193.65815 355.95836
224.00971 318.54094
326.91315 276.62950
216.89641 291.22509
230.74021 342.14707
283.03239 275.23782
219.81442 333.05380
317.36787 355.89148
224.42811 277.76449
209.35658 327.60070
284.47629 418.86490
283.72681 431.09352
321.42422 327.57965
298.32890 400.86550
317.88171 257.52803
236.27549 464.91633
192.39186 357.98682
234.72928 326.48846
312.28303 283.38976
262.79294 281.26503
252.87492 281.95392
231.54782 405.99667
308.06977 349.78783
214.07132 483.40644
250.98859 462.75436
266.52463 449.51695
242.99592 280.98749
233.53543 279.27098
227.36729 278.56088
308.32314 265.22486
236.15956 269.35516
246.68011 266.06360
257.13704 265.72165
266.98617 267.71397
272.65500 270.53161
325.16507 250.70893
269.33598 279.43900
227.65225 371.93369
217.80919 349.06723
204.86546 369.27283
269.00227 436.49319
253.36907 450.84941
214.59763 474.70476
296.89210 411.11098
228.23407 274.37834
207.89460 304.58400
234.09802 474.82591
316.67104 353.16528
210.35279 397.10315
212.25114 400.86588
213.87757 405.87488
215.15141 412.14758
220.81361 427.65169
227.66507 400.22254
230.23175 399.81602
232.44057 399.09266
247.58031 387.62886
292.63615 357.24653
208.00126 292.14237
215.89219 269.73522
223.43659 270.80876
224.91059 400.43703
293.61611 385.02587
205.20478 269.99564
227.37302 438.98874
199.10565 299.29942
216.52345 322.52234
208.23392 446.89452
254.54919 414.62214
240.72610 351.01014
242.33662 428.35342
267.79755 348.78534
251.63163 362.80572
277.27795 367.25879
212.40289 461.76784
224.04370 328.02453
265.04376 423.47272
249.37783 438.59452
263.91057 399.21169
304.59122 369.69003
278.93243 399.81171
310.05978 377.42458
260.38842 377.96956
215.75692 311.36930
215.24754 346.33956
222.98318 348.04016
209.66340 339.84477
225.66647 260.69316
245.97916 254.14298
263.60799 253.31826
277.65538 255.96795
286.71796 261.07183
291.33096 278.46841
324.15868 303.14008
282.13597 293.57647
270.17918 296.82431
254.34010 296.64236
239.30554 293.84713
227.75536 290.14880
219.83079 286.61408
325.17091 301.72420
222.65416 350.57433
207.65096 315.84661
206.46443 348.17013
200.34585 353.53897
206.78281 349.56258
219.31111 353.78372
197.73076 354.92492
196.62858 356.88920
220.35733 278.26001
213.79277 280.71123
209.97903 282.89390
275.71847 272.61076
283.86288 268.91333
127.47834 272.81237
138.85302 272.18274
126.74043 263.00482
115.85652 273.45372
128.09953 282.67278
253.40707 272.83606
265.14401 273.24779
253.80132 263.46046
241.76659 272.37486
253.09293 282.25052
