189.97961 409.03715
192.32027 375.01344
191.87612 385.25699
184.03715 330.98513
192.85230 362.06404
193.63233 344.38939
195.82576 301.48423
109.34660 294.22543
197.57528 273.41544
198.50042 257.10367
202.13461 191.26633
189.87650 413.15362
189.88004 417.11841
190.05399 419.63263
190.30044 419.78404
190.28694 424.39746
190.21164 429.86987
190.16878 435.82779
189.63771 451.49335
192.09493 381.05234
180.01157 379.18262
66.07299 241.59760
142.93237 305.36988
130.67718 306.23168
119.00095 305.24909
104.24413 298.34859
153.57767 302.66738
126.45174 271.67479
140.50565 273.12225
113.48816 273.73418
105.10330 278.29823
93.98805 305.22350
144.19717 473.75714
105.25465 291.04747
59.35526 296.20815
80.85327 297.11820
132.30064 356.10876
174.49804 405.59925
175.95819 415.76748
159.97097 408.37508
150.17946 411.23170
164.15298 415.20982
154.71933 415.19476
134.08088 427.54710
182.00685 374.15142
181.07868 361.52633
88.96741 269.23876
159.17474 326.27048
154.15090 366.08696
154.14564 358.78829
95.59520 351.99140
182.52613 345.16168
118.56304 256.72564
101.15188 260.86978
78.75951 220.48885
172.47993 267.99279
152.51285 278.35105
124.23027 416.01377
71.77656 412.31400
162.60208 373.81913
172.05719 378.21741
137.19894 415.06266
140.04869 415.32794
95.13864 253.42652
153.27846 370.43678
142.10016 257.98825
140.48729 248.26905
130.14074 194.50017
86.81598 235.05366
136.49398 220.38398
82.44394 263.74729
73.68784 251.65794
174.87484 411.28332
162.01854 412.08882
152.33564 413.26781
165.19434 375.89213
138.65875 415.19933
145.39543 417.89533
141.64503 415.49422
168.89633 371.83277
156.75357 416.59171
166.12062 417.24021
177.28199 418.40124
173.69987 450.22893
175.34954 434.04549
175.73326 428.06807
176.48977 422.80152
177.60030 418.52896
156.88655 416.60890
154.94964 418.33526
152.94309 420.82817
151.37125 423.99178
138.93953 399.43997
59.82486 350.16134
191.95377 383.24334
149.76232 416.15108
147.57639 416.89105
176.06187 383.22660
157.14759 377.19298
174.13440 380.80927
146.06891 332.56298
125.24496 339.61266
151.76286 363.44110
99.16387 204.28368
106.86615 223.91555
114.96564 247.42464
144.61265 436.59318
169.45892 251.72553
166.51052 220.79291
163.31762 190.66744
109.44816 302.79287
80.91478 312.91067
160.59627 299.94642
93.40246 283.47363
168.01599 318.90157
161.88293 363.31570
68.42922 320.09557
88.44007 321.25351
103.47858 326.13659
126.55725 325.51378
144.06923 321.43349
157.32217 316.38646
184.20263 303.98966
69.51978 345.87107
84.19157 281.72345
185.73082 380.29795
159.42033 339.03517
56.50121 293.73752
167.42857 310.41618
150.86914 363.39540
100.09325 291.56570
162.18706 354.44105
64.32359 380.81866
160.72668 295.86930
172.15538 348.60422
93.46105 442.91745
95.66301 457.16068
59.99693 348.76155
79.57891 425.39505
66.05920 271.91655
141.47068 487.34480
186.85131 382.48045
147.93573 347.16477
71.00660 298.82183
120.64083 298.42513
130.91951 299.46923
143.56975 419.34952
70.94463 371.06860
163.44179 505.38534
128.20806 487.41581
113.09002 475.04634
200.26807 222.73347
188.68751 508.55140
141.23607 298.75803
151.07158 297.25161
157.52908 296.61354
76.12119 278.97994
149.57515 287.25519
139.03022 283.72143
128.63733 282.89569
118.22469 284.45651
111.72176 287.14527
59.19361 264.63094
113.90129 296.40790
191.75939 393.97574
151.76057 394.26541
162.75629 372.34518
174.75147 393.19972
196.73448 286.68262
109.40410 460.37309
125.02964 474.06336
162.54142 496.39591
82.60639 437.61588
157.14645 292.36023
175.55439 323.83152
188.58801 499.42028
144.33187 497.99423
63.84283 376.32008
166.39562 417.31726
164.49928 420.47180
163.17033 424.50741
162.27844 429.73816
157.57881 444.48023
147.05265 415.23183
144.73304 414.30834
142.86863 413.29878
128.84452 406.76228
84.93841 378.41478
176.39307 310.61007
170.55595 286.93731
162.68945 288.15519
149.67535 416.10557
83.10598 407.89492
181.33937 286.98801
150.60306 459.07668
194.37482 329.63677
183.95303 318.05381
195.06725 315.93919
166.36793 343.11931
188.88933 485.60879
189.29411 467.84274
169.31799 466.15707
123.03173 434.64365
140.01447 372.50012
135.87022 448.70979
111.11826 369.29686
127.32778 383.94372
99.53306 388.28600
164.55301 483.08003
158.94706 349.03230
112.87321 445.46662
128.78410 460.49250
112.68335 418.92485
73.49311 392.41887
97.84849 421.48928
69.30378 401.84617
116.23216 398.07778
167.78173 331.28929
165.23742 369.50466
157.54282 370.78632
170.81899 362.12468
161.49366 276.09677
141.29787 268.00663
123.39382 266.35507
108.60147 268.81612
98.36897 274.36967
91.87845 294.29451
57.87496 322.25103
100.25924 310.38647
112.29230 314.24100
128.36959 314.98528
143.85728 312.76654
156.17788 309.20671
164.73972 305.63433
57.67366 321.71934
157.57497 373.25857
174.75965 335.93207
173.51122 371.57315
179.44812 377.60368
173.47597 373.22142
160.69543 376.53103
181.81064 379.15037
182.84690 381.27893
165.15102 296.35682
171.55428 299.27369
175.25524 301.38706
108.06131 289.23051
99.89727 283.95073
204.74512 331.78580
283.15099 300.51722
204.45993 379.98658
333.58877 251.57786
246.55382 309.16548
259.09196 310.78027
271.29732 310.73917
287.78242 304.74106
235.96666 305.78889
268.59331 275.72605
253.63348 275.95962
281.74451 278.98367
289.65513 284.44193
297.18774 312.34142
235.31389 477.70540
287.93233 297.32693
335.25400 306.44079
312.17561 304.40963
255.70932 361.00838
205.67564 406.88768
204.12862 416.97351
220.75769 410.99628
230.67113 414.75026
216.34004 417.47498
226.04509 418.28743
248.81837 432.08932
202.79688 374.87536
204.67794 362.37811
308.22546 275.75936
231.42255 329.11937
231.99270 369.15112
232.77891 361.89351
293.00539 359.63807
204.75233 345.93866
279.75896 260.75623
296.96699 266.53075
322.49979 229.80877
222.53164 267.55647
240.45618 280.47153
259.74920 421.14263
316.89722 422.60950
222.77746 376.18831
212.74179 379.73308
243.58247 419.79736
240.68884 419.78558
304.46447 259.11687
232.44314 373.55739
255.54086 259.83035
258.50305 250.17176
273.66853 200.19532
312.42258 244.40568
264.10711 226.04083
315.88625 270.31890
324.44162 261.72334
205.14967 412.56061
218.54395 414.57368
228.41276 416.58959
219.87810 378.01754
242.09760 419.79099
235.72073 421.89129
239.09158 419.78365
216.60497 373.64905
224.09914 419.43855
214.45531 419.28399
203.08904 419.49655
205.89204 451.71421
205.31377 435.53817
204.88954 429.41997
204.24352 424.02866
203.23633 419.62658
224.23235 419.49545
226.36884 421.47911
228.44148 424.24818
230.02866 427.64578
245.44683 403.40407
332.91322 361.03021
231.26554 419.69269
233.51030 420.65140
208.34486 384.48426
228.15252 380.08990
210.42539 382.21079
243.98359 336.43868
264.34183 345.08269
234.84136 366.77363
303.54642 212.27202
293.13093 232.08429
284.97221 251.55935
237.22322 440.40593
227.85543 251.37721
234.24100 223.74261
241.04807 193.76297
281.66051 309.02611
309.36380 320.71586
229.18569 302.66705
301.22202 290.21499
223.15981 321.07719
224.38535 365.81943
323.20131 330.00743
300.40697 328.83488
284.37540 332.67917
261.05268 330.27606
243.81925 324.86763
231.04044 318.94387
207.48426 304.89330
320.19106 355.77074
311.14175 288.81691
198.56016 380.73343
229.78983 341.83256
339.68183 304.04586
221.55386 312.37817
235.96700 366.82320
293.03159 298.06400
225.01375 356.95752
326.63362 391.70292
229.66062 298.62424
215.15787 350.26858
290.28822 451.10705
288.48051 465.74624
330.70932 359.45410
305.73923 434.61680
330.46556 281.91158
237.50372 491.57398
197.18858 382.83920
240.65313 350.87163
322.60038 306.26551
270.58149 304.11860
259.76442 304.39615
237.65260 423.54870
317.29616 380.91329
214.17963 507.59810
252.32725 492.99013
269.17352 482.07967
249.18596 302.98184
239.13210 300.76612
232.64776 299.67406
319.96515 286.02170
242.46748 290.10614
253.97977 286.90326
265.25392 286.77126
275.86809 289.22526
282.05614 292.60578
338.80556 274.79180
277.98742 302.53805
232.66721 397.35983
222.73054 374.76374
209.31944 394.56211
272.60744 467.32235
255.74617 479.90966
214.91376 498.66493
303.61589 447.10465
233.83176 295.17793
214.56049 325.37509
234.53043 501.97325
325.13937 386.94060
214.63075 419.37784
216.58746 422.77822
217.96144 427.04860
218.97493 432.48206
222.98711 447.27949
233.80315 418.97603
236.07057 418.27964
238.07695 417.46435
255.45526 411.37956
302.10836 386.87732
215.10133 312.19014
221.20161 287.95209
228.76890 290.13372
231.26405 419.61441
302.56853 416.46921
210.30443 287.12676
229.58921 462.52012
206.20973 318.87885
222.06415 345.43932
209.61526 467.94284
259.57536 440.12436
246.27046 376.66165
245.54262 453.32405
275.98711 375.64732
258.49447 388.93919
286.49759 395.42535
213.45911 485.19417
229.17493 351.84862
269.55598 451.85944
252.40049 465.83559
271.19958 425.09314
313.58610 401.98915
286.40512 428.93820
318.02972 411.97997
268.97543 403.72059
221.91984 333.48087
220.45499 371.63418
228.12883 373.60322
215.22550 363.79438
232.05690 277.03919
253.97760 270.47707
272.83243 270.60025
287.67782 274.49916
297.33354 280.93141
301.18654 301.24006
334.57868 332.75539
289.97671 317.25826
276.96294 320.17439
260.37622 319.61859
244.84018 316.21696
232.82205 311.85714
224.64262 307.67003
336.85148 332.20738
227.80473 375.99339
213.91664 337.47844
211.72372 372.92441
205.22623 378.55582
211.77705 374.67973
224.48515 379.03109
202.62785 379.88326
201.35835 381.90174
225.13002 298.68668
218.56088 300.72804
214.58738 302.70696
285.42310 295.19125
294.17841 290.58720
131.79527 289.48159
144.78300 289.98647
132.69546 278.21490
118.70048 288.91659
130.83459 300.74494
259.35609 294.83257
272.75358 295.39989
259.90003 284.22029
246.07671 294.27056
258.95544 305.58563
