192.51500 468.03780
209.21507 433.59656
204.33073 442.04983
214.46700 384.64030
214.25780 421.43933
220.91242 403.21282
237.60638 356.22908
149.88673 309.80474
251.11143 320.11607
258.11385 302.71219
284.23476 238.86117
190.76708 472.58601
189.00881 476.99215
187.90898 479.89331
187.88323 480.12036
185.67480 486.61965
182.94001 494.06658
180.15875 501.42016
175.09892 512.78136
206.69760 438.54800
194.10744 431.76122
116.24413 233.67064
180.49796 336.54767
167.50513 332.94381
155.56425 327.11921
142.79333 310.97569
192.55671 337.47368
175.56029 291.56793
189.31940 298.81652
161.42804 288.05992
151.00521 289.11088
128.20086 314.31755
121.84887 508.86310
146.73960 303.43072
90.98559 287.75151
116.57160 296.31254
148.89681 387.85329
177.73535 458.74536
175.07380 470.45069
161.40000 455.72041
150.11006 454.39696
162.98638 464.91899
153.34656 460.76197
125.72304 464.45982
198.52377 428.83283
201.37576 416.45274
135.90296 267.16257
187.77016 365.63720
169.79298 408.90211
171.78225 400.95159
111.17354 369.01395
208.29897 399.67250
171.85097 267.89694
152.14161 264.24467
136.61192 217.90344
224.77091 303.89877
199.53846 309.41844
120.64461 448.96066
66.05566 405.28190
176.51976 419.56646
185.35071 427.80634
135.20636 452.67434
138.23710 454.31630
147.80453 251.32288
167.33805 412.99018
195.84855 279.63092
197.75061 268.33770
202.02870 213.59161
139.93185 235.85855
199.03475 242.18211
129.73214 256.00712
121.00401 247.41988
175.84679 465.08327
162.06015 460.57246
151.61003 457.58845
178.54382 422.81627
136.75354 453.53082
141.67874 459.74218
139.77238 455.16242
184.41681 419.87191
154.85712 463.19907
164.14996 468.07520
175.20901 473.89626
157.78412 505.42114
164.17513 493.52262
167.55789 486.40554
171.47171 479.46620
175.05669 473.99443
154.85403 462.94358
151.41400 464.63266
147.36508 467.06712
143.69942 470.18148
142.67231 437.81280
74.09411 337.00414
205.52012 440.26908
147.93551 459.27502
144.86798 459.42823
187.86864 434.42350
168.76753 421.19587
186.69928 431.22242
171.67273 367.20983
146.82904 367.37456
167.73854 404.69031
164.20849 210.23320
164.98469 232.76170
170.93001 255.21398
132.79498 478.51811
227.62049 285.17311
232.94577 255.94860
240.75762 223.37025
146.47753 319.39188
110.87222 317.13412
200.76373 337.09690
136.08939 287.49666
199.85655 361.73619
179.15499 408.98663
92.12136 320.11627
116.45739 332.39452
131.27640 346.06175
156.64990 354.22418
176.50351 355.80287
191.84060 355.34363
223.73270 354.05417
85.14080 348.25938
125.93808 279.80228
200.23747 435.56238
183.81371 380.03564
89.31675 280.19676
204.40421 353.25936
166.63229 403.50694
140.70387 300.24239
181.93505 399.54324
68.46362 369.47164
201.91883 332.36388
195.25191 398.31783
80.94088 453.97326
77.79238 464.09765
74.40367 341.78699
71.89347 429.31286
106.22168 265.49956
115.54203 518.40466
200.42727 437.72480
168.81234 384.11785
104.50701 292.02929
159.89058 320.71687
170.02055 326.22636
138.71243 460.47120
79.44422 373.89638
132.62658 542.34286
102.26506 508.69451
90.69331 489.72784
271.15828 271.03654
158.03366 554.25007
180.78091 329.06779
191.63351 330.56439
198.56909 331.94069
117.13826 270.84098
193.26601 319.61506
182.93789 312.28349
172.26971 307.69948
161.52640 304.74682
154.54155 303.92027
101.59844 253.54845
153.76656 315.02237
200.46412 451.45705
157.59838 437.45341
177.36674 418.07494
182.37902 444.86924
244.46093 337.34493
91.73037 477.88462
103.07267 497.86703
134.00233 536.67224
69.66010 437.28893
199.58029 327.66767
206.88998 371.94247
160.38823 548.97354
115.32156 526.79227
69.62851 370.91726
164.08095 467.99827
160.03008 471.65537
155.92211 476.46429
152.05590 482.53518
142.93627 492.58310
145.57854 457.37138
143.41034 455.28473
141.71942 453.27829
129.76859 441.71915
92.57483 390.25852
212.19248 357.10687
215.25183 326.44497
206.48577 324.65463
147.87737 459.47619
81.83020 417.13831
227.63834 332.13529
132.07274 499.98394
226.48398 387.32285
218.56398 370.14562
231.76440 372.47290
190.05858 388.34033
164.78293 538.77808
170.28382 524.99253
149.23584 515.63199
112.24522 464.29625
151.80756 408.60419
120.28853 483.04244
122.76789 393.99660
135.17374 415.84480
105.27651 408.27370
139.78983 527.28447
179.95024 391.11816
99.02357 468.12335
110.15301 488.99868
107.69585 445.03687
75.99749 395.79312
91.98340 439.01909
67.63003 399.34593
119.60720 426.54958
195.58648 375.76893
181.19450 416.46529
172.16168 414.87927
189.79233 412.07763
209.58357 309.42764
191.88351 292.12212
174.07364 283.01546
157.76341 279.22756
145.14218 280.26686
129.99449 298.83236
80.93436 313.96169
133.30407 324.19423
144.75165 334.81662
161.88603 342.05942
178.97538 345.18267
192.94449 345.85814
202.95018 345.48979
81.23568 307.70521
171.18910 417.44872
202.20923 385.25519
189.98122 422.41799
194.27790 430.15595
189.27718 423.36872
173.16309 421.97897
196.41508 432.89676
196.53662 435.04598
206.42615 334.82383
212.13435 341.27426
215.72459 346.59797
150.23417 303.63433
143.52507 292.12688
236.83287 392.76965
330.16207 378.13103
219.42229 441.00384
396.35378 335.96947
290.40312 378.61467
302.72589 383.85560
315.16905 386.68646
333.60583 383.46517
280.69933 371.55456
322.93547 348.32124
307.47462 345.06474
336.04319 354.47369
342.86135 361.71591
340.91025 394.09612
215.51516 541.60470
335.87267 375.63902
377.32409 391.67923
358.15123 387.81531
278.12018 434.90069
209.41008 470.78820
203.37029 481.24386
222.78983 479.09341
231.00245 485.32620
215.27563 484.98374
224.34737 488.09501
242.84125 505.93387
220.11248 436.73944
226.67464 425.59873
366.79655 354.12022
265.08833 393.96628
251.69062 438.61984
255.15017 431.14324
315.95721 443.48773
232.33385 408.30891
342.82988 333.20195
358.82185 342.28434
395.44855 313.01888
280.71272 327.09070
292.59684 346.36958
256.82124 497.42427
314.70042 494.42256
239.20260 442.43221
227.47057 443.04034
241.92458 493.86947
238.54205 493.12261
368.89208 335.26028
249.97263 442.91938
317.77625 327.29115
323.85352 317.53169
358.11392 271.59176
382.70522 325.05471
340.88038 295.01311
375.73153 349.70610
386.13066 344.34183
206.49126 476.76755
218.99634 482.35944
227.83896 486.81303
235.32156 443.44042
240.19068 493.50029
233.35879 494.91566
236.80792 492.70374
234.51384 438.28594
221.57217 488.94963
212.22945 486.52406
201.00251 483.72183
192.65799 517.72495
197.17961 505.87651
199.21809 498.19978
200.65009 490.37272
201.14327 483.84228
221.85622 488.64360
223.79828 492.22435
225.45893 496.68038
226.27753 501.33738
249.42892 476.05835
352.38409 438.13492
228.61636 490.45454
231.08279 492.62218
221.38998 446.57281
242.78620 447.95142
224.29163 444.87401
275.23569 405.11427
292.72730 420.62913
254.99636 436.34728
384.25017 291.55010
369.06180 308.33897
351.17571 324.02770
228.53327 512.33120
290.98185 311.52447
308.67133 284.14173
325.65733 254.99067
326.09770 386.95509
350.60969 406.47891
274.71533 365.88567
353.32262 369.47692
259.43621 383.58291
245.67767 433.29768
358.09904 416.97474
339.22957 414.05781
321.77996 414.82944
298.48013 405.57409
282.48827 394.61336
271.14306 384.46746
248.72969 363.27876
344.93983 442.71847
363.61224 369.87378
213.39617 440.34961
258.83173 407.37659
380.27953 385.85496
263.64191 374.70986
255.88099 435.85554
341.75677 377.02794
249.52734 424.11229
335.63818 466.05936
276.08324 361.22797
241.78919 415.20281
277.77491 523.85789
271.03445 532.34651
353.10473 442.77017
298.87816 510.40998
382.79494 366.17239
212.98396 552.27485
211.01809 441.59684
266.55363 419.72894
367.34312 392.33243
316.68127 379.57756
305.53702 377.43020
235.17760 497.34535
331.61845 465.43732
184.50980 560.08291
227.08308 551.92517
246.86121 544.26749
295.04633 372.89306
285.52302 367.14893
279.13309 363.55891
372.62663 368.66852
290.39992 357.38097
302.65814 358.43411
314.07030 361.69930
324.44094 366.50057
330.27914 370.60467
391.33509 358.88884
324.52231 379.29902
239.91866 467.03660
239.90080 441.00892
218.16046 457.81775
255.27010 535.50613
234.76138 543.92715
187.88683 555.30257
292.65784 516.66569
280.86939 359.16191
249.11856 387.37184
206.69405 558.21905
337.18771 467.58880
212.56911 486.42936
213.65515 491.87461
213.86046 498.22005
212.99780 505.37814
211.99908 516.89280
231.61974 490.56565
234.58491 490.36442
237.21487 489.96344
255.50162 486.61398
313.46812 470.39334
254.21267 372.60152
271.27318 348.51153
277.74184 352.76311
228.52137 490.69491
302.08685 496.40428
260.64871 344.86743
214.39730 528.82427
242.65597 378.92198
250.15356 410.30486
191.86915 530.49771
251.74384 513.75114
262.51353 448.55402
233.81186 522.98300
291.98492 455.45352
269.06184 464.18231
293.97185 476.53491
190.59828 544.96671
254.84988 418.33958
257.90625 524.33438
236.65205 533.41600
267.92876 502.26049
319.14759 483.66564
281.90268 506.94987
320.26968 490.12894
272.39184 481.48918
253.87015 397.08721
239.33684 437.77469
245.96194 441.76099
237.10432 429.30468
286.44232 339.86198
311.25025 338.33531
330.93192 342.81741
345.28990 350.02519
353.12991 358.62974
348.86103 381.90516
366.71954 417.66527
332.26000 398.27052
318.16237 398.67317
301.31392 393.71857
286.33692 385.62714
275.36192 377.21616
268.29256 370.25712
366.68978 411.47786
244.37064 443.96474
244.57491 400.69081
229.95440 436.98026
220.84547 439.92456
229.12493 438.05079
239.52292 445.96146
217.77159 440.71596
215.54549 441.95199
271.65358 360.27299
264.23495 361.18323
259.70744 362.53989
333.48383 373.35249
345.79195 368.87117
172.34862 314.41739
185.24931 319.22901
177.20663 302.88136
159.26899 309.54145
167.42251 325.99179
308.29905 367.44041
322.19687 372.26465
312.77941 355.85584
294.36793 362.52070
303.78664 379.07828
