190.70814 420.13817
186.81017 387.68516
187.60622 397.38714
175.78252 342.86870
186.38090 373.98896
186.01789 355.74321
185.27757 312.28434
99.35974 311.85233
183.84580 285.12401
183.03053 268.47371
181.06752 198.03739
191.03510 423.47649
191.30426 426.34521
191.55328 427.94984
193.27127 440.96072
193.85835 445.85159
194.33248 451.96278
194.80650 458.74834
191.44937 470.94599
187.15463 393.92490
174.46920 392.36843
56.89294 263.75954
136.23048 319.86375
123.85748 322.27851
111.92003 322.36650
95.48036 315.58854
146.56124 315.60145
113.28233 287.10728
128.02381 287.39699
100.49905 290.09306
92.73504 295.17863
87.65764 322.99607
147.67171 494.88168
94.59362 308.22150
55.95974 319.68463
73.70374 314.48747
126.86195 371.78760
173.34299 418.29427
175.63049 426.40296
157.59924 422.73775
147.04469 427.04823
162.46069 427.70406
152.34794 429.71527
133.74225 445.28575
176.27674 387.41486
174.66884 374.11604
75.85008 285.88960
151.09796 340.22960
146.96510 379.72009
146.67144 372.26660
91.67595 370.37255
175.14612 357.32018
101.66795 271.94396
85.63804 277.23413
65.61111 240.65539
157.73410 278.94198
141.19419 291.53408
122.80965 432.59422
72.99650 439.48600
155.85281 387.30053
166.25738 391.04955
134.00438 433.97367
137.55828 433.94741
79.03205 269.85756
146.36463 383.85889
125.04537 271.47593
121.98877 262.22743
111.42479 207.89918
74.50340 255.25113
120.09752 234.90994
69.33691 280.41812
64.47820 273.46300
174.21480 423.02768
159.95014 425.57042
149.55324 428.53061
158.71749 389.00558
135.79910 433.96299
143.08647 437.98160
139.38425 433.94310
162.06649 385.61995
154.89997 430.39260
164.81302 428.81643
177.17224 428.10498
174.91483 470.72378
177.03966 457.74669
177.45079 450.99538
177.99615 444.91934
178.74683 440.40080
156.20695 437.39194
154.01815 439.15660
151.42704 442.14892
149.47198 445.75419
135.38173 414.41683
58.69413 376.61892
187.33728 395.93173
148.58478 435.94774
145.85250 436.71571
170.83313 395.80801
150.82891 390.22242
168.62934 393.52527
138.65858 347.32122
119.33832 355.68047
144.60739 376.99898
82.92631 221.48198
92.26921 241.85746
96.85131 263.09154
144.71891 455.50690
152.15923 263.49809
148.97634 232.14483
143.10146 200.64714
101.65514 320.31461
76.64545 331.23530
153.05130 311.84937
82.35462 300.29583
159.29548 332.23469
154.68998 376.98328
65.43550 342.19632
85.14028 340.03567
100.58460 344.44539
123.06017 341.70966
139.60426 335.78477
151.84389 329.50824
174.07426 315.73502
67.21002 367.83819
73.75438 298.76288
180.54029 393.46090
151.52740 352.70419
53.58137 318.63020
160.86195 322.83269
143.86289 376.93377
89.86292 308.48285
154.55076 367.77021
64.05500 407.61897
152.53500 307.57819
164.76993 361.47034
96.19253 466.69866
99.55944 482.89279
59.07699 373.52541
81.41431 450.42130
60.05380 294.43196
146.11801 509.15292
181.96313 395.46007
140.82735 361.48560
65.13486 316.02541
111.96375 315.97101
122.87426 315.99763
140.79856 439.67558
69.34503 393.90604
169.01895 525.95814
133.06619 510.93689
117.59195 499.49105
182.03191 231.18560
193.70924 527.07012
133.49695 313.82012
143.36559 310.59873
149.65744 308.80700
66.33197 295.96327
140.05298 301.16303
128.55945 299.29911
117.57759 299.62719
107.04725 301.81915
100.73320 304.56872
53.68539 288.15163
104.53928 314.17813
188.13940 406.04087
147.64333 408.21056
155.83622 386.03644
170.54210 405.98396
184.75229 298.04139
113.04470 483.34874
128.94769 496.63784
167.76239 516.78537
85.45854 464.49994
148.52436 304.82241
166.84829 336.34910
193.19677 517.73294
149.64553 520.30066
63.58602 401.80751
166.44203 438.94687
164.57973 442.25681
162.85064 446.96717
161.75596 452.84745
158.04441 464.54880
144.28758 431.83346
141.52498 431.28623
139.29000 430.52186
126.09050 422.35486
82.68964 399.00760
166.92348 323.13908
160.43674 298.33181
153.15361 300.11707
147.02003 432.13981
83.06850 430.48111
170.78443 297.93308
152.64246 479.40377
185.80686 340.71668
174.89355 329.80706
185.58073 326.83592
158.48335 356.26675
192.62125 503.88373
192.02913 486.44753
171.83563 486.22628
124.27232 453.63345
134.76942 387.13908
137.72245 468.46757
107.47205 386.73765
123.83167 399.89099
97.60267 407.09433
168.62156 503.21612
151.17818 362.50585
115.38221 466.45700
131.65399 481.64492
112.74978 437.32525
72.86552 415.97729
98.59647 442.43834
70.07196 427.64111
114.08136 414.71114
159.51795 344.41854
158.33372 383.39367
150.54453 384.51035
163.99843 375.46253
148.94292 288.10348
126.99962 281.74221
108.60519 281.73773
94.37555 285.38907
85.46552 291.30134
82.98891 311.35939
56.13878 346.42682
94.40433 328.26777
107.10413 331.60313
123.13758 330.90201
138.21706 326.95356
149.92134 321.92111
157.79001 317.57989
55.69601 347.43278
150.78182 386.68023
166.81705 348.55989
167.19167 385.24916
173.72636 391.01080
167.01372 386.90567
154.15805 389.59762
176.36903 392.48777
177.66679 394.39766
156.88747 307.81640
163.50828 310.70398
167.21462 313.20809
97.18462 306.57674
88.40803 300.87734
196.10220 342.07266
271.61718 304.19828
200.04514 391.88235
313.11048 253.88733
236.41092 314.67728
248.98111 315.67725
260.94122 315.02924
276.35641 308.30930
225.61834 311.80109
256.67932 282.81077
241.87891 283.85406
269.80329 284.84032
277.72626 289.15315
286.11845 315.17742
237.42841 491.93378
276.11505 301.17571
318.76226 310.12923
299.51112 306.44603
249.14247 367.59054
207.52546 416.08975
206.41126 424.50820
223.65087 418.36772
234.31505 421.54498
219.34869 424.10027
229.35037 424.92373
248.29080 441.77858
197.37089 386.86692
198.21294 373.33539
295.50134 279.51538
222.32416 337.46867
227.89629 377.51171
228.00558 369.83240
285.13254 363.60392
197.08044 356.44918
267.39248 268.26523
284.59146 271.92786
301.84366 231.44197
210.79012 279.48120
228.84946 288.59603
258.40040 428.65517
311.06668 431.09079
219.37330 385.78043
209.10749 390.20350
247.49315 427.63274
244.14255 427.87819
290.94041 263.74753
229.16647 381.74482
243.10217 269.76258
245.45793 259.81605
251.96230 202.36947
293.49496 246.28558
244.47935 229.40807
301.70896 273.26335
305.73339 264.08968
207.27724 420.98004
221.52536 421.64341
231.94887 423.34794
216.67684 387.70164
245.80240 427.76419
240.36520 432.99437
242.36311 428.05193
212.14075 384.40420
227.04164 425.86164
217.26335 425.46588
205.37603 426.35429
208.30606 469.71183
211.56946 456.66851
210.25911 449.76843
208.66644 443.62106
206.89512 439.09558
227.71787 433.69906
230.52019 435.49828
233.71320 438.51113
236.29568 442.26376
243.59872 411.41190
320.58324 367.23450
234.39058 431.34712
237.44661 431.87872
204.97514 395.15835
225.46888 388.44972
206.94536 392.79400
235.42078 343.76358
255.76974 350.78806
230.79931 374.59491
282.38390 213.63214
273.85130 234.07930
271.56705 258.37525
237.91673 452.56968
215.02500 263.32184
215.04457 229.30778
219.30830 197.67514
270.72603 312.73537
298.69127 322.88406
218.66090 309.03672
289.04447 293.49289
213.40406 330.00691
219.24821 375.11839
310.32877 333.21001
291.12146 331.81640
276.22766 337.12292
252.97121 336.34797
235.33723 331.90784
222.24176 326.77351
196.94849 314.80126
310.34925 359.22385
298.21416 291.47180
193.76875 393.15532
222.45679 350.17201
321.49728 308.51379
212.53877 320.84846
231.91030 374.46738
281.31124 301.52680
219.20850 365.71021
317.66168 398.56748
218.49794 304.68942
208.04742 359.91960
288.48772 460.41939
287.07300 476.37129
319.48392 364.22615
302.33438 443.03263
312.37062 284.97534
239.90709 506.11735
192.66954 395.23399
234.04382 358.34639
308.72465 307.86198
259.82565 308.02021
249.23322 308.81502
242.89915 434.63549
310.19876 385.58512
218.46338 524.29931
254.19389 506.61624
269.66070 494.20609
238.53941 307.85190
228.30038 306.10813
221.64861 305.43128
305.53026 287.98159
230.72664 297.06282
242.00021 294.24535
253.07970 293.81971
263.63824 295.45421
269.95309 297.91384
318.67220 278.04626
266.80803 306.19381
230.50130 405.93794
218.99805 384.52174
206.47455 405.16263
272.26926 478.25536
256.63984 492.53844
218.69318 515.15107
300.25659 456.90746
222.43139 301.50031
205.34502 334.81338
237.72070 517.14747
316.90351 392.86925
218.32903 436.36455
221.09907 439.74652
223.71278 444.59747
225.87720 450.75746
224.94360 462.34048
237.52077 426.21988
239.98170 425.39191
242.13342 424.42439
253.93800 418.83430
296.64529 391.82647
204.83335 321.59364
210.05403 296.69657
217.37722 297.65502
235.00513 426.85524
298.89921 423.34678
199.99971 297.60639
231.52418 476.76666
196.60024 328.89786
214.97980 354.31200
212.46381 484.89331
258.60559 449.36526
242.08467 383.86668
245.97761 464.85244
270.14192 381.30110
254.53836 395.83421
281.97134 401.19609
216.80067 501.70728
223.17113 360.11323
268.64606 461.48882
252.93710 477.65804
269.07030 432.54015
308.36153 407.97174
283.92210 436.47495
312.21498 419.24635
265.94663 410.23200
213.50122 342.40566
215.78741 381.86146
224.39336 382.62872
209.22834 374.08746
220.44023 286.47910
242.16055 279.00268
261.03666 277.63839
275.92176 280.03561
285.43993 285.15858
289.16406 304.04424
320.47578 336.92536
279.71490 320.71946
267.50795 324.58847
251.13294 325.05076
235.37065 322.53368
223.08485 318.84437
214.70171 315.25004
321.51662 337.65133
224.59306 384.85004
205.69086 347.05301
206.47581 384.24069
200.53758 390.49215
206.99171 386.04474
221.65559 387.99859
197.91071 391.99860
196.89241 393.97016
214.30608 305.47599
208.23831 308.96131
205.08810 311.85088
273.49630 299.74824
282.32416 294.32935
117.99032 306.91537
131.45601 305.62649
116.51031 295.47651
104.40046 308.12706
119.42690 318.30788
249.55377 300.05034
262.77170 299.66935
249.38074 289.56523
236.29293 300.34475
249.75862 310.56539
