153.51474 316.81041
150.10062 289.94247
150.68581 299.19062
142.31097 258.60536
149.92959 280.10370
149.90155 267.36717
149.97416 236.64631
86.71632 237.06132
149.40076 216.56425
149.02900 203.85058
148.23535 149.10661
153.61562 320.47324
153.59341 324.03287
153.52452 326.29571
153.45523 326.47866
153.65510 330.43664
153.78178 335.14984
153.84747 340.31918
152.07358 355.25990
150.34232 294.95391
141.77802 294.65129
48.92358 200.05868
111.03679 243.93810
102.10015 245.14838
93.52200 244.92056
82.55364 240.67387
118.82684 241.24403
97.63924 219.76378
107.88159 220.27516
88.32164 221.68905
82.39434 225.29954
74.16026 246.48579
118.52935 374.13021
83.55826 235.13232
46.02050 242.87466
63.16478 241.02606
104.20220 282.75722
140.44610 314.62495
141.98951 323.56295
128.06296 317.64379
119.84376 320.93338
131.94857 323.69659
124.05925 324.39002
109.00363 340.03472
142.44870 289.86194
141.16101 280.50661
68.46865 219.32437
123.10887 258.69594
120.51965 287.18814
119.98029 282.03862
76.03932 282.24693
141.56888 268.68399
90.67838 208.99121
77.60310 212.61142
57.31398 182.06115
130.98166 216.39585
116.93238 223.51789
101.25180 331.22978
59.88084 335.47582
127.62151 292.49486
135.31268 295.31356
109.85009 326.29990
112.26954 326.22265
72.24446 207.03479
119.88616 291.10646
108.44081 209.74296
106.60283 202.30801
94.13111 156.89252
64.44520 193.18583
100.63176 177.71011
62.70158 215.57561
55.29771 207.28829
141.01590 319.60678
130.01332 320.95205
121.87383 322.72082
129.71474 294.13566
111.09320 326.26263
116.40899 327.94701
113.60478 326.20694
132.51225 289.69129
125.79760 325.57667
133.65260 325.45906
143.03630 325.87974
139.99377 355.32704
141.66318 339.61803
141.91317 334.38502
142.40098 329.77578
143.05844 326.05554
125.80750 325.67039
124.32212 327.39488
122.68624 329.83488
121.37200 332.83749
111.31264 315.69155
47.23597 287.50061
150.51181 296.94947
119.90269 325.90838
118.22230 326.79615
138.42799 299.01340
123.21353 296.59091
136.94175 297.21553
113.19371 264.37879
97.99052 270.82916
118.28736 286.16879
71.67992 167.31632
78.92993 182.82500
87.33527 201.93735
117.58996 346.12614
127.79946 204.33846
122.92640 175.51415
118.77482 151.22618
86.54706 243.60143
64.05473 252.97826
124.00866 238.69453
72.91795 229.79612
129.68127 252.33273
126.47515 283.88844
53.67545 260.37807
70.67862 259.00628
82.67358 261.89244
100.01693 260.11163
112.73921 256.01564
122.34841 251.35799
141.28043 239.44229
55.35435 280.32965
65.15765 229.16739
145.72377 294.72197
123.50741 267.77936
43.38893 242.60648
129.52117 246.18472
117.50504 286.67206
79.10554 235.70647
126.04491 277.67181
52.14223 311.39439
124.11435 235.55139
133.77282 272.24832
79.92230 354.47861
82.05045 366.98056
48.18120 284.49156
67.82195 342.55705
50.32719 223.46980
117.10398 384.42320
146.78841 296.66269
115.16124 274.91993
55.03564 242.89017
94.80071 239.44255
102.10942 239.86425
114.84704 329.45083
57.59213 300.16490
134.08610 396.96827
107.53707 386.84465
96.00772 378.91930
148.46549 174.59175
152.62868 397.95473
109.57440 238.91739
116.76204 237.24298
121.59682 236.34505
58.26962 227.59205
115.68131 230.38140
107.85476 228.78907
100.42336 228.83214
93.09571 230.33537
88.48368 232.29096
44.73080 218.99053
90.00169 238.29085
151.04710 306.26154
120.16843 310.18682
127.67867 291.05541
138.01257 306.91815
149.76674 226.38326
92.57088 366.66796
104.46793 375.78260
133.14265 389.91389
70.50542 353.91045
121.43803 233.26357
135.58568 254.57175
152.42125 390.58717
119.85411 393.05092
52.17759 306.11967
133.71674 325.60930
132.36954 328.50364
131.36967 332.18134
130.69258 336.89357
127.62894 351.58665
117.71436 325.23845
115.67347 324.54058
113.96619 323.70625
104.25868 322.76576
69.18317 303.96909
135.68215 245.19988
130.48310 229.00710
125.01935 230.01628
119.91957 325.86268
69.89722 327.67986
138.20237 228.70126
122.83376 362.80848
149.97857 256.88339
141.76732 249.37466
150.01159 247.02923
128.99880 269.59989
152.32615 380.22691
152.19312 367.09643
137.06574 367.20135
101.52743 345.83074
110.37818 294.73382
111.50714 355.78609
89.24563 294.26177
102.09746 304.56905
81.60430 310.18205
134.09589 379.96388
123.19859 274.89026
94.52794 354.65126
106.61193 365.01390
93.26463 334.01243
60.93152 316.89049
82.33426 336.87490
57.87595 325.61001
94.87206 316.78312
129.79731 261.07117
129.52334 288.09786
123.51050 290.32066
133.44186 281.78319
123.39703 221.84663
108.22818 216.54127
95.01832 215.77066
84.08000 218.12201
76.55911 222.64544
72.00173 238.36835
45.71889 263.56498
79.38100 250.08508
88.54131 252.28226
100.59531 252.01196
112.01291 249.53701
121.05815 246.09434
127.24986 242.85728
44.68880 264.93709
123.51680 292.60648
135.35554 263.21248
136.11634 288.58349
141.26509 293.23296
136.25596 290.18477
126.01115 295.36300
142.92512 294.07554
143.85833 296.06151
127.28162 235.72784
131.91287 237.76808
134.69453 239.09931
85.78133 233.78892
78.58701 229.79992
157.93536 258.10486
217.31297 232.42119
159.46481 294.11770
251.58952 193.11477
191.97718 241.43000
201.53117 241.85769
210.52743 240.95029
221.66024 235.66565
183.53545 239.39156
204.22345 216.03626
193.28273 217.27570
214.30901 217.20160
220.85561 220.26016
230.26517 240.76020
187.37586 372.06686
220.41455 230.08149
257.49535 236.60608
240.57687 234.10692
198.83460 279.87730
166.30917 314.27019
165.09970 323.28647
178.76847 316.83089
186.76915 319.80885
174.91204 323.07822
182.59675 323.39822
196.72334 337.90796
157.94926 289.45034
158.99737 280.00353
234.31271 213.01594
178.68047 256.81650
181.42888 285.65278
182.01001 280.35713
227.73705 277.76277
158.42694 268.12999
210.68547 204.94254
224.57539 207.32389
242.09950 175.35696
168.49322 215.35011
183.90549 221.21777
204.62313 328.83201
250.33845 330.19846
174.25441 291.36898
166.46848 294.52383
196.26065 324.53923
193.74598 324.52945
229.48754 200.85968
182.31522 289.62434
192.00963 207.07753
193.19701 199.13712
203.15869 152.84114
234.85184 186.51724
196.59499 173.85069
239.49380 208.33190
245.19410 200.49829
166.03972 319.27996
176.90125 320.28958
184.79401 321.68165
172.12226 293.15398
194.98618 324.53473
190.03054 326.49218
192.41835 324.53988
168.86945 288.71288
180.67740 324.56305
173.07189 324.86844
163.99821 325.60679
164.86018 354.72477
165.98473 339.32327
165.49733 334.05794
164.76582 329.45089
163.82838 325.75440
180.52005 324.64983
182.31459 326.35790
184.10645 328.73835
185.51848 331.68895
193.51390 313.71073
260.36782 281.34372
186.22418 324.55442
188.11412 325.41844
163.36278 298.40939
179.18504 295.34646
164.81852 296.54894
188.79756 261.90603
204.61346 267.50719
184.01175 284.45956
226.76465 161.56130
219.31466 177.16030
213.45574 197.07416
188.24755 344.21652
170.72087 202.72141
173.95789 173.51531
177.89105 149.09389
217.68113 239.05270
240.90909 246.68812
177.89998 237.36001
230.55585 223.73617
171.86076 250.87249
174.87588 282.59255
249.99512 254.52418
235.02019 253.51796
223.30579 257.60707
205.15076 257.31604
191.39685 254.12281
180.90497 250.20720
159.07885 238.80249
249.57547 274.71696
237.98489 222.33342
155.09654 294.43764
178.37880 266.03317
260.48501 236.00052
172.98543 245.53288
184.90462 284.91751
225.02171 230.30203
175.30497 276.28078
257.01024 305.52737
177.31301 234.07841
166.84476 271.23355
228.52441 350.36157
227.45404 362.78298
258.46707 278.44635
241.28228 337.93442
251.34530 216.95737
188.77759 382.23329
154.24435 296.45200
187.04999 272.71625
248.59666 235.54238
208.99266 235.60920
201.19099 236.54138
191.68690 327.94057
248.75081 294.80489
171.50096 395.85617
199.50951 383.65162
212.21818 375.19500
193.13962 236.15547
185.31878 235.08546
180.07041 234.71609
244.14067 219.85802
185.96503 227.72003
194.06390 225.22223
202.16374 224.61261
210.13284 225.64580
215.12532 227.41612
256.98998 212.11356
213.97965 233.99672
183.64657 308.67013
174.05436 289.91627
164.80342 306.32180
214.93523 363.11335
202.10246 372.80425
172.40487 388.77488
239.81629 349.10056
180.04906 231.41452
165.35325 253.57139
186.32798 390.73832
255.85885 300.39066
172.92952 324.97111
174.53982 327.82741
175.80474 331.48553
176.76535 336.18450
177.75767 350.14141
188.63728 323.82199
190.71221 323.09161
192.50510 322.21060
201.23946 320.48946
236.56468 299.28821
165.24213 244.18607
170.14386 227.72698
175.94207 228.43425
186.31545 324.48780
237.63745 323.10590
162.07681 228.21596
182.98510 361.04433
158.58321 248.79260
172.46695 268.29724
168.13891 366.34223
204.90712 343.04371
192.89878 292.44375
194.64188 353.37377
214.93752 290.63757
202.48063 301.83545
223.97103 306.23187
171.37708 378.92529
178.67955 273.21778
212.33823 351.21895
199.70938 362.19783
213.13908 330.98754
246.60332 311.77529
224.77109 332.99572
251.15727 320.36393
210.83195 313.76873
171.59291 259.72957
171.83209 286.97005
178.38939 288.98177
167.22201 280.81933
176.93833 220.05874
192.57680 213.75643
206.74533 212.01346
218.50362 213.37740
226.62434 217.13434
231.84834 232.24088
259.33156 257.34108
225.40807 245.06707
216.12473 248.10258
203.56318 248.85826
191.35205 247.26406
181.65301 244.55821
174.87977 241.72270
261.15105 258.53397
178.49839 291.32881
165.32080 262.24437
164.73018 287.78353
159.84263 292.69989
164.88725 289.44223
176.14932 294.20776
158.04311 293.63922
157.26525 295.65133
174.12600 234.56532
169.46551 236.88559
166.82805 238.66640
218.04711 228.82209
225.05318 224.33272
101.33065 233.33232
110.78833 233.05777
100.90607 225.30385
91.77003 233.55538
101.71832 241.35185
201.33782 229.48494
211.14632 228.98341
200.74405 221.17374
191.49304 229.92789
201.95409 237.77091
