156.82475 399.73971
158.34338 354.35226
159.22749 363.30709
151.77584 312.50522
158.52454 342.35889
159.57305 325.47767
163.17851 283.56524
89.91446 272.59019
165.35523 254.83112
166.04571 239.49573
169.03989 177.48794
156.86137 402.52744
157.18032 404.93055
157.75744 406.65105
157.46894 407.01502
157.13013 411.81589
156.88020 417.44126
156.94720 423.03849
159.86321 432.45845
158.58714 359.60883
148.66254 357.68243
57.37679 223.17456
120.35197 283.58346
109.71972 284.34863
99.36494 283.90362
85.68009 276.39209
129.40041 281.60820
104.38111 250.94006
116.95622 253.28131
93.07160 252.13206
85.81879 256.26307
77.28488 283.67966
121.41541 445.36183
86.11623 269.09097
50.71914 274.59972
66.71346 274.39910
108.60158 335.38980
144.94029 396.79734
146.45703 403.25891
135.60981 397.42717
128.96703 397.81457
138.16836 401.80846
131.75532 400.63700
110.83323 405.96619
149.42323 353.52921
148.26978 341.88809
72.82758 245.67873
131.95250 306.43334
126.41528 345.48568
126.47090 338.45717
78.05318 331.32078
149.80866 326.20570
96.05164 236.41197
82.04247 238.55286
66.66756 204.32125
142.07898 251.77131
127.62584 259.02573
102.78008 393.79988
62.53287 380.22136
134.09861 352.59832
142.37498 356.74609
119.27165 397.96919
121.42411 398.62895
77.94938 230.90499
126.17804 349.65505
115.51112 240.16675
114.05532 231.13477
107.25163 181.12511
71.95840 218.71100
112.28257 205.77315
68.13882 239.95738
61.88147 233.50074
145.40950 400.48939
136.74477 399.71557
130.16311 399.20361
136.56298 354.61120
120.35300 398.30335
124.35311 402.01503
122.56200 398.98809
138.56725 350.65747
133.36711 401.96334
139.74536 403.51596
147.77716 405.19776
145.12082 431.24540
144.36070 421.18043
144.70631 415.53182
145.77702 410.07029
147.33874 405.57003
132.90362 401.83131
130.77588 403.60930
128.73608 406.08502
127.14873 408.98811
114.70591 377.72394
52.20200 322.13733
158.93864 361.45266
128.31414 400.46500
126.24871 401.12836
145.63975 361.46248
129.88896 356.00632
144.07145 359.16069
120.69283 312.37381
102.86368 319.45780
124.77299 342.84493
82.32772 189.89684
87.92931 208.85862
93.37167 227.53165
119.74440 415.77238
138.92070 237.11460
137.83213 206.02456
135.18803 177.48569
90.53885 281.19596
66.49768 291.18318
135.20726 279.42847
76.31545 260.53422
139.44260 299.60056
132.35591 342.81082
55.94559 298.86004
72.58662 300.31761
85.49310 305.98511
106.00817 305.01826
121.29685 300.81273
132.35333 296.38661
153.08167 285.92535
56.73873 323.45771
69.07100 258.69926
153.13329 358.91804
131.82410 318.88388
50.41850 270.33269
140.65676 291.35872
124.34155 342.54882
81.76226 269.16033
132.77345 334.32652
55.87287 350.45096
135.00951 275.36444
141.02137 329.14121
81.25569 412.62499
83.76567 423.47893
50.23310 323.59653
69.13033 395.70699
56.01901 252.14165
120.38831 455.06580
154.53639 360.77144
121.99145 326.55586
59.14067 275.49785
100.38077 276.74447
109.52449 277.51221
122.79328 403.18398
58.81480 346.61040
139.66903 470.24856
110.90287 451.94526
98.58508 440.19622
167.48097 207.15373
161.04464 473.64643
118.51331 276.92243
127.06101 275.86375
132.56539 275.67604
63.12505 255.50340
125.15071 267.66514
115.71076 264.11600
106.32363 263.03298
97.18392 264.03006
91.59966 266.11500
52.50150 244.03564
94.16875 274.86919
159.12312 372.66075
125.24031 372.73832
133.97153 351.15214
144.40991 372.08094
164.54253 268.15627
94.48643 429.11936
107.17107 441.94787
137.77217 464.88848
72.28272 404.73962
131.91434 272.37052
145.16499 305.03161
160.01159 467.87687
123.88036 462.52715
53.80246 349.13765
139.22305 403.63762
137.00387 406.88698
135.33480 411.03131
134.24876 415.97110
130.80638 424.67298
126.66808 399.58830
125.04422 398.70060
123.86342 397.85525
106.62553 384.86111
70.44406 355.12708
146.44164 291.96997
142.89700 268.59192
136.57122 268.77847
128.54543 400.63063
70.85959 381.47058
151.69637 269.84429
125.87340 434.65454
160.80878 311.20399
152.23241 299.88422
161.94947 297.89158
136.96353 323.30029
159.85766 457.91727
159.93136 444.53669
141.97741 442.77390
102.71743 410.24236
115.15618 351.23193
113.37760 423.86575
91.48694 348.13826
104.95635 362.29511
82.94501 365.45844
138.58544 455.47322
130.99028 328.65831
95.70546 417.93287
108.69811 432.07755
94.04578 395.09043
62.13216 366.10828
82.97271 395.58520
59.32732 373.02194
96.60697 375.74827
138.74978 311.77594
135.32445 348.59287
129.44682 349.83543
139.67458 342.01964
134.18118 257.69437
116.42270 248.59811
100.73010 245.71156
88.22692 247.09928
79.96583 251.80295
75.21401 271.76827
48.89598 298.90758
82.41652 289.20023
93.30237 293.50115
107.68182 293.77506
121.14980 291.50475
131.53617 288.54797
138.60553 285.73229
50.86093 295.83863
129.79134 352.24240
143.89104 316.87039
142.17208 350.84402
147.78580 356.26265
142.38494 352.10313
132.76870 355.36787
149.76889 357.80635
151.12805 359.68028
138.84568 276.38169
144.19682 280.21733
147.10883 283.33659
88.40602 267.79498
81.47593 261.51014
170.31161 312.91586
244.83611 278.12292
169.84177 358.14614
289.04389 228.57456
213.82090 287.78019
224.93855 288.93981
235.58562 288.51878
249.55474 282.29391
204.15030 284.86171
230.36666 255.19840
217.38585 256.58139
242.23223 257.20526
249.80101 261.86925
258.93758 289.47809
201.63226 448.38157
248.91307 275.08175
290.84840 279.71802
271.32552 281.22728
218.40752 338.52193
170.08405 397.51227
169.73397 403.93187
182.46615 399.03952
191.75475 399.75812
180.60197 403.15128
189.47039 402.31424
212.39520 409.09858
167.63055 353.93995
169.28113 342.37189
265.29174 252.40365
196.62450 308.07514
195.00201 347.83359
196.26796 340.86511
252.51653 335.93201
169.74507 326.65197
238.66254 239.93968
254.52719 243.89682
279.32076 209.00066
188.46721 253.16399
206.06587 261.73258
220.99601 397.42157
273.93603 387.04818
186.64937 354.42216
177.66661 358.03581
205.98840 399.80446
203.58960 400.41479
260.35693 236.42337
195.69478 352.16731
216.94983 242.48109
218.66387 233.01694
233.84892 183.64618
269.90136 222.68887
225.37360 207.85536
271.43178 247.28058
280.67025 238.18516
169.97659 401.19853
181.54542 401.18984
190.69154 400.98977
184.11496 356.37389
204.73944 400.12131
198.79933 403.54344
202.38030 400.74180
180.71097 351.81892
188.56974 403.42435
179.71654 404.61519
169.51499 405.79856
175.33042 432.13974
171.00152 421.91653
170.59560 416.20330
170.06116 410.66741
169.33303 406.04517
188.49770 403.13197
190.38375 404.90023
192.12645 407.41213
193.47646 410.35437
207.13115 380.73010
288.60444 328.49854
195.19936 402.02031
196.96427 402.66147
173.95547 362.55299
192.04926 358.47177
175.71917 360.38066
208.21427 314.64424
226.73493 322.65250
198.34992 345.50177
261.68793 193.59053
252.24444 211.99967
242.22640 230.72880
202.68912 418.36308
191.83234 237.94270
198.06348 207.09637
203.91896 178.85117
244.46040 286.50876
270.78101 297.30486
197.75145 282.02447
260.50278 267.02012
188.95009 300.73706
187.97894 344.55607
280.47021 304.08127
263.42469 305.72649
249.30365 310.32565
228.02079 308.67831
212.06481 303.90982
200.02820 298.64913
173.92073 286.29356
277.51157 329.17429
269.08757 265.65490
164.28819 359.14084
194.66052 320.73348
294.73882 276.16192
190.99589 292.62001
199.76172 345.29986
253.93742 275.35253
189.09995 336.12372
282.70215 357.21151
197.68502 277.96015
179.69685 330.20500
249.07059 418.81298
248.16445 430.01034
286.97743 329.46561
263.16119 402.07278
286.08468 257.06573
203.12691 458.63149
163.45380 360.99851
204.70282 329.03615
280.66991 283.06973
234.29868 281.69192
225.02312 282.32571
200.47704 404.71651
274.26768 352.68029
183.24836 472.29852
216.52743 456.87868
231.15653 446.05603
215.68349 281.33204
206.66652 279.59297
200.67124 278.82558
276.61950 263.10251
208.68651 270.68581
218.56442 267.72236
228.09569 267.13206
237.36363 268.72996
243.05707 271.32449
293.58319 249.78550
240.49153 280.03432
195.83548 375.30088
186.39176 352.91648
174.86842 373.19878
233.61049 434.68003
219.01606 446.84241
183.25774 466.71925
261.97032 411.44787
201.20894 274.95454
180.15673 305.88259
200.99957 466.23349
281.64037 355.37878
179.68953 404.56453
181.43681 407.88746
182.62460 412.09598
183.48073 417.08559
190.64725 426.42258
196.84354 401.30307
198.26123 400.45650
199.39191 399.72587
216.06961 388.22009
259.87960 360.55682
181.25989 292.73865
189.18429 269.87397
196.16874 270.84008
195.38728 402.26847
259.79199 387.34764
179.02777 270.31103
196.78237 437.12421
172.14118 300.25092
187.03927 324.83404
178.87070 443.92901
222.04108 414.23863
209.13958 354.29854
210.54337 427.29303
236.08956 352.19798
219.66134 365.77225
244.85436 370.23517
182.09405 456.97659
193.69304 330.72533
231.00192 422.82664
216.44183 436.28459
231.42941 399.47494
270.34322 372.28275
245.22040 400.95101
274.82690 379.39107
228.39009 379.69775
187.23342 313.12910
184.11765 350.02909
191.29481 351.98156
179.15967 343.07056
198.05873 259.79637
216.87110 251.56940
233.56705 249.66232
247.15073 252.20210
256.35241 257.82897
261.39130 278.19248
290.45163 304.29110
252.92428 294.56321
241.62312 297.97556
226.78345 297.94192
212.58426 295.21582
201.43931 291.39741
193.70133 287.67539
292.50882 301.77180
191.28096 354.43140
179.06880 317.77432
175.83293 351.60794
170.33736 356.72653
176.10913 352.92166
188.49210 357.48819
167.95333 358.16581
167.10509 360.03411
193.64766 278.40011
187.64958 281.48596
184.07868 283.86840
246.37048 273.35269
254.36154 267.59726
106.12565 270.21601
117.41273 270.36336
106.79747 260.20624
94.84549 270.04536
105.40450 280.21096
226.01613 274.10614
237.97074 274.29430
226.64418 264.16090
214.20502 273.87314
225.47299 284.13095
