161.60395 361.66566
162.21964 323.84275
162.01393 332.17229
154.41723 286.36536
162.43433 312.97549
162.73983 297.90786
163.70199 260.44904
91.23589 248.64747
164.07942 233.62277
164.34378 219.37754
166.12076 165.25776
161.61785 365.05670
161.63982 368.04580
161.68549 370.07162
161.71478 370.39367
161.76542 374.52417
161.73841 379.35659
161.72754 384.45210
160.95936 399.99709
162.14588 328.68865
152.33229 327.02609
54.30500 206.47896
121.67379 260.23554
111.03445 261.20117
100.85224 260.30751
87.52800 252.08872
130.65655 257.48662
105.11019 226.29333
117.70229 228.06751
93.96999 228.11315
86.99287 232.47883
79.45883 259.07728
123.69511 411.26816
87.59426 244.35337
49.46890 252.05328
67.54015 250.12048
112.17279 307.95198
150.65435 358.98761
151.75041 366.94277
140.78646 361.39162
133.83474 363.35127
143.43222 366.44767
136.71122 366.24194
116.51165 375.74623
153.76434 323.07674
152.59544 312.58233
72.07859 223.93853
133.28257 281.60343
130.76389 316.72071
130.25944 310.56639
82.27413 304.49540
153.48236 298.58248
95.91778 213.80419
81.55327 216.79087
64.19968 189.13967
142.73624 226.84658
128.49310 233.59529
109.47296 364.74089
61.28716 350.45207
138.16771 323.02363
146.07895 326.64729
123.90316 365.56724
125.99319 365.89812
75.82275 209.69767
130.37193 320.76893
115.97692 216.41084
113.78538 207.98352
106.07578 167.78218
71.14361 201.22293
111.52672 189.28566
66.00676 218.63307
60.96752 214.85617
151.00735 363.54728
142.05046 364.08119
135.18681 364.79251
140.48857 324.89331
124.97816 365.73654
129.48662 368.36457
127.11918 366.08203
142.79615 320.86849
137.99290 367.42273
144.65370 368.12111
152.54658 369.08973
147.50546 398.58082
150.57379 382.98323
150.86676 377.86397
151.51649 373.29786
152.49880 369.36235
137.93396 367.34458
136.24693 368.95481
134.56247 371.19898
133.20629 374.00964
120.55199 347.67914
49.58643 296.65464
162.08220 330.35546
132.89948 366.74430
131.18069 367.44764
149.23775 330.95265
133.77300 326.77819
147.72346 328.87800
122.46693 287.07375
105.65126 293.51433
128.57922 314.77033
80.62469 175.68883
87.20299 192.02055
92.07800 205.45848
124.33563 384.29207
138.96633 212.74142
136.65405 190.04919
133.64426 164.81040
92.29824 257.34156
68.79986 266.38574
136.35822 254.84247
77.30705 237.19084
140.51723 275.23233
136.68352 313.97826
57.56176 274.43697
76.13792 275.49678
89.64939 280.88271
109.34708 279.72599
123.71468 275.32014
134.21635 270.57453
154.01360 262.47531
59.61380 297.35251
69.14055 235.60508
156.94071 328.05779
133.84287 292.90981
46.47833 249.25521
142.12633 265.39887
127.78419 314.69598
83.44624 244.76075
136.53446 306.47133
53.86629 322.82591
136.27399 250.81104
144.76191 301.42877
82.89669 380.82313
83.16242 391.11168
50.95984 297.33339
71.04410 364.78305
54.89752 231.68553
121.34031 421.25100
157.93514 329.73915
124.53951 300.00561
59.13858 251.06673
101.47926 254.27061
110.57446 255.40052
127.98412 369.65950
62.27524 318.90942
139.26428 436.93419
109.95321 418.84576
97.54759 407.27664
165.14223 191.64558
160.41479 440.06202
119.69706 254.51861
128.27406 252.64745
133.75040 251.69662
62.03606 232.67971
126.48426 241.11711
116.97897 236.81432
107.43242 235.80791
98.20642 237.43346
92.83789 240.23465
48.85532 225.35551
95.33030 251.68819
161.90962 340.51941
129.95548 342.33235
138.10991 321.59458
148.25584 340.41162
163.96046 246.39988
95.51340 396.32808
107.85351 408.75298
138.71313 430.54247
71.68560 373.44927
133.21304 247.05816
147.01187 279.86381
160.23146 433.77683
123.26086 429.30606
54.97963 321.09936
144.57039 368.20351
142.90733 371.05485
141.72550 374.65800
140.93128 379.22121
134.31854 392.46274
131.28448 366.04476
129.68288 365.29643
128.43210 364.53303
113.33752 355.34558
75.25999 326.61037
147.43164 268.11515
143.56852 243.15938
137.47499 243.60078
132.96190 366.85696
74.88892 351.37692
151.93054 244.17094
128.70287 401.20814
163.07583 285.18678
154.07820 275.01839
163.39037 273.24411
139.69727 296.60688
160.48723 423.49736
160.73191 410.84935
144.16040 408.79694
106.98822 378.83259
119.31620 322.66105
116.75861 391.32031
96.45880 319.75570
110.18661 332.96517
88.62892 336.14408
140.47787 420.67421
133.72437 301.81192
98.55204 385.76917
110.89329 399.07932
99.42848 364.86178
65.56931 337.07945
87.18021 364.86654
60.81429 343.44118
102.82480 346.23480
140.63860 286.19348
139.75861 319.08584
133.81294 320.52902
144.05529 312.88842
135.08129 232.56947
117.20774 224.22872
101.47984 222.29544
89.03393 224.33346
80.89443 229.12342
76.59975 247.56433
48.68681 274.34595
85.22762 264.60814
95.99096 268.94959
109.88821 269.43821
122.94140 266.97131
133.01117 263.49713
139.86515 260.34247
47.37909 272.50874
134.04943 322.87551
146.67381 290.46508
146.63261 320.75471
151.76334 325.67612
146.67004 322.00142
136.77095 325.88459
153.72177 327.04968
154.67243 328.80076
139.95190 251.51171
145.12915 254.69818
148.03423 257.36267
89.87913 242.41519
82.89658 237.67209
171.61112 286.88031
236.65298 255.85969
171.90420 327.56322
274.72382 215.00410
205.92457 265.23929
216.38264 266.69183
226.42689 266.52852
239.97223 259.31916
197.23667 262.27031
225.13908 232.62615
212.26082 233.37236
236.19476 235.39351
242.57370 240.33427
247.36214 266.80085
197.47734 413.43199
240.51262 251.72727
276.76865 260.66752
259.22680 258.63999
212.86736 310.95057
172.67725 359.37771
171.63424 367.44777
182.79617 362.23620
189.73850 364.70484
180.06229 367.42228
186.79714 367.61997
206.03226 377.65856
170.66383 323.63498
172.13783 313.17266
256.94817 233.04905
193.06931 283.34346
193.52318 318.49473
194.29256 312.26771
242.33440 309.41485
171.94071 299.11916
234.90524 222.03383
248.50060 225.59691
265.85659 196.94444
188.27286 230.32543
201.00487 238.32068
213.26103 367.01692
259.47559 356.64926
186.03394 324.36797
178.14186 327.52395
199.49871 367.84251
197.37560 368.00949
254.26224 218.74936
193.67401 322.49931
215.50797 222.83154
217.89154 214.63569
225.43812 172.36992
258.26286 208.21822
218.38329 193.28033
263.07533 227.97101
267.86995 222.82047
172.32203 363.99925
181.46053 365.05136
188.36384 366.17937
183.56133 326.06825
198.40637 367.93360
194.05476 370.30690
196.22868 368.09800
181.57246 322.05215
185.52753 368.68496
178.84819 369.00103
170.97643 369.54569
174.66852 399.31093
173.01594 383.72790
172.65545 378.48478
171.99215 373.82353
171.02283 369.84168
185.54447 368.72674
187.41295 370.46236
189.12899 372.83257
190.49473 375.76271
203.07636 349.66788
273.66146 304.67455
190.53593 368.43261
192.34890 369.27159
174.96080 331.65193
190.00149 328.28748
176.46427 329.67961
203.49567 289.56347
219.92573 297.12453
195.82687 316.59055
250.36610 182.24165
242.60872 197.89198
238.99559 213.84725
198.25279 385.96667
192.78778 216.85363
193.40885 192.07205
198.29147 167.20041
234.99485 264.28045
257.41188 274.69495
191.62643 259.59629
251.15185 245.63223
186.21841 276.54519
187.78969 315.47316
267.60971 281.79011
250.11513 283.21562
236.79409 287.46388
217.23557 284.85294
203.11436 279.59116
192.95601 274.37321
173.31371 263.07967
264.44633 304.01940
258.91861 244.48652
167.35380 328.38355
191.83289 294.46599
279.57405 258.09273
185.43484 268.92522
196.67751 316.57378
244.43634 252.40019
188.29391 307.86749
268.02513 329.96018
191.69430 255.64806
180.40791 302.44380
238.23822 385.22425
237.12379 395.48145
272.71332 304.80143
250.07153 369.83234
272.73849 240.05888
199.15493 423.73850
166.20373 329.99999
200.72620 302.20334
267.38827 260.10190
226.21780 260.71789
217.11346 261.24453
195.60120 371.68674
260.81249 324.91121
181.48342 438.22268
210.74722 421.75864
223.06049 410.89602
208.22472 259.90479
199.77795 257.74566
194.26991 256.68878
265.84686 241.72228
202.28821 245.58186
212.03548 241.28368
222.03819 240.88199
231.21361 243.38426
236.17405 246.89395
278.73337 234.19109
232.42897 258.61659
193.80768 343.89018
186.16165 323.01114
175.80658 341.20518
225.45391 400.24505
212.74376 411.98038
181.79459 431.98140
248.62740 378.58920
195.05611 251.82650
179.37862 280.78705
197.40467 431.50800
267.41150 327.74568
178.95508 369.16454
180.70763 372.11385
181.93752 375.84839
182.83966 380.56101
188.02189 393.63188
192.20150 367.73018
193.78216 367.05304
195.12192 366.34030
209.91970 357.54836
248.05233 331.56091
179.62925 269.08374
185.76546 247.11098
191.50570 248.07033
190.52208 368.44227
247.35138 356.09340
177.27234 247.20403
192.98347 402.88055
172.56155 275.55236
185.76809 297.86656
177.46140 409.71509
215.13729 381.66050
204.99851 325.04501
205.13126 393.59249
227.94701 323.58509
214.02676 335.85185
235.06695 340.25500
180.59261 421.96541
191.44012 303.27846
223.14976 389.30099
210.37369 401.92841
223.07125 368.08320
256.90205 342.55280
234.98592 368.84724
260.70812 349.32748
220.85625 349.33140
185.37693 287.44714
184.63959 320.40336
190.40112 322.18150
180.60234 313.97465
195.02110 236.97744
213.31230 230.13424
229.02950 229.54127
241.06411 232.42035
248.49751 237.61223
250.70118 255.59489
276.23901 282.57771
241.53080 271.89395
230.73547 275.32583
216.99238 274.77245
204.19949 271.54897
194.53289 267.70532
188.00610 264.25477
277.38628 281.03669
189.98775 324.43581
179.12720 291.37712
177.82188 321.73656
172.58604 326.33891
177.82738 323.01105
187.13383 327.21300
170.58287 327.56164
169.47737 329.19993
188.27480 256.09800
183.21091 258.43683
180.05886 260.74673
238.65913 249.48982
245.73158 245.66774
109.45522 245.39122
120.21828 245.35456
109.47811 235.20284
98.52497 245.41340
109.34439 255.60445
216.49284 250.85749
227.41497 251.51809
216.80298 241.17225
205.60219 250.12698
216.27323 260.66086
