150.72894 319.84556
158.46841 283.05271
156.33254 294.00874
149.33968 255.65163
158.64247 273.66298
157.69307 262.66195
155.45792 235.94103
89.24893 237.45187
155.15471 215.15405
155.67851 202.87100
155.71582 150.41720
150.83474 323.34585
150.88813 326.45004
150.97029 328.49324
150.75137 328.90626
150.98002 333.41198
151.15752 338.90538
151.37971 344.68460
155.16204 358.53484
157.76631 288.64959
148.56881 289.98759
49.83125 198.75696
115.58636 243.62862
106.58187 245.03726
97.56181 245.20093
85.08941 240.87326
122.94680 241.14157
99.70271 217.38326
110.52075 218.08055
89.87321 219.69628
83.73626 224.06270
76.99220 247.12263
120.13167 376.39468
85.68473 235.01348
44.73176 243.66135
65.12318 241.37421
109.16783 281.24969
139.35059 317.48088
140.70380 325.66083
128.86168 320.28375
121.43212 323.09292
131.98169 325.56517
124.86495 326.00336
108.39278 340.34264
151.02523 283.49322
149.85856 274.62883
68.97275 216.85311
127.82885 257.35723
126.16362 283.57163
125.03472 278.95904
80.62175 282.82908
149.56427 264.22898
91.53117 206.59981
78.06817 209.75885
62.25438 181.26056
133.86206 214.67299
119.99125 221.97917
100.59329 330.36856
54.53059 335.89672
133.33764 288.63134
141.28327 291.26166
111.64931 327.31109
113.84932 327.27653
72.20811 204.06281
125.12278 287.70070
109.83800 207.92625
107.73789 200.67717
104.45344 157.65913
70.17409 192.43733
110.98779 177.34633
62.55296 213.16898
57.02958 206.89718
139.86546 322.21462
130.42432 323.17081
123.09209 324.59796
135.52655 290.32905
112.77203 327.29191
117.33142 329.59601
115.00363 327.30852
139.04641 285.17339
126.24614 327.04987
133.28814 327.13272
141.53138 327.73248
141.85227 358.57121
139.79234 343.84872
139.90226 337.98459
140.44356 332.57636
141.32928 328.22423
126.11848 327.31045
124.41428 329.37985
122.67375 332.17448
121.30320 335.59255
113.61741 312.80264
41.77901 287.65429
157.15531 291.38735
120.86512 327.32036
119.14519 328.31049
144.10893 294.83030
127.96241 293.09204
142.83812 293.12213
118.00135 263.09483
103.17639 270.09420
122.93055 283.22749
80.04697 167.37572
87.89269 182.44847
87.66335 199.55344
117.38526 348.06032
130.14079 203.24475
132.66209 175.47823
128.49942 152.42358
89.72993 244.00707
67.15096 254.27295
127.72935 238.81435
74.43707 229.01453
134.50036 251.14616
132.98745 279.65775
55.25597 261.48238
74.43438 260.15755
87.18270 262.50749
105.52071 259.58054
118.53419 254.94340
127.91131 250.28350
146.92653 238.65857
56.87194 281.66844
66.37048 228.30572
153.34191 288.76398
128.41182 265.88385
40.57286 241.67509
134.89232 245.38507
121.78260 284.14458
80.83718 235.55888
132.04320 274.03647
46.37301 311.45776
127.43695 235.83414
140.91758 268.23842
78.73553 357.28278
79.18334 368.81650
44.79556 285.88622
65.75461 345.18716
50.03466 223.76446
118.85497 387.20813
153.72924 291.38387
119.96762 273.09427
56.56993 243.53463
98.46326 240.02721
106.26584 240.15621
115.75654 331.29990
58.25776 301.23294
135.51081 399.62948
107.39177 388.48123
94.83159 380.50767
156.19841 174.91162
153.98650 400.12599
113.65563 239.07355
120.52615 237.42979
125.10493 236.58080
58.68199 226.80776
118.63015 228.67477
110.59045 225.90753
102.75943 225.91062
95.15088 228.07436
90.49302 230.93243
43.26274 217.68645
93.08894 238.94947
155.48716 300.90709
123.76094 306.44342
133.66677 287.00158
142.55729 302.38760
154.82341 225.37945
92.38433 368.92246
104.99137 378.60126
135.46939 392.52714
66.16774 354.99516
124.57810 233.03237
141.41145 252.75938
154.62348 393.26833
120.88858 395.28443
48.15560 307.61572
133.09474 327.56176
131.42505 330.93233
130.25512 335.21430
129.55045 340.51046
128.31214 354.53985
119.12368 326.55877
117.29880 325.93776
115.81582 325.21826
105.10833 320.76841
71.82559 304.84968
140.97857 244.22281
134.03338 228.60029
128.16720 229.67638
120.92864 327.16877
70.01645 329.33588
142.87366 227.81532
123.68089 365.38516
156.87768 253.81674
148.17365 247.67083
156.24121 245.35768
134.34872 266.87951
155.16095 383.03109
155.35601 370.20824
139.09299 370.21198
101.33881 346.37207
114.44213 292.35693
111.58173 357.36653
94.12995 293.82634
105.71412 302.69743
84.98526 310.19515
136.57025 382.37461
127.93849 272.41298
94.91708 356.03105
107.37449 367.24844
93.34483 333.96108
60.63693 318.12281
82.62526 338.38042
54.38725 327.54136
96.99487 315.53392
135.16852 259.18977
136.27242 283.63764
129.34926 286.42628
141.26468 276.77602
126.21827 220.46631
110.47772 214.53820
96.59404 213.64827
85.29071 216.14083
77.75958 221.13347
74.03292 238.31282
43.45300 264.68619
82.69055 250.62902
92.80152 252.61522
105.53439 251.66717
117.09693 248.78992
125.75169 245.40744
131.69209 242.33675
40.45441 264.65220
129.07122 288.97774
141.78899 260.36792
143.97057 283.30055
148.34925 288.23156
143.40186 285.37716
131.32388 291.71072
150.32662 288.62777
150.76762 291.16951
130.74939 235.91094
136.10785 237.42798
139.76802 238.56352
87.81155 233.09816
80.13755 229.15428
164.01404 254.84201
211.12977 235.26891
164.86811 288.38892
238.79357 193.80677
188.12440 243.62495
196.78391 244.05873
204.68743 242.91820
214.10752 237.82021
180.70336 241.36037
200.06768 215.69717
189.93005 216.99464
209.08963 217.39034
214.61335 221.38034
220.57801 242.18818
186.77731 371.61164
213.49206 232.59920
241.36311 236.58325
228.10090 235.95661
198.52582 276.00274
161.89711 317.45578
161.15680 325.76440
172.57697 320.52483
179.96453 323.30304
169.79090 325.97452
176.79223 326.42204
193.90721 334.37610
165.40982 282.44671
166.28878 273.50414
225.11983 213.39899
180.45491 254.53122
183.59185 279.61687
184.00899 275.11330
224.14880 274.95166
165.26717 263.29287
207.31133 203.71568
218.15690 206.65382
232.41349 176.72439
171.79688 212.63572
181.23734 221.49808
200.15191 323.46185
230.18704 326.07526
176.93505 285.25244
169.85173 288.92077
190.22794 327.20507
187.95640 327.33253
221.79601 201.16712
183.31113 283.81724
192.34189 205.08643
193.62889 197.99243
202.43352 154.13577
229.01849 188.17255
198.32177 174.58499
229.01128 209.72908
236.73123 201.73678
161.73484 322.21945
171.25432 323.49101
178.52120 324.88114
174.63113 287.25090
189.06922 327.28882
184.60500 329.49366
186.71529 327.38667
174.02654 282.24297
175.43015 327.43437
168.57674 327.49263
160.51020 327.85099
167.39949 356.68064
163.36098 343.51423
162.61712 337.64728
161.67321 332.36335
160.38741 328.18946
175.41184 327.51471
177.57214 329.29636
179.64330 331.84662
181.35865 334.97959
191.30105 307.03507
237.69242 278.38680
180.58915 327.46321
182.62814 328.38039
167.10349 292.93516
179.69468 289.46050
168.39101 291.05061
189.61419 259.07673
203.95684 264.49719
185.08965 279.28738
220.91824 163.15170
216.46889 179.04813
209.75201 196.85036
187.34059 343.10463
174.50696 201.12949
178.98034 173.76555
181.73539 150.18462
210.87125 241.13420
228.70961 247.35797
175.66327 239.07919
221.55854 225.50993
174.29147 249.12743
179.20968 276.31473
239.28933 252.97307
224.88717 252.91707
215.65488 255.79625
200.05212 255.40193
188.00595 252.73988
179.01559 249.06711
163.50352 237.79562
240.19524 272.27847
227.07917 224.02630
161.93705 287.95823
180.43271 262.83914
239.64227 235.18214
172.46161 244.64832
185.59136 280.12806
216.85571 232.67220
179.16161 270.92767
235.05421 301.64467
174.91071 236.16302
172.26168 266.23597
217.77592 348.31923
214.35254 359.71814
242.52286 276.47891
227.62391 335.43124
239.43089 217.87623
187.22661 382.19289
160.45047 290.73695
188.02712 269.03671
233.57632 237.52088
203.91267 238.92591
196.81481 239.97024
186.40446 330.96001
238.62969 291.64519
171.48824 396.97692
194.58264 382.17313
203.71972 372.89247
189.39332 239.57215
182.22668 238.19013
177.42932 237.26541
231.54706 222.27129
182.70642 228.49227
190.03522 225.09064
197.64371 224.21755
205.02847 225.66781
209.39141 228.33806
240.76745 212.17130
208.35126 237.17242
183.42408 302.07951
177.36146 283.56580
167.66808 300.31318
207.18373 361.10229
197.63043 371.68760
172.87028 389.79682
222.82735 345.41742
177.39144 233.12191
169.48895 251.35045
184.34418 390.48368
240.01546 297.66333
168.58224 327.67506
170.69207 330.75647
172.29527 334.80856
173.60482 339.89692
178.82241 350.76714
182.50592 326.79347
184.29314 326.09219
185.74723 325.27646
197.28448 314.16323
229.70502 295.94087
168.59540 242.90236
170.14653 228.14974
174.20953 229.50901
180.66788 327.45651
227.66476 320.04602
164.32864 227.22679
183.24315 360.80611
163.82058 246.92091
176.04813 264.42722
170.32712 367.69068
200.48196 339.60396
192.07375 287.39429
192.63818 351.51438
212.38976 286.87988
199.73855 296.74440
218.65105 302.28364
172.67379 379.72888
181.07209 269.12809
206.46149 348.71879
196.56030 360.82716
207.60167 326.36056
235.22565 308.51862
217.28841 329.78649
235.55787 317.50432
205.99744 308.51514
174.74648 257.03179
176.78010 280.34902
180.95570 282.63361
173.20576 274.40388
176.76957 219.26443
190.85873 212.74509
203.25051 211.40664
212.96151 213.38985
219.21422 218.06873
221.75103 234.31204
242.78046 256.38375
216.98502 245.82982
209.23245 248.31285
198.44228 249.11056
187.68849 247.74202
179.26553 244.98113
173.58548 242.07388
238.40642 256.70786
180.24754 285.31868
170.35355 258.74942
171.05462 281.00861
165.86455 286.49851
170.71255 282.96044
177.60247 288.25524
164.46677 287.32206
162.99540 289.93702
172.32091 236.09015
169.12783 237.30964
167.51508 238.13158
211.73699 230.51613
217.56421 226.31891
105.36479 232.02487
114.50667 231.30856
104.78892 224.22827
95.90218 232.66989
105.81523 239.77763
196.19191 233.33959
205.61692 232.97273
195.91691 224.61383
186.66962 233.75354
196.44608 242.03616
