176.76545 377.59152
174.72239 342.62465
175.00369 352.75258
167.83946 304.59217
175.16808 331.13674
176.16784 315.96814
179.07435 279.06119
103.01085 270.39352
180.93270 252.93469
182.03368 237.74308
186.17410 178.94235
176.68958 381.55056
176.54372 385.15555
176.50321 387.46036
176.52072 387.59078
176.45915 392.27079
176.26128 398.00102
176.00516 404.18502
171.47937 426.50217
174.73590 348.29852
164.32103 346.85164
65.58936 226.39286
133.04936 281.56932
122.02275 282.23816
111.58070 281.11794
98.47951 273.87720
142.68294 279.03753
117.32163 248.21618
130.13861 249.74044
105.77351 250.22684
98.36684 254.67704
88.99064 280.15485
128.40821 440.40385
99.32700 266.90486
56.41967 275.36428
76.79015 271.20980
120.00012 327.34629
162.24467 374.15948
163.43480 383.84346
148.62683 376.89504
139.36713 379.72929
152.35526 383.42394
143.64676 383.61906
120.15399 397.44471
165.38499 341.75800
164.51649 330.64029
83.04463 244.59214
145.41087 301.02494
139.22419 334.88981
139.09493 328.56230
86.45331 323.66718
166.07106 316.55783
108.35748 232.92144
93.37413 236.81958
76.95283 206.46613
157.07543 244.29496
141.16093 255.14005
111.86675 385.17685
59.31554 382.90616
147.30309 341.98211
156.47221 346.26115
127.68580 384.27795
130.42163 384.50213
87.52213 229.66507
138.38116 339.15240
129.12106 234.24096
127.39295 225.58202
121.84056 181.65896
83.42915 218.33400
127.02428 204.22759
76.66364 239.14297
71.77792 234.16799
162.58645 379.64898
150.44919 380.44521
141.38615 381.71552
149.79556 344.02737
129.09852 384.39137
134.88105 387.14100
131.83595 384.61539
153.27634 339.87393
145.54831 385.01560
154.13064 385.39302
164.51604 386.34799
155.44390 424.41514
162.02969 402.68332
162.58078 396.38378
163.44991 390.89501
164.52393 386.48887
145.49258 385.13878
143.60431 387.10640
141.52297 389.98207
139.81637 393.56076
125.11082 367.63260
52.26294 325.95448
174.91923 350.57803
139.06071 384.94669
137.01531 385.88467
159.92678 351.06118
141.93707 345.78688
158.25331 348.74285
133.02934 306.42947
114.10785 312.54764
136.86597 333.04984
94.70347 191.02349
100.91584 207.64895
104.66407 224.43682
128.87490 407.33150
153.91549 229.55660
153.74074 204.93418
151.28060 178.15851
103.08993 278.43471
77.09966 286.96040
149.03270 276.47275
87.94659 258.96779
153.80774 294.55886
146.56815 332.27682
63.11715 296.04720
84.31144 295.44814
98.11948 300.58073
118.86687 300.03623
134.37550 296.28712
146.01558 291.73485
168.62160 281.18305
61.86683 319.11240
79.23518 256.59893
168.99079 347.55952
144.67496 311.88859
54.27373 274.48514
154.91467 286.44912
135.92995 333.34344
94.52369 267.07587
146.68191 324.57529
53.54869 353.79742
149.29591 272.53994
156.39714 319.57550
81.52371 409.70803
82.14970 423.41858
52.24246 323.14846
67.90919 393.94900
64.07210 253.09540
125.59560 452.86022
170.31516 349.87743
134.04179 319.15431
67.49909 272.09764
112.95920 275.04119
122.07997 276.32714
132.99947 388.82645
61.38228 342.39658
145.04443 471.48964
112.61033 452.11703
98.61260 439.93811
184.07347 207.13181
168.81072 475.62445
131.40439 275.80420
140.44860 274.21696
146.39306 273.41567
71.49251 253.43979
139.08641 263.65058
129.36293 259.91743
119.71865 259.09899
110.39395 260.63666
104.78675 263.19324
58.60440 247.74854
107.00850 272.79473
174.69172 361.11979
136.46159 361.97624
147.43962 340.49133
158.38063 360.45118
180.02456 265.61653
96.49745 426.02163
110.61150 439.36674
145.04391 462.64614
69.67084 406.09123
146.09151 269.02714
160.30112 298.54375
169.15370 466.69591
127.35575 463.16492
53.34138 348.71810
154.12606 385.50319
152.30748 388.86717
150.84887 393.29342
149.78766 398.95954
140.17297 416.99640
136.65631 383.97421
134.40743 383.04472
132.61798 382.00407
116.12012 375.24365
75.20354 348.32810
161.52558 287.12970
157.15274 263.91586
150.53714 265.05777
139.10426 384.85212
72.72435 376.39370
166.52551 264.12987
134.02938 427.94181
177.17063 303.47147
168.07481 293.47527
178.09909 291.76057
150.93413 315.15597
169.82123 454.11305
170.68211 439.25331
151.50943 436.59252
110.21891 402.29689
126.51725 342.06876
121.09029 416.47106
100.74899 339.45470
115.27829 352.94454
90.01574 357.05560
147.16285 450.58077
143.60379 320.30276
100.68867 411.85532
114.46358 426.80814
101.43569 386.76632
62.98589 362.40741
87.17303 388.96617
57.70209 372.46251
105.38962 366.37353
152.84581 305.09261
149.79871 337.71434
142.45641 339.05443
155.05561 331.15682
148.28975 252.55058
129.80325 244.43584
113.80933 243.00660
100.89066 245.45358
92.10732 250.58691
86.84373 269.08765
53.05590 298.95274
94.79108 285.35874
105.64305 289.38778
120.14043 290.20338
133.99545 288.21844
144.93914 284.93696
152.52269 281.73650
53.09699 300.04148
142.47163 341.49127
159.15019 308.87343
157.69639 339.44166
163.57247 345.22216
157.74760 341.06547
145.32716 344.83728
165.56598 346.54223
166.75153 348.77659
153.05804 273.07566
158.48946 275.91229
161.70909 278.18108
101.68591 265.17731
94.00229 259.87877
186.70064 305.57817
257.00776 281.51773
186.40200 347.72965
306.63014 239.75712
226.75610 288.20019
237.91581 290.07206
248.65872 290.06891
261.84964 285.31042
217.24114 284.33688
245.80857 258.84355
233.07988 258.11656
256.91209 262.41095
263.54039 267.51193
272.42547 291.94493
213.35038 446.02477
260.91111 278.98021
309.97765 289.02240
286.19740 284.82302
235.14062 333.28570
191.48209 375.13701
189.89491 384.67880
205.18456 378.61168
214.36192 381.89309
201.18954 384.91151
210.13459 385.50252
227.52984 402.42345
184.32553 342.65806
186.06744 331.71542
281.34282 259.46063
212.62139 304.67798
213.52799 338.56596
214.64001 332.35027
270.04453 333.43540
186.44652 317.57936
256.25840 245.33948
271.34881 250.96674
296.66817 218.75629
205.45762 249.02586
221.33275 261.34670
237.25125 390.85555
295.32006 396.39569
204.78162 344.65027
194.87561 347.95840
226.65917 386.65853
223.83775 386.73027
278.24090 244.09389
214.39042 342.73254
234.93005 243.53826
237.39213 234.77873
252.33857 188.88734
286.68126 230.25128
242.91585 211.32590
288.78217 254.33496
297.65820 247.11988
190.94868 380.55246
203.24731 382.09039
212.40693 383.73606
202.07967 346.39536
225.22340 386.70330
219.14120 389.29979
222.38503 386.77910
198.30643 341.98060
208.17296 386.71363
199.25778 386.73912
188.72807 387.11046
187.87978 426.26657
190.14920 403.66829
190.05502 397.26517
189.53889 391.67772
188.65632 387.24622
208.09640 386.83066
210.07680 388.92085
211.98499 391.93123
213.40508 395.62637
225.13345 372.25899
310.52251 339.90756
214.83674 386.88828
217.01707 387.93633
190.70172 352.44118
210.47402 348.96700
192.66782 350.28359
224.59557 311.31683
243.15881 319.41444
216.77056 337.00894
279.79615 201.34159
269.46019 217.88120
260.91443 236.79670
217.23565 411.94937
209.86165 234.65388
215.39704 208.60878
222.12960 181.96853
257.02390 288.78869
284.68175 299.63735
211.03135 281.03834
274.46755 272.49308
204.65550 297.38075
205.68444 335.22420
298.80776 308.95392
276.76930 306.81716
262.38396 309.76493
240.93098 307.09354
225.11800 301.69789
213.39181 295.85221
189.75907 282.42333
296.86776 331.92093
284.53687 270.93477
180.68202 348.08042
211.59417 315.41752
314.26690 288.43728
204.65733 289.57166
217.99897 337.37728
266.18134 279.61518
206.66920 327.67128
305.52499 367.66926
210.95982 277.23979
196.51212 321.63991
266.07320 421.09040
265.06463 435.35514
308.24628 337.01612
282.28604 406.51261
304.19324 266.28549
214.83102 459.17805
179.63740 350.23067
221.76019 323.67063
295.98988 286.77291
247.09065 284.45153
237.97120 284.58072
220.90829 391.09541
294.58798 355.11610
193.06344 474.98799
229.66176 460.62786
245.96570 450.20747
228.66647 282.86676
219.68823 280.07983
213.86285 278.49528
293.25234 268.22760
222.14871 269.76392
232.22970 267.78381
241.95374 268.67344
250.86263 271.63248
255.93522 274.85264
312.02134 261.53863
252.98402 283.12660
214.09528 365.52969
204.63776 343.18012
191.44067 362.01033
248.55962 435.93675
232.26254 447.86436
193.69035 466.00287
280.76146 418.95444
214.53828 274.07675
196.34675 300.50149
212.51645 469.46305
303.78903 362.42801
199.24554 386.82741
200.97073 390.27240
202.15668 394.83361
202.87354 400.64746
204.37032 420.41918
217.43890 386.00373
219.60812 385.20923
221.42865 384.31448
233.70358 380.60125
278.96153 359.25519
197.00490 289.19260
204.20541 267.35853
210.68940 269.53720
214.93607 386.76133
278.56454 387.91628
194.69216 266.34536
209.14731 432.62456
188.31517 294.55564
203.92480 318.00281
190.21935 439.00329
236.71807 409.36119
226.64258 346.92805
223.98892 422.59608
253.36568 347.46659
236.85117 359.11077
262.59019 366.26471
192.76063 453.55397
211.32420 323.80690
245.61700 420.71620
229.54423 434.29742
247.26712 394.58069
290.62043 374.99398
262.04144 398.99340
296.05992 385.81663
245.58049 373.49692
203.67577 307.83918
201.87848 340.23149
209.77788 342.29928
196.30967 333.22394
213.89947 257.98430
233.35992 253.17390
249.64074 254.25118
262.54121 258.24176
270.81895 264.23834
274.88309 282.01675
310.48188 312.75618
265.90943 296.24064
254.83372 298.40055
239.86794 297.68060
225.71240 294.17452
214.74587 289.56928
207.31293 285.37592
312.93320 313.86410
209.74400 344.63392
195.50984 310.79876
192.95186 341.11916
186.94262 346.29610
193.33913 342.76843
206.77312 347.61826
184.48930 347.36756
183.49149 349.43676
207.26945 277.18124
201.75717 278.85893
198.37956 280.60788
258.74120 277.13837
267.33891 272.97353
123.38597 268.95639
134.87344 269.23040
123.60804 258.80442
111.74596 268.65246
123.06393 279.04815
236.00911 275.69519
247.18930 276.64308
236.82462 266.16450
225.18552 274.72789
235.33620 285.36002
