131.08282 317.04458
126.29107 284.55716
127.43811 292.99469
122.51395 253.77318
126.67988 275.30035
127.98691 263.03411
131.89330 232.55200
78.53476 230.02066
133.47212 212.59196
133.91747 200.44274
137.40963 148.33484
131.22570 320.13580
131.21558 322.92184
131.21867 324.80732
131.23680 325.01303
131.31131 328.61379
131.21203 332.93821
131.01193 337.28935
125.52575 353.83044
126.59806 289.18426
119.77675 288.00015
47.57237 188.26121
99.82718 236.91376
91.87354 237.58913
84.21915 236.96999
74.40653 232.71525
106.73191 234.80461
89.16037 213.57751
98.08413 214.20923
80.86884 215.24860
75.32166 218.61267
66.58438 237.13153
96.01395 365.95610
75.66595 228.12230
42.13534 228.11722
57.12664 231.18453
90.09558 272.97140
121.48438 315.09759
122.81229 322.40222
112.52148 317.72960
106.65890 320.52977
115.57774 322.63721
109.94055 323.33109
90.81662 332.55123
119.71232 283.90046
119.07093 275.02883
63.88260 211.28078
107.85355 251.03385
103.11884 279.29228
103.36066 274.30624
66.06940 270.39362
120.62230 263.59248
83.95623 201.97212
72.37194 205.23348
55.45472 172.40627
118.79765 209.16931
105.78955 217.49811
85.23093 323.34412
50.17550 315.69432
108.98669 284.74345
115.24809 288.01943
99.33268 325.33322
101.35783 325.19884
67.97799 199.63798
103.09458 282.91005
99.27380 202.49511
98.12870 195.46873
87.88470 151.74356
60.16219 184.22827
91.99496 172.48943
58.77648 207.08700
51.78666 196.27639
122.00291 319.22280
114.01339 320.38145
108.24316 321.98057
110.92532 286.41735
100.37398 325.28510
103.90299 326.53516
102.45640 325.11007
112.08918 282.57846
111.30291 324.31078
116.78870 324.09745
123.51931 324.33659
115.30795 352.15182
121.15313 336.19417
121.76905 331.95150
122.51229 327.79754
123.41059 324.48069
111.22950 324.25741
109.63053 325.87041
107.86305 327.98155
106.34825 330.35116
94.11457 307.17922
41.66682 268.60192
127.04317 290.99787
107.05836 324.56782
105.53978 325.48951
117.47631 291.90981
105.94113 288.27126
116.41842 290.04618
99.06054 255.71390
85.31378 260.98737
102.14152 278.03563
68.06330 159.85749
72.88075 175.87349
81.33267 195.17745
97.11224 339.60227
116.88757 197.55477
112.03185 171.98774
110.24485 148.15611
77.96667 235.51426
57.18649 242.32875
111.28226 232.67718
66.75375 221.93470
113.77015 245.51766
107.35407 276.79136
47.73322 246.29056
62.66123 248.12216
72.93929 251.31606
88.41696 250.78743
100.04771 247.89315
108.76719 244.20806
124.15188 234.41470
48.56263 265.81238
59.88936 220.32650
122.61122 288.59750
107.56333 260.23897
40.69395 226.95306
115.42616 239.89201
101.94291 278.29112
71.60153 228.09649
107.91237 270.69440
44.56572 291.38813
111.35876 229.83948
114.09733 266.22176
64.29493 340.19785
65.35386 350.94244
42.17299 267.37352
56.00729 326.30142
46.69552 210.47817
93.27183 376.78518
123.82721 290.42595
100.25473 266.35768
49.65262 232.16193
85.94275 232.38853
92.40889 232.95884
102.29670 327.70659
50.09980 284.80146
107.53369 392.39252
84.56677 376.04615
75.42185 365.39563
135.45161 173.10822
125.07222 395.80068
98.93774 232.40324
105.24842 231.14497
109.33968 230.44997
53.54298 218.05922
104.13233 224.47786
97.23280 222.63476
90.76924 222.48741
84.29823 223.77925
80.12383 225.60570
43.02580 205.22833
81.61345 231.23915
127.25169 299.66174
101.63517 301.88219
108.67798 283.39404
116.17260 299.53782
133.13458 221.87525
73.42183 354.10779
82.72318 365.54298
107.22521 384.75975
57.65524 335.70368
109.09403 227.58688
117.79068 248.83107
124.60982 388.38839
94.81272 385.48748
44.74305 288.31223
116.66853 324.13482
115.13583 326.64543
113.77135 329.89195
112.73915 333.66823
105.00346 346.73834
105.51890 324.24428
103.80640 323.67239
102.35615 322.95196
88.20622 314.44916
59.92495 290.25523
119.10681 239.31394
117.49646 223.04861
112.51170 224.19661
107.18464 324.74031
59.10458 312.90797
124.41876 222.75330
100.54667 355.61840
129.36278 252.79516
123.16517 244.53761
130.59348 243.01957
111.29662 262.81286
124.91274 377.25025
125.33881 364.55141
112.56537 362.27966
83.40090 335.81096
95.13590 285.28786
91.04967 346.76605
76.96509 283.14668
87.33641 294.40971
70.18544 297.90674
109.21420 374.08464
106.75806 267.39737
76.41995 343.07648
85.81984 355.23461
77.66547 323.54976
52.19275 300.96224
68.21734 324.26279
48.83276 307.86145
80.79880 306.51119
112.86423 254.35340
109.50739 280.92729
105.25660 282.46227
112.73468 275.51993
111.67159 215.35227
98.66669 210.03767
87.19147 209.23146
77.47698 211.28670
70.53528 215.45916
65.28462 229.55421
41.05811 247.39330
71.07264 240.70999
79.10725 243.08558
89.86269 243.53713
100.09257 241.92439
108.15539 239.24950
113.74068 236.57403
40.77538 247.59662
105.74074 284.60528
116.48291 257.37153
114.58651 282.07986
119.01635 286.60306
114.97733 283.38049
108.07145 287.31924
120.27153 287.72566
121.38539 289.55695
114.19632 230.03424
118.14316 231.90882
120.51701 233.35683
77.65694 226.99700
71.60347 222.67255
136.71097 254.46763
193.34944 233.60756
135.46162 288.80925
234.61054 196.21543
168.49493 239.31535
177.56495 240.90105
186.26910 240.91229
197.12862 236.78923
160.80405 236.11917
184.17941 215.37857
173.63894 214.93897
193.31087 218.17345
198.66122 222.21508
205.59073 242.45022
157.91693 369.69002
196.55505 231.45245
237.91399 237.76184
216.97783 236.61320
173.71767 277.26131
140.64980 315.40506
139.52565 322.69582
149.84496 318.03998
155.96045 320.87873
146.87258 322.98685
152.68698 323.67619
164.28706 336.38452
133.39957 284.57161
134.96804 275.83642
213.08352 216.56384
158.07543 253.36048
155.69460 282.00509
156.79221 277.04789
201.30091 277.43229
135.77227 264.33010
192.34236 205.38469
204.70896 209.76640
225.89724 179.24336
152.05470 209.22544
164.09182 217.64077
170.92062 327.82123
225.04889 325.57175
148.90139 286.71520
141.63004 289.40255
163.79942 325.85943
161.64347 325.59550
210.43490 204.29225
156.03976 285.68427
175.07941 204.42470
177.30151 197.41174
189.39539 155.65206
217.51456 190.27448
181.13287 175.68327
219.39894 212.47042
227.18710 203.67411
140.30058 319.52896
148.40140 320.76334
154.38940 322.34686
146.83470 288.20061
162.70686 325.75943
159.11902 327.26331
160.53866 325.46360
144.22797 284.14533
151.22179 324.55279
145.52836 324.41770
138.75752 324.58073
136.95610 353.35511
140.57736 336.93143
140.37800 332.52426
139.73341 328.21513
138.83940 324.80500
151.17808 324.65817
152.98293 326.57549
154.78995 329.03080
156.24850 331.70325
162.74577 310.62147
239.22366 278.71386
155.58382 324.94360
157.34450 326.06482
138.46896 293.05240
152.88920 290.86823
139.94908 291.33023
166.97962 258.95817
180.93100 265.81103
158.24973 280.98838
211.66010 165.42308
202.95985 180.57098
196.16400 198.54564
157.31577 342.80286
155.86832 197.77866
159.49038 173.79312
165.53023 150.35944
193.14299 239.79821
215.45222 248.87449
155.70250 233.35374
207.54046 226.51732
152.14442 247.24202
150.06983 278.93778
227.57952 255.43912
208.65282 255.06894
196.77237 257.74689
179.59856 255.40932
167.10905 250.84179
157.89988 246.00690
140.40158 235.11991
224.34988 275.05725
215.73317 225.55317
130.96615 289.01596
156.23637 262.55475
242.40317 236.51732
151.08996 240.84704
159.25394 281.34108
200.83720 231.95851
151.16618 272.86650
233.99107 301.50284
155.59286 230.11890
143.61725 267.67730
199.34420 348.13774
200.55991 359.08064
234.96245 277.35398
211.89505 335.14402
232.90823 219.12601
160.17542 381.09699
130.43715 290.73748
163.63509 269.51785
225.41109 238.19211
185.17413 236.11460
177.71201 236.25834
160.74191 328.59033
221.07596 293.81641
143.99743 394.91568
173.13139 381.71696
185.85551 372.32423
170.11313 234.85153
162.78319 232.51302
157.96420 231.19618
223.05693 223.38451
164.68680 224.33192
172.94371 222.75195
180.87195 223.38467
188.09409 225.61195
192.27633 228.11168
239.60040 214.14644
190.01967 234.97404
155.15215 304.59155
148.88297 285.38767
139.04728 300.71572
186.44946 361.01415
173.87549 371.29240
143.82393 387.17167
213.17839 344.72517
158.49223 227.66203
144.90694 250.09011
159.39196 389.71634
230.09093 298.13610
145.58489 324.59495
147.21945 327.36567
148.47556 330.91194
149.28545 335.02329
148.31374 348.95844
157.37048 324.56238
159.05722 324.05271
160.58329 323.36743
168.21753 318.53980
207.31696 298.00990
146.17575 240.55450
150.61411 222.71455
155.47945 224.10533
155.53793 324.96719
207.11543 320.99444
143.49921 222.35670
153.55135 358.62919
138.57653 245.23738
150.00780 264.74504
139.65485 363.81000
173.82536 340.94451
165.95778 289.00192
164.63599 350.97386
186.95265 288.87057
173.30191 298.99361
193.42234 304.42016
142.39405 376.09746
155.20365 269.76810
182.40374 349.27077
170.32954 360.29491
181.03194 329.33439
217.43868 309.83046
193.75319 331.36156
223.36970 317.44524
178.84932 311.76828
150.49773 256.13374
146.96196 282.80271
152.73207 284.86692
142.81685 277.02059
158.30271 215.41636
173.89643 211.44428
187.21667 212.02937
197.73230 215.16047
204.53513 219.89099
207.88138 234.23423
237.93848 257.39741
200.14883 246.11157
191.10365 248.06291
179.02110 247.39932
167.64613 244.43539
158.92813 240.63619
153.02264 237.19497
241.87067 257.47653
152.56007 287.00897
143.62572 258.68571
140.04727 283.36835
135.73857 287.53335
140.40942 284.71346
150.21403 289.51218
133.80989 288.41236
133.25795 290.16244
152.68309 230.18372
148.66267 231.90319
146.20493 233.56304
194.66757 229.92697
201.76531 226.59524
91.96057 226.50097
100.42525 226.34445
91.73626 218.56555
83.35730 226.56203
92.12799 234.35206
178.13029 228.76893
187.85868 229.48469
178.75239 220.70122
168.52904 227.93723
177.55717 236.85817
