175.92120 374.68911
178.81844 346.34991
178.38517 356.96297
169.36642 308.17981
178.86428 334.36353
178.81043 319.08022
178.55351 282.26799
100.57536 275.97302
178.60146 250.95657
178.57674 234.98305
178.07687 178.78422
175.72270 379.50594
175.58726 384.96709
175.57942 388.67936
176.23734 406.56862
176.15397 412.97547
175.90981 420.66863
175.73157 427.91001
176.23792 434.19114
178.76523 352.34613
168.48351 351.81660
58.97157 231.33870
129.67213 287.37889
119.30602 287.91917
109.21290 286.89982
95.62121 279.54984
138.59692 285.11508
115.83371 252.36254
127.86425 254.51749
104.26522 253.85413
96.47597 258.37865
86.23946 286.55247
134.55275 447.30103
96.76419 272.40135
52.69322 281.36252
73.84396 277.72139
120.24867 333.16928
161.02431 372.14341
162.66133 384.64272
146.56104 376.88712
138.00515 382.22422
152.09082 385.68318
144.64398 387.71022
122.51283 403.83959
169.74980 346.02258
168.32902 334.41014
81.47746 246.81140
144.72077 306.03786
143.53648 341.06560
142.40420 334.79766
85.74582 330.33442
168.78484 320.19606
107.46585 235.07968
92.43020 238.48153
69.81787 210.78266
154.13789 247.33044
137.93923 260.46730
114.08253 389.96508
65.40435 390.48405
152.02754 348.07196
160.91851 351.68348
130.47522 392.18209
134.00058 392.39877
86.43653 231.19097
142.70415 345.48976
127.31488 236.88849
125.65703 228.04827
114.00792 183.82755
77.24017 221.16268
120.61168 205.40745
74.49765 241.74402
65.84546 237.69985
161.40591 378.63588
149.12274 381.54605
141.06175 385.06262
154.44974 349.97289
132.28911 392.33465
136.09862 398.47107
135.65997 392.49584
157.59023 345.52015
147.60136 389.23844
154.73527 388.18581
164.17870 388.06653
159.59472 432.67593
159.27394 425.37835
160.57668 418.37482
162.51548 410.74437
164.45176 405.09467
147.94492 399.30232
144.76100 401.63642
140.84540 404.95743
137.70051 408.40904
127.25663 371.95003
53.13382 332.10957
178.62366 354.78555
142.61620 396.29887
139.37764 397.25931
163.89678 355.89392
145.76367 351.61737
162.51982 353.89469
132.40413 311.70867
113.09233 318.08977
140.18582 339.42776
87.21925 194.41666
94.61619 209.74052
103.59769 226.41423
131.46428 415.28144
151.13730 232.37453
147.47634 205.53137
143.35275 179.30567
100.57828 284.14640
74.41468 294.19470
144.69456 282.56527
85.59378 263.25375
152.90135 299.21052
150.47795 337.78476
60.83661 302.64270
81.86707 302.21017
95.96619 306.66871
116.98121 305.54180
132.30285 301.63642
143.79409 296.94968
167.96407 284.84433
61.43691 326.15906
76.83791 261.21029
173.21811 351.88001
145.35495 317.25054
50.21546 280.19447
152.53760 291.33918
138.64384 339.70604
91.51307 272.20617
149.68110 330.06373
57.50907 360.60828
144.81118 278.70926
159.08557 323.95004
88.54470 418.21041
90.35046 431.91820
52.40048 329.97484
73.99909 402.52889
58.89186 258.06367
133.50734 458.61575
174.31771 354.35875
134.73580 324.78431
64.03254 279.70839
110.59129 280.58335
119.29686 281.90853
133.13306 399.79111
62.99056 349.83758
153.50858 474.71344
121.62534 458.03092
107.55511 447.30161
178.18667 206.55335
176.04096 477.37308
127.85704 281.58821
136.02401 280.36197
141.71544 279.64241
68.38651 258.73669
135.60973 269.96702
126.67687 266.13451
117.80885 265.09662
108.78421 266.29595
102.97152 268.62503
52.85424 253.35865
104.69655 278.37162
178.22432 364.32280
139.40453 366.60649
152.15474 346.55803
161.87867 364.21426
178.55775 266.87383
104.31197 433.72354
118.42030 446.05116
152.87314 467.72685
76.93284 414.53768
141.92584 275.33721
160.68963 302.83974
176.25279 470.39228
136.22004 467.66337
55.85196 356.00793
155.12214 402.46110
152.05437 406.49491
148.77415 412.14570
146.43052 418.26996
143.46003 425.58132
139.06899 389.96559
135.72383 388.67311
132.84100 387.05787
118.19949 379.52629
76.68662 355.79163
160.65467 291.28569
153.15284 269.26580
146.43390 270.88060
141.80751 390.71799
76.91870 384.61774
163.73862 268.52577
138.50119 435.81489
178.73341 306.62829
168.63875 297.24985
178.61251 295.06567
152.46493 320.17340
176.27293 459.50062
176.25428 446.02896
156.52638 444.17514
114.58264 409.31258
128.66362 348.23559
125.29712 424.09926
101.33273 346.12725
117.11493 358.97996
92.15617 364.16772
153.75611 457.07537
145.45434 326.04776
106.72358 419.63241
120.36265 434.01901
105.23660 392.96081
66.43260 370.25792
91.78510 396.83909
62.35163 380.47926
107.91938 371.94604
153.29371 309.99429
154.20546 343.40594
147.20540 345.16725
158.91808 335.83542
144.81067 256.96785
127.76131 248.00230
112.52591 245.84741
99.59821 247.95434
90.41610 253.49319
83.96077 274.65395
51.08275 305.42142
92.15823 291.48962
103.29608 295.39977
117.63478 295.95292
131.08187 293.96064
141.60809 290.73871
148.98061 287.37161
51.07434 305.73144
147.16758 347.71359
160.61787 313.11831
162.01537 344.46205
167.73764 350.07158
161.97978 346.34766
149.69775 350.78213
169.79787 351.14358
170.89696 353.55023
148.71791 278.98420
154.76331 281.33240
158.99562 282.93458
99.54797 270.56047
91.60605 264.16186
188.03214 308.26304
258.34824 277.74650
188.94252 351.84409
291.57937 233.95257
229.28323 287.97131
239.44781 288.85702
249.25786 288.31906
262.56093 281.49732
220.53782 285.37193
243.72853 254.43085
231.63573 256.40169
255.24821 255.85729
262.74369 260.28087
270.87254 288.70903
218.33918 447.70201
262.13063 274.31059
299.59847 284.64851
282.29111 279.64795
235.84750 334.63634
190.86404 372.75798
188.39721 385.13749
204.57160 378.23290
212.28337 383.92876
198.53896 386.77649
205.49874 389.29148
230.49281 405.13954
187.84165 346.09918
189.23137 334.49485
276.33664 248.72128
211.93885 306.64097
213.72664 341.63066
214.63736 335.39022
269.98013 332.89196
188.77469 320.27112
251.70415 237.36241
266.36689 240.52756
281.45512 213.06893
204.74870 249.52202
221.39836 261.99255
239.37960 391.70856
288.75085 393.02917
205.28662 348.48337
196.28968 352.03334
219.09180 394.69347
215.75940 394.82196
271.70338 233.17629
214.45100 346.19426
231.98924 239.42543
233.36104 230.54724
240.19648 185.44441
275.37820 223.23568
234.30993 206.96849
282.19739 243.91255
286.26153 240.06537
189.95692 379.19921
201.65742 382.74320
209.09499 386.64150
202.77213 350.40715
217.37210 394.79647
214.09262 400.77337
214.22452 394.85518
199.88158 345.69827
202.57867 390.86733
195.91088 389.24468
186.90713 388.55106
193.02285 433.19587
191.92817 426.26271
190.96537 419.18000
189.47015 411.48813
187.69700 405.79080
203.05262 401.20886
206.26487 403.56613
209.92480 406.98530
212.80968 410.52569
227.48267 373.50895
300.10030 335.45761
207.79391 398.53416
211.01359 399.49222
193.07549 356.24611
211.29220 352.51099
194.59092 354.25518
224.02518 312.67291
243.07662 319.73592
216.72849 340.22135
265.56283 196.50666
259.08147 211.70847
255.14979 228.61283
221.16816 416.37688
207.63718 234.93123
208.22856 206.38901
212.04121 180.20149
257.67894 285.95921
281.89526 296.38049
214.62529 282.72646
272.47540 264.97528
203.94086 299.59116
206.88748 338.14570
293.51399 305.71026
275.04117 304.69208
261.47397 309.04453
240.98985 307.28032
226.08495 302.73662
214.84559 297.77931
189.06302 285.05303
293.79357 329.43816
280.18803 263.16240
184.23837 351.91915
211.26101 317.89859
301.01548 283.53215
206.29508 292.04207
218.07511 340.61499
266.94115 274.19266
207.49516 330.45223
296.51521 363.58759
214.47572 278.78316
198.28244 324.17187
264.69468 419.62379
263.04066 432.97218
301.90297 333.45388
279.61263 404.66582
293.16392 260.91353
219.19349 458.75241
182.96933 354.37923
221.70827 325.77643
290.79671 281.45625
248.48235 281.92843
239.87719 282.80293
216.84109 402.13448
292.34120 353.00377
198.70244 474.68447
231.28623 457.89245
245.60651 447.53709
231.32771 282.06438
223.15028 280.49838
217.49810 279.74689
287.13425 260.76258
223.94118 271.47199
232.91169 268.39587
241.90686 267.66356
250.82942 268.82613
256.36950 270.96313
297.73251 256.35579
254.30642 279.98314
216.30379 367.72324
205.20943 346.88885
194.39814 364.75467
248.78482 434.46602
234.36858 446.37342
199.84290 467.85656
276.93974 416.36291
217.41799 275.86062
196.38392 303.03949
216.31890 467.46234
298.61531 359.33929
196.48972 403.77567
199.48613 407.90101
202.44952 413.62725
204.63860 419.84562
208.96304 426.31440
210.98172 391.97223
214.12747 390.70267
217.00434 389.21076
235.74782 381.34656
278.59044 358.56881
196.26393 291.59049
205.79245 270.11984
212.72036 271.60872
208.31244 392.77792
277.29749 386.98133
194.85305 269.59925
214.27699 436.38305
188.56103 297.32645
204.47953 320.63206
196.12197 444.52836
238.83000 410.54211
227.39564 349.44993
227.79607 424.95722
254.24187 348.15815
238.15125 360.59064
262.93046 366.38936
199.06934 457.37592
211.26696 326.65196
246.77895 420.65479
232.66713 434.63699
248.56446 394.75366
288.36541 373.11370
262.04549 398.65647
291.87600 383.31052
246.67933 373.90324
203.52698 310.41670
203.29953 343.60183
210.12896 345.66093
198.51664 336.02583
214.27281 258.70663
231.47780 250.19388
246.87766 248.03384
259.63754 249.99304
268.38986 255.37114
273.39402 276.71930
302.19880 308.87278
265.41268 293.68686
254.56408 297.25487
240.61024 297.24135
227.46470 294.76144
217.23294 291.25537
209.94065 287.74871
301.09032 309.09583
210.02305 348.27235
196.61212 313.34432
195.48201 344.59105
189.68192 350.14792
195.50805 346.49984
207.44366 351.42914
187.64006 351.19765
186.40553 353.56652
210.62901 279.15749
204.16087 281.74985
199.77509 283.62948
259.58981 272.70178
267.19819 265.98020
119.57101 272.74639
131.21926 272.67558
119.50789 260.76947
107.59871 272.75945
119.52712 284.58858
238.03447 274.55482
249.38231 274.45189
237.53871 264.42656
226.71460 274.60509
238.56358 284.61407
