146.18856 339.72769
149.47089 308.10960
148.62729 316.57291
141.85039 273.89920
149.65005 297.81635
149.74624 284.00081
149.71351 250.23349
82.42351 243.45598
149.49905 224.40247
149.64273 210.46816
150.14358 153.87169
146.11989 342.72548
146.04230 345.34829
146.04350 346.86994
146.01089 346.74525
145.95601 350.29523
145.84243 354.50909
145.71437 359.07037
147.84011 368.20194
149.27354 312.96867
139.93528 312.04144
49.44375 198.34801
108.61560 253.69084
98.91004 254.42250
89.86428 253.47686
78.66704 246.90824
117.09315 251.36382
95.05504 222.53140
106.34509 224.36410
84.85469 224.12547
78.43324 228.22661
70.77274 252.95467
113.92772 386.39382
79.48730 240.21679
44.69371 244.14175
60.94335 245.25765
100.94159 295.00731
134.39822 337.28757
135.47569 344.43446
123.67768 339.07611
116.11394 341.01786
126.49139 343.95127
119.20224 343.84390
104.17947 352.24882
141.72027 307.76128
140.76423 297.75102
65.38646 219.20164
120.81849 270.69555
118.92804 302.39991
118.26577 296.71100
72.41433 292.46670
141.19367 284.88800
87.06638 209.77068
74.01771 212.22651
58.05532 180.86629
129.00233 222.67109
116.10376 229.63786
96.18652 343.54611
53.92617 337.71243
125.72652 308.41215
133.42410 311.64612
105.51683 343.94644
107.77681 344.11529
69.50816 205.36904
118.09623 306.03299
105.16034 212.76634
103.69716 204.39006
95.58908 158.45759
64.70657 193.02629
101.54000 180.87183
60.66028 214.48368
55.26027 206.59033
134.73943 341.40422
125.09504 341.76536
117.60843 342.49123
127.80952 310.06293
106.67216 344.03669
111.61498 346.12541
109.02782 344.22209
130.71637 306.50838
120.49131 344.83891
127.74102 345.34688
136.30452 346.14279
135.92653 367.79986
134.39845 358.14623
134.76203 353.50674
135.41280 349.39787
136.38326 346.07519
120.48673 344.91822
118.89880 346.32567
117.29720 348.33437
116.00024 350.81459
107.47800 329.50835
43.68943 287.07018
149.03728 314.72908
115.01273 344.64965
113.34172 345.28856
136.44626 315.53979
121.02546 311.48603
135.00739 313.67387
110.61191 275.92425
94.98340 281.95845
116.38448 300.54268
72.72578 167.31146
79.46876 183.90972
84.29021 201.54812
113.03983 358.51843
126.09719 209.20323
124.22054 180.72364
120.62257 154.37969
82.55517 251.08270
61.06992 259.64264
122.72279 249.00976
69.71645 232.67035
127.73273 264.66348
125.06253 299.91195
51.33609 265.41310
66.48029 267.20988
77.85491 271.57753
95.90745 270.75851
109.57587 267.10618
119.78446 262.80207
140.63434 252.51301
52.13758 286.87442
62.75809 231.16820
144.48407 312.58739
121.44071 280.85542
42.07101 241.04843
127.46019 257.80370
115.23641 300.61735
75.36868 240.49624
124.54160 292.94139
47.61155 312.03507
123.15446 245.39734
132.81614 287.93973
73.25931 363.53560
74.97077 373.84282
44.73851 287.52240
61.08010 349.75714
49.72905 223.83463
112.72123 396.02479
145.21381 314.30524
112.56770 287.58375
53.90197 246.64302
90.92195 247.69533
98.88858 248.77017
110.13183 347.29455
53.35042 307.18173
129.91048 408.68368
102.67022 396.12663
90.13494 387.30798
149.92059 181.25607
147.85299 410.51625
107.14915 248.17942
115.15830 246.78619
120.47248 246.16254
56.88791 228.85534
114.05120 237.02479
105.61794 233.24751
97.24778 232.29267
89.12866 233.77080
84.22424 236.36465
44.61074 217.42682
85.76942 245.67736
148.43698 323.60798
117.22013 324.96587
125.88199 307.15720
135.54727 323.56556
149.52285 236.82228
86.89380 376.55807
99.47103 386.47930
128.71949 402.55486
63.38329 358.36214
120.24720 242.10144
134.44612 268.48421
147.59561 404.26885
115.60445 403.56699
47.60017 309.96380
127.78159 345.34688
126.20958 347.84384
125.12176 351.04402
124.34945 355.10448
123.51215 364.01087
113.17762 343.89694
111.54678 343.23589
110.20192 342.49367
99.71748 335.74648
64.39449 313.53155
134.35016 257.90135
129.62381 238.04099
124.21830 238.71883
115.02767 344.53114
63.83762 336.56228
137.26079 238.22220
118.03020 375.45787
149.78463 272.60569
141.22600 263.83371
149.77685 261.95473
127.30363 283.91371
147.71989 394.52162
147.77408 381.11568
132.58033 380.46345
96.33472 357.62919
107.11482 308.02791
106.53815 368.02066
85.04953 306.04644
97.88047 317.36792
76.43596 321.33246
129.64183 393.16837
121.22464 288.82299
89.20173 365.66043
101.63356 376.74089
87.71892 345.65445
55.69240 324.14144
76.35722 347.43147
52.10977 330.66404
89.86669 328.99240
128.09230 274.52922
127.93660 304.73195
121.82031 306.00731
132.52231 298.62256
122.02201 228.44149
105.97596 220.36165
91.77470 218.12507
80.39533 219.88310
72.88634 224.51319
69.05727 242.74762
43.40911 265.75962
75.40542 257.65635
84.69882 261.20137
97.24035 261.77899
109.39071 259.83003
119.02652 256.75866
125.60270 253.72013
42.28158 263.67625
121.69826 308.09267
134.31760 277.99043
134.90543 306.09299
139.48466 310.78114
134.53246 307.45010
124.05173 310.75707
141.41872 311.82894
142.12877 313.57596
126.35514 245.89701
130.73291 248.41863
133.23819 250.32284
81.53167 238.38976
74.78606 233.36963
157.65943 273.97568
212.07957 242.43303
158.06461 311.98061
245.42308 200.29825
186.99578 253.91460
196.38869 253.88859
205.12145 252.80217
215.77853 246.16074
178.87283 252.23582
198.76500 221.09659
187.83755 223.23506
208.71833 222.59648
215.06751 226.99290
223.78516 253.11805
180.91634 386.82473
214.86381 239.12973
250.52818 245.64009
233.38767 246.06116
196.35076 295.53562
158.16211 337.64793
156.91585 344.77840
169.31329 339.79477
176.92023 341.93556
166.23700 344.58309
173.69964 344.63594
190.42031 352.78570
157.18312 307.75233
158.54343 297.79440
226.78592 218.81309
177.25074 270.92942
178.93583 302.87588
179.66287 297.22290
224.24041 293.17345
158.17401 284.92366
205.85153 207.59860
218.18935 210.90100
237.62347 182.86462
167.10710 220.17683
178.71713 229.07267
198.45767 344.16756
238.67175 338.91318
171.86612 308.71760
164.23543 311.89036
187.44199 344.98806
185.16942 345.09267
222.37251 204.87897
179.24722 306.61640
189.30778 209.95053
190.58580 201.95335
203.62445 159.77856
231.87820 194.74949
197.57568 181.80842
231.54037 215.07398
240.75298 208.51102
157.70784 341.76143
167.77057 342.46934
175.36721 343.34411
169.61799 310.36336
186.26714 345.04935
181.15020 346.97024
183.91069 345.15138
167.55983 306.59593
172.35049 345.48071
164.87476 345.85813
156.10011 346.42835
159.59405 367.96569
157.35233 358.46069
157.12728 353.78258
156.71746 349.66405
155.95266 346.30842
172.22066 345.53787
173.84166 346.99760
175.35663 349.04305
176.55036 351.56338
188.46212 330.07850
249.44671 288.45117
177.81436 345.39902
179.47049 346.09200
161.04802 315.78209
176.01735 312.04324
162.56368 313.92017
187.02617 276.30257
202.44668 282.50369
181.09784 301.15152
224.64416 169.10132
218.10008 185.43825
208.54404 200.03651
181.94476 358.96409
169.67349 206.80012
175.67483 181.18423
179.58299 155.12771
212.15270 250.41438
233.90495 260.22856
173.31260 250.17369
223.71455 232.42296
170.80754 264.79422
173.47551 300.20401
244.32422 266.50995
228.39496 267.08738
217.18627 270.93721
199.73861 270.11426
186.52188 266.75708
176.63139 262.64751
158.65260 252.58356
243.51089 287.85225
230.57792 231.53416
154.02044 312.51194
176.65279 281.17464
251.78050 242.67205
169.23364 257.68467
181.88834 301.24158
218.62033 239.69724
173.97023 293.26357
245.13709 313.30257
172.75350 246.72272
166.21658 288.06140
220.22468 364.51935
218.20193 374.93523
249.72835 288.74407
232.15114 350.82097
245.96427 225.50273
181.84474 396.63846
152.82813 314.28123
184.89299 288.06629
241.15272 248.31576
203.89899 246.84052
196.25823 248.36397
182.64955 348.17652
241.61781 308.18582
165.50052 408.90950
191.68071 396.76425
203.71246 388.19729
188.34550 248.55188
180.58938 247.90654
175.38490 247.59195
236.60747 230.00414
181.24736 237.18225
189.27545 232.47317
197.55725 230.89005
205.55673 232.09241
210.31123 234.84525
249.74059 219.18124
208.84273 244.72748
179.31852 325.45935
171.95974 307.42210
161.57891 323.79099
206.64901 377.45234
194.60891 387.33856
166.14373 402.82812
229.39071 359.50193
175.42678 243.08848
164.69491 268.58560
179.38878 404.01252
246.15253 311.07893
164.76850 345.80830
166.25714 348.33752
167.22852 351.55385
167.91145 355.64450
171.74339 364.29417
179.77399 344.74493
181.42440 344.14800
182.86687 343.45927
195.54979 336.36922
231.20197 314.33865
164.59352 258.02739
166.66192 238.06088
171.49751 239.13005
177.93739 345.28270
230.26870 337.43556
159.75124 237.71172
176.98289 375.81630
158.23518 263.86210
171.25381 284.19592
162.73534 380.63604
197.97210 358.24961
189.55960 308.57444
188.07965 368.50378
211.66141 306.66951
198.41596 317.93157
219.28535 322.06670
165.44398 393.39316
176.76151 289.21567
204.88193 366.30403
192.88491 377.36853
206.76145 346.40105
238.48418 325.09378
217.94296 348.18837
241.15798 331.74222
205.62585 329.68891
170.47755 274.75459
170.45495 304.88889
175.98966 306.40687
166.45662 298.71597
173.27123 227.08438
188.14431 218.54176
201.60657 216.29765
212.55244 218.33351
219.99385 223.52030
224.91000 242.91171
251.41910 267.05700
219.30961 257.40973
210.38642 260.75475
198.24590 261.39172
186.44424 259.85327
177.18316 257.24397
170.81870 254.28693
251.27822 265.10167
175.69823 308.52680
164.74944 278.11158
163.80691 306.07651
158.79050 310.67474
163.84227 307.46561
173.20840 311.16918
156.99041 311.73728
155.83593 313.50573
169.66743 246.97300
165.78508 248.90194
163.56675 250.17388
212.87837 237.09515
218.82266 232.56168
98.74496 240.15944
108.22158 240.22716
98.85442 231.01873
89.10011 240.07344
98.54640 249.33691
195.20990 240.81997
205.24533 240.40644
194.84346 231.74621
185.15804 241.14377
195.59579 249.87712
