208.17926 447.15705
207.73460 411.22352
208.15328 420.79157
198.39296 362.69708
208.14246 397.29918
208.85268 377.80797
210.90387 330.02053
121.24238 320.05968
212.36951 294.61276
213.25237 276.27859
217.28378 208.80868
207.86884 451.89407
207.58022 456.63669
207.45914 459.73535
207.46040 459.55896
207.25463 465.24226
206.93814 471.69012
206.53594 478.34095
206.91343 494.52040
207.68813 417.37346
194.92757 414.63584
69.52218 259.20220
157.98398 330.87064
145.68788 332.06325
133.10613 331.30474
115.10778 322.66266
168.04088 328.24448
137.22772 291.37464
151.52024 293.76996
123.59626 293.00601
114.51286 298.27797
104.40795 328.78222
156.33626 515.99691
115.65166 316.04055
63.41247 318.71544
88.44802 315.65598
142.33030 387.31844
190.60308 443.31488
191.53096 454.82478
173.91513 444.69832
162.70496 446.12019
178.00176 452.86642
167.45288 451.26804
145.45499 463.45759
196.54308 410.17192
195.48667 396.50472
94.84081 276.69701
171.90932 355.42016
167.35200 399.48819
167.25112 391.47726
101.81386 381.69513
196.91695 378.44471
125.22281 262.50344
107.50066 266.86278
82.42053 237.00181
182.90984 280.32241
163.54816 300.40054
134.50729 449.96462
76.15071 444.80885
176.55036 407.78416
186.78607 412.71066
147.73071 447.51831
150.97287 448.36411
99.49392 255.66657
166.66129 403.68682
149.42947 265.39038
147.36215 253.28481
138.65880 210.82369
90.42213 251.79834
144.61745 237.35960
86.09214 268.65541
77.47119 269.63410
190.66287 449.55430
175.89050 448.97585
164.98416 448.67638
179.41774 409.90316
149.39525 447.95463
156.29913 452.82999
152.63793 448.82611
182.78018 406.57392
169.42115 453.23625
180.00333 455.61161
192.76424 458.04008
188.40581 492.76430
188.98133 476.10154
189.79902 469.42162
191.14822 463.10225
192.71445 457.88456
169.42847 453.15584
166.95924 455.24745
164.20304 458.13574
162.01900 461.60866
150.34019 433.87275
65.24581 375.83886
207.81499 419.29303
161.64369 451.19466
158.97802 451.89465
191.04968 418.13535
170.65734 410.54001
188.98030 415.52364
157.65319 361.76528
134.54723 368.93038
164.81279 396.14810
104.45350 220.27110
111.68233 240.09822
120.02090 250.53212
156.18016 475.38951
179.29139 260.88484
178.05526 239.28326
175.07373 207.71402
121.94144 328.13746
91.18139 335.94027
174.09486 325.53898
101.37979 300.87761
181.30899 347.82665
175.18399 397.15872
73.36076 345.77077
100.81948 346.88391
117.83628 353.69129
142.44193 353.29254
160.37557 349.06699
173.18643 344.36670
198.44571 332.41369
74.15183 373.89048
90.64735 295.38144
200.78614 416.46866
172.28910 369.59317
61.17618 314.59585
182.94835 338.89236
163.75278 395.64171
109.16360 314.11254
175.50391 387.33096
69.23648 409.62919
172.42208 321.36114
185.88777 381.65091
99.84050 480.67447
101.88653 495.57032
64.32033 376.16784
84.03489 461.34808
70.21232 292.11145
153.62670 530.28746
202.35982 418.45586
159.79221 377.83874
77.11997 316.00205
135.01100 324.68404
145.80787 325.22986
153.99280 454.13161
75.06284 401.48002
177.66467 549.70494
138.94107 528.52937
121.89447 514.96199
215.46937 241.89551
205.13753 553.50153
155.66329 324.08582
164.79127 322.32007
170.24873 321.65114
80.19088 290.28259
160.57384 314.49263
149.61177 311.64316
139.42561 311.05251
129.49958 312.07864
122.96506 313.76309
63.18153 283.73723
127.25408 322.73618
208.40430 430.04265
164.63718 429.01197
176.62915 406.46008
189.67891 428.93447
211.66833 311.77854
118.28357 499.56106
135.51088 515.00228
176.66732 541.08217
87.24902 473.58192
168.56124 318.71074
189.31396 354.08719
205.11321 544.84207
156.65406 540.80247
67.83172 406.53423
179.97689 455.50520
177.50159 459.35323
175.49316 464.15597
174.01395 470.10062
170.25565 485.57725
158.98895 449.70706
156.52538 448.28751
154.48152 446.88353
139.25985 440.69114
89.93112 410.22702
190.14411 339.22619
182.68045 310.27234
174.46525 312.46176
161.67012 451.15275
87.87902 442.32856
195.85014 310.85961
162.85264 500.60764
209.54585 361.40955
198.26284 348.27887
210.21098 346.26181
179.76821 374.77098
205.54134 530.55596
206.25705 511.79490
183.76523 509.46112
133.37609 471.35699
151.69477 405.10142
147.02838 487.87034
118.73595 401.33402
137.30903 417.16817
106.30744 421.30543
178.72852 527.24790
172.12304 380.69928
122.21519 483.42687
139.49851 500.61736
121.74100 453.71602
77.44556 424.95345
104.72318 457.27301
73.15396 434.97546
125.16542 431.40111
181.18024 361.69714
178.84015 404.05922
171.06183 404.66101
184.53502 396.59774
171.85445 294.16399
150.94936 283.17905
132.65878 280.72081
117.44432 283.30468
106.70844 289.47805
100.20911 314.64314
62.21851 347.20195
112.22346 335.61484
125.99408 340.67707
143.54108 341.48920
159.32895 338.99397
171.08781 335.55181
179.06457 332.42856
62.84158 344.72043
171.23796 406.94300
188.55207 367.58376
187.49257 406.93814
194.10022 413.21506
187.60575 408.40501
174.56601 410.26220
196.58965 415.13280
198.05061 417.01654
177.70547 321.87767
185.18899 325.68456
190.30690 329.27149
118.77429 315.14360
108.81707 304.56892
220.78498 363.52041
304.72493 327.08599
221.17482 415.49827
362.14309 270.98790
266.63282 336.09940
278.70422 337.41760
291.30124 337.38088
310.53298 330.42898
257.28648 333.18080
290.35104 301.93429
276.17667 303.07247
303.75413 304.14673
312.24811 309.17542
320.56899 338.04019
255.59625 519.63624
310.71300 324.04700
364.02415 329.85149
337.47215 327.96249
277.92464 392.07136
226.15684 444.72613
224.01490 456.10097
242.63084 447.52449
253.12118 449.76918
237.59618 455.31704
247.96218 454.54559
271.97761 466.88577
219.06974 410.89003
220.86509 397.35802
333.48216 294.21800
250.15475 358.48457
250.56165 402.35694
251.41246 394.38354
319.36050 389.29160
220.86841 379.24667
303.27697 279.82792
321.20139 284.75195
350.15380 248.14015
244.36582 289.75431
263.84767 308.10757
283.79501 453.78927
343.90968 455.20979
240.83223 409.96879
230.17114 414.07254
267.27786 452.18021
264.05744 452.81216
330.32016 275.52298
251.25098 406.46935
278.84761 280.05954
282.00149 269.38202
296.57520 217.57127
339.12044 262.96680
286.64470 244.10183
343.33358 287.58526
351.84558 281.38836
225.42373 450.93047
240.18151 451.64964
250.68696 452.14190
237.84240 411.81630
265.60794 452.50014
258.62876 456.68181
262.36938 453.14091
234.01521 408.32918
245.78391 456.34076
235.24265 457.84928
222.56322 459.19641
225.17837 494.03902
224.53990 477.26592
224.33019 470.54209
223.65321 464.22363
222.55487 458.96345
245.79707 456.15904
248.26865 458.30285
250.68788 461.20556
252.40838 464.66014
267.48752 436.92351
360.11176 387.56653
253.48287 454.87357
256.11072 455.67019
225.80350 419.18051
247.10015 413.00066
227.85754 416.75232
264.25988 365.73639
287.25633 374.38912
253.84433 399.16172
329.53830 229.76474
318.36635 249.94697
309.62764 269.28514
259.76636 478.49152
249.89749 272.33069
253.44888 242.69625
260.46056 211.31701
302.94526 335.13217
333.69136 346.31901
251.67945 330.27078
325.43353 313.24409
240.89986 350.23073
242.18972 399.60731
351.12151 356.31623
322.48542 355.52889
304.29670 360.31251
279.14556 357.96621
261.42747 352.66116
248.93001 347.14784
223.47102 333.44218
348.56719 384.05714
336.59061 310.24891
214.65547 416.90486
248.47179 372.45387
368.11862 326.20134
239.82663 340.91779
255.44330 398.71610
317.23144 323.07188
242.84988 389.82252
353.82930 421.04839
253.71942 326.47509
232.15926 383.34733
316.21360 488.17206
313.28391 503.60305
359.60067 387.41152
333.54121 470.05473
358.53717 303.38220
257.42421 534.19754
213.40303 418.80231
260.81853 381.45798
349.86484 329.39679
290.46565 330.44993
279.56172 330.83791
260.73711 458.05360
346.13692 411.33865
232.16928 551.73655
272.96889 533.71578
291.70854 521.48381
269.89907 329.77382
261.30010 327.95863
256.08697 327.02348
347.90103 306.16582
264.91288 321.09701
275.54862 319.44742
285.77638 319.54939
296.13900 320.60466
302.94915 322.08350
367.64964 295.46487
298.48046 328.99394
253.00456 431.43893
240.65587 408.73994
227.45048 430.05266
295.90337 505.92537
277.32835 520.30347
233.06855 543.17584
329.88162 482.83103
257.39068 324.33182
231.41786 355.75496
253.82653 544.51441
354.16175 417.39322
235.31234 457.60112
237.55012 461.49447
239.16368 466.28150
240.09889 472.18644
244.27879 487.91257
256.32489 453.58869
258.78097 452.33554
260.94333 451.10086
278.92474 444.18849
330.05832 418.48801
231.95602 341.02642
243.76506 315.13611
252.18517 318.07844
253.61413 454.86791
330.48965 450.50342
229.52317 314.25217
250.44378 503.65203
222.21355 349.19001
239.75545 377.14773
228.40068 511.05068
282.69683 476.05210
267.17235 408.83818
267.69437 491.84654
300.96372 407.44811
281.30208 421.68346
312.59990 428.08983
231.77417 529.20014
247.63150 383.42799
292.90525 489.28140
274.35523 505.43330
295.58150 458.98334
342.25143 434.31940
312.45376 464.09926
346.66415 444.97146
293.26705 436.30585
239.61040 364.03346
238.07592 406.14404
246.40533 407.28502
232.26581 398.28538
255.56449 302.16768
276.90572 294.12089
295.32481 293.22765
310.54729 296.46642
320.92479 302.87102
325.67649 325.38313
363.28784 358.48226
312.00114 343.59123
297.31780 347.30922
279.54272 346.82153
264.03352 343.62680
252.78558 339.55495
245.21674 335.66479
364.48638 356.26512
246.22548 409.43096
230.79519 369.19943
228.62155 408.30079
221.86519 414.20441
228.76769 409.89814
242.92735 412.42807
219.05681 415.86359
217.82691 417.64254
248.40198 326.39884
239.76541 328.73732
233.49696 331.25855
307.32400 323.23690
317.74036 314.96581
141.73778 315.97852
154.10518 316.11300
142.10651 304.91193
129.18252 315.81073
141.35652 326.93771
282.53198 325.61613
296.04625 326.60857
283.90722 315.34725
269.09541 324.56640
281.25287 335.75243
