141.98410 334.29215
139.35425 294.98522
139.68293 305.20894
134.26020 264.46829
139.85688 285.02948
140.81938 272.92845
143.31448 244.31036
80.44585 242.49089
144.19516 223.79313
144.73875 210.82271
148.68765 155.98372
141.87905 338.05907
141.71357 341.52414
141.66985 343.77269
141.94216 343.96761
142.00173 348.50082
141.93575 353.65478
141.80872 359.20020
136.11969 372.44816
139.30006 300.40742
132.00497 299.66874
52.29819 201.00605
104.13168 251.70267
95.40356 251.87641
87.15552 250.59300
76.64103 245.43434
111.60679 249.67060
92.81737 223.75171
102.62329 225.41652
83.51681 225.04107
77.36555 228.76559
69.21868 250.34008
102.69345 386.19032
77.61790 240.17565
45.21624 243.83442
59.85381 244.06758
96.21363 286.43880
129.91911 331.46585
130.47512 340.35358
118.09548 333.09797
109.52145 334.82162
120.67950 339.55690
112.59568 338.97278
98.39333 346.68602
132.29393 294.27872
131.83794 284.80366
65.13331 218.83013
115.72981 264.34456
113.32781 290.69089
112.99691 286.02565
68.35368 284.28835
132.97337 273.60996
85.53618 206.93339
73.50764 211.03022
61.19860 183.03591
124.30567 217.52574
110.99614 230.01070
92.30050 335.24339
50.31910 338.99879
119.65073 296.33286
126.67849 300.07596
97.83749 337.34736
99.92552 337.91062
68.82912 205.18006
112.92870 294.78888
102.15191 208.19423
100.83292 200.40973
96.96379 159.52971
66.21437 194.52868
101.14970 181.03880
60.29366 215.24504
56.51802 208.31931
129.97548 336.41047
119.31347 336.48219
110.93045 336.88503
121.69859 298.28478
98.88983 337.62828
104.17855 341.07790
101.09545 338.21704
123.43209 293.53489
113.92891 340.57354
121.88902 341.66679
131.17905 342.76016
124.05150 370.51581
129.19402 357.53055
129.69807 351.98514
130.43604 347.00724
131.36719 342.90262
113.91570 340.61345
112.22329 342.16864
110.36568 344.45575
108.94839 347.28507
102.63800 319.30071
42.74340 288.84409
139.49576 302.72839
107.73692 339.54415
105.96777 340.20494
129.12323 304.14962
115.84877 300.64161
127.98203 302.18006
105.58262 269.06909
90.23976 274.28298
111.34489 290.18563
75.45016 168.83676
80.56544 185.07495
82.57233 199.72094
104.57102 355.78276
121.95860 204.50022
122.33168 180.27604
120.53387 155.56189
80.40196 248.65892
59.88676 255.81102
116.53147 247.36199
68.69425 232.63045
122.55518 258.53309
118.43886 287.51402
49.85144 261.17670
65.44133 261.40561
76.26515 264.59111
92.76020 264.62240
105.32965 262.17056
115.08082 258.39669
134.79229 246.38443
49.05322 281.18467
62.04043 230.87355
135.17802 299.78847
115.95515 273.07348
43.72376 244.01196
122.31898 253.61371
110.44585 290.96596
73.60342 240.17745
118.43863 281.81932
45.16508 313.38463
116.55013 244.44319
125.64692 276.79070
67.02273 361.24082
67.94083 374.23284
42.41587 285.48949
56.31712 347.63204
50.75713 224.57317
100.69353 397.24645
136.26320 302.15985
107.57058 279.44151
52.63590 245.79103
88.24717 245.75241
95.41821 247.03942
102.60847 342.26250
49.43282 301.54689
116.40559 412.18814
91.12622 397.39013
80.35796 387.82237
146.74788 181.59208
134.28589 415.58742
102.69133 247.00492
109.54548 246.01171
114.08879 245.26804
56.06501 229.41274
108.86742 238.48914
101.64265 236.01660
94.53770 235.04132
87.25428 235.76310
82.52816 237.42386
47.03265 220.17341
83.59200 244.09159
139.68596 313.00329
111.62213 314.22238
119.54201 294.70770
127.93700 312.50247
144.04787 233.82174
78.61170 374.97764
89.13077 386.20352
115.73393 405.15101
58.46152 359.40922
114.08049 241.91633
128.13950 260.66513
134.08327 408.68740
102.77281 405.84900
44.13351 307.92059
121.98326 341.70657
120.32542 344.63831
118.99258 348.43349
118.10446 353.20585
112.79034 364.12570
105.85871 338.35827
104.13294 337.21707
102.83358 336.09003
95.60332 326.07790
60.23524 306.13218
128.88966 251.76800
123.60529 235.99176
118.15499 237.93135
107.70831 339.49986
59.55494 331.51993
131.57284 234.79004
107.28350 374.80228
141.66373 263.36899
134.46339 255.90487
142.44124 254.26626
121.17216 274.67810
134.67436 397.96157
135.42944 384.55525
120.50171 382.04438
90.09001 352.41155
102.98527 298.61347
97.84396 365.03748
80.71513 297.13611
93.88235 308.03775
72.67737 313.02150
117.16416 394.65351
115.76981 279.76995
82.02004 361.99276
92.17427 374.86157
83.40763 338.47968
51.63523 319.34622
71.40690 342.01595
48.20429 328.80397
86.22122 319.86783
122.27383 266.76376
120.80407 291.65629
115.83928 293.79399
124.74335 285.65744
116.93905 226.26821
102.49792 218.80609
89.93580 217.16030
79.49089 219.37595
72.17772 224.38211
67.61324 241.99831
42.62644 264.35911
73.80553 253.97941
82.41280 256.71694
93.82977 257.75270
104.97334 256.63699
113.88457 253.93738
119.99085 250.95620
42.62032 266.24254
116.08824 296.31272
127.38099 268.59485
126.70887 292.56176
131.35197 297.94940
126.84037 294.29346
118.40069 299.38492
132.72177 298.95639
133.75843 301.32274
119.89254 244.37740
124.74072 245.83709
127.68317 246.55662
79.77711 238.83434
73.44378 233.57246
149.13083 265.36114
208.16409 249.94573
147.72932 300.65094
247.90621 213.26502
179.99451 255.67371
190.41012 257.25658
200.10945 257.15319
211.59216 253.05778
171.37425 252.19467
197.83167 228.57357
186.03796 228.49452
208.16895 231.31425
214.17384 235.94631
219.54031 258.99594
170.57345 391.24682
211.29004 247.76803
250.45710 257.99835
229.40855 252.68159
187.81025 292.37257
153.87961 332.36946
152.53493 341.07012
164.78978 334.63262
172.51580 336.60321
161.78330 340.67673
169.25246 340.35937
182.20728 352.39108
146.68385 295.25211
148.23527 285.74891
230.14201 226.15804
169.78753 267.66595
168.89014 294.09281
170.04193 289.34704
216.68456 294.48426
148.72977 274.47108
210.24393 212.89607
222.76400 217.82164
238.96231 193.73882
165.84258 217.99776
175.37213 231.67036
190.48829 342.00700
236.21424 353.55430
161.61639 299.01323
153.93380 301.64821
183.00694 339.00239
180.89178 339.43826
228.26334 212.01683
169.31042 298.18732
192.04142 212.11432
194.57589 204.57026
201.47427 165.49831
230.68182 203.51966
193.11711 185.35675
235.54476 222.61733
240.78925 219.36340
153.37807 337.25917
163.32178 337.82893
170.98492 338.45001
159.35412 300.58181
181.94790 339.21553
177.24341 342.73499
179.70807 339.72446
157.16772 295.84105
167.82154 341.81028
160.34214 342.65736
151.69224 343.41123
149.60513 372.51646
153.87526 358.68302
153.58303 352.99631
152.95893 347.85671
152.01228 343.55112
167.99406 341.90542
169.85464 343.77533
171.61509 346.34748
172.90667 349.49152
180.05608 324.50507
250.31966 304.79811
173.63881 341.00716
175.47449 341.73560
151.07792 305.47602
166.02436 303.63643
152.33580 303.61963
179.63889 273.93099
194.82399 281.34985
171.70876 293.74481
224.13718 177.48283
215.43932 191.78883
214.34355 205.68880
173.88863 360.62142
170.51297 205.65494
171.21712 182.66499
177.20438 158.82904
207.52276 256.05647
228.61788 265.96020
165.89196 249.02719
222.84251 240.20133
163.45185 260.95912
163.08329 290.27665
240.55201 274.39216
223.45557 271.62753
212.07482 273.65026
193.66619 270.82448
179.66624 266.03822
169.35723 260.74514
151.86716 247.36682
238.55845 294.53036
230.34594 238.84239
143.68630 300.33500
168.60810 276.20619
254.25414 258.76445
162.06826 255.02670
172.84092 294.67417
215.63467 247.77829
164.08121 284.46918
244.96588 328.81922
165.58440 245.99339
156.45298 278.51886
212.87711 372.07480
211.69974 385.51331
248.10934 300.29593
226.10968 360.25630
246.04494 237.11458
171.05032 402.55008
142.81351 302.52233
176.67355 283.76069
235.79790 255.24505
199.22814 252.57441
190.60164 252.83988
178.68262 344.07659
236.31346 314.94111
153.40176 415.13616
182.89828 404.47181
196.21823 396.95182
181.70878 251.50163
173.41078 249.00312
168.14604 247.29617
236.22145 237.56046
175.30375 240.92212
184.48615 239.69607
193.47702 240.25599
201.70550 242.24968
206.56020 244.56251
252.39642 233.57925
204.62637 251.37887
170.44264 318.01698
161.59544 297.49132
152.53252 314.11926
198.57605 383.94274
185.35063 393.52337
154.04435 408.04786
224.44765 372.31414
168.75504 243.74063
156.71786 262.29492
168.97969 410.87152
243.85420 322.50629
160.66349 342.77066
162.43533 346.02394
163.67432 350.10558
164.50367 355.22999
163.15882 367.70040
175.42580 339.82076
177.08353 338.78114
178.40498 337.82340
187.50836 332.39205
223.77932 317.75189
157.53388 253.47363
161.12961 236.38427
165.65249 238.90467
173.61180 340.91820
223.26147 343.31126
154.51933 234.47732
167.57790 379.30968
150.48809 256.81987
162.44574 277.12054
151.97874 384.51083
189.73727 359.26895
180.25858 303.31090
179.42391 370.80356
202.87886 305.46907
189.49099 314.30439
210.40512 322.53223
153.87366 397.47832
168.00391 282.76207
196.45935 370.02465
183.62349 381.53718
198.42442 346.38668
232.92853 332.42179
209.78720 351.74381
237.28781 342.73551
197.17038 327.39677
162.40563 269.10791
160.01141 294.29990
165.76773 296.97009
155.97210 287.57685
170.59920 227.18688
188.25177 222.21101
202.95782 222.63410
214.25715 226.05681
221.09042 231.76686
221.66113 249.91300
250.48571 279.07214
214.76057 262.47678
205.46196 264.12247
192.29851 263.33410
179.47741 260.27477
169.68962 256.10906
163.28282 252.20284
253.10664 281.83104
165.58514 299.35408
155.98944 270.25677
153.16813 294.34438
148.33987 299.14770
153.32302 296.23882
163.12449 302.05756
146.55384 299.87190
145.60696 302.00155
162.47979 245.45842
158.57729 246.37818
156.81965 247.12188
209.25614 246.27802
217.25710 241.13654
96.03487 240.51795
104.69290 240.68983
95.55891 232.60110
87.15678 240.25273
96.42643 248.28185
187.37875 245.79303
197.42907 246.61227
187.64649 237.67501
177.48614 244.92985
187.24171 253.76363
