140.59016 341.13411
138.11600 309.84689
139.21899 316.67507
132.24015 274.81671
138.24590 300.33572
139.04343 286.22541
141.59375 249.23976
78.14273 237.71680
142.56684 222.92890
142.71773 209.62390
144.73384 153.53994
140.67107 344.29064
140.70775 347.27549
140.79552 349.39677
140.69556 349.44930
140.65453 355.56847
140.54736 362.96622
140.50856 370.01738
139.19432 377.29385
138.43724 313.79882
130.31497 312.00886
47.44155 190.07349
105.17310 246.93785
95.84245 248.19216
86.81163 247.83778
75.18489 240.43295
113.01871 244.69368
88.38702 220.74942
99.63399 222.06347
78.75138 221.98783
73.08381 225.03235
68.13590 245.92346
107.47313 384.44646
74.76798 234.19675
44.06113 233.75541
57.98453 236.68625
96.77422 291.59019
130.14325 337.85797
131.68099 345.94541
121.00211 340.52109
114.79707 343.65116
124.17447 345.79626
118.19968 346.56327
100.90909 354.63629
130.72123 309.10551
129.56492 299.92302
59.61034 215.72228
115.20179 266.90243
111.94388 301.75154
111.83745 295.69558
70.81960 287.53739
130.73674 286.70557
79.26762 210.70253
67.00837 211.37015
54.91156 174.87444
121.55726 222.77557
109.58697 226.21971
95.26040 344.94203
59.70795 321.12427
118.66128 307.69516
125.52905 311.28454
106.64641 348.96496
108.65142 348.83274
62.47845 203.56209
112.21677 305.10782
97.01901 214.01543
95.20592 205.68949
89.81290 156.52826
59.95023 188.44280
94.45702 179.41950
55.06480 209.12147
51.83728 199.99685
130.74458 342.51098
122.58134 343.45411
116.40136 345.19470
120.82953 309.37420
107.66831 348.92691
111.23378 351.15589
109.75903 348.72704
121.80898 306.30509
119.56599 347.59787
125.51778 347.38106
132.56842 348.15405
127.40977 375.80619
129.44299 368.59036
130.08534 361.46543
131.15845 354.08583
132.47836 348.27321
119.56176 347.53002
117.43762 350.41927
115.22376 354.05802
113.43161 357.98542
104.24229 329.32733
47.54391 271.91387
138.82817 315.12136
115.11224 348.03303
113.20302 349.51998
128.28902 315.35072
115.46677 310.44099
126.96568 313.41161
105.99994 271.69880
91.06471 277.81597
110.83197 299.17578
68.15959 163.36436
73.38977 180.93594
76.18092 201.93615
107.61985 362.36485
118.11791 210.25379
117.13361 180.09355
114.54787 153.57580
79.32187 245.17435
59.12494 251.92199
117.90889 242.70577
65.09692 227.17031
121.32987 261.48718
116.29550 299.90126
49.91341 256.94174
64.85505 261.26220
76.08182 267.18690
93.50779 266.24138
106.36775 262.11585
115.48817 258.20969
132.87535 250.98022
52.30134 278.44117
58.28288 224.57505
133.85011 313.24296
115.60033 278.04237
43.12117 228.67181
122.36659 254.20827
110.64669 298.55252
71.17259 234.02385
116.51849 292.51922
52.41584 295.59336
117.65837 238.94594
123.23874 288.67660
75.68963 353.56608
77.53516 360.70962
46.73001 275.29564
66.24877 337.59147
47.50306 215.14820
106.24736 392.43413
135.17110 314.56138
107.87614 284.25289
51.56995 236.17539
87.29119 242.23836
95.39510 242.71704
109.45828 352.97025
56.04842 297.62117
122.06475 406.21961
98.47144 388.09706
88.89222 376.69731
143.60928 181.04305
140.39172 409.41084
103.35727 241.41291
110.95969 239.74127
115.70967 239.26639
52.87709 220.13653
108.61399 231.76024
99.90218 228.98524
91.20375 228.66344
83.26241 229.94369
78.79086 231.78740
43.87568 207.03424
81.85199 240.24177
139.24245 323.36568
112.01655 324.63350
118.24986 306.55473
127.27570 323.28045
142.46133 234.74534
85.67162 368.56133
95.47566 380.37925
120.65055 401.59878
68.47167 343.20731
114.78516 236.08816
126.37339 267.40242
139.36547 404.94264
108.95961 398.56488
51.43353 296.63562
125.44179 347.45869
123.33424 352.09284
121.53540 357.79456
120.23450 364.17849
116.12069 369.99949
113.44884 347.67769
111.63380 347.10451
110.17743 346.36448
98.44569 336.38795
66.60027 306.48868
127.15926 255.60625
123.52422 234.31662
118.15116 233.93173
115.14605 348.19583
67.98610 327.55359
130.95938 236.58467
111.48269 376.50245
139.96634 273.88336
132.39625 263.62333
140.75576 262.14475
119.77748 282.70935
139.14231 396.69678
139.18860 386.25354
124.55430 384.02192
93.22186 356.09511
103.18446 305.59235
101.34190 367.17596
83.41748 302.26710
95.28621 315.03690
77.58374 316.62975
121.62753 393.70588
115.15389 286.83740
86.85437 360.77998
96.92820 372.99592
86.96412 343.54108
60.07594 313.61001
77.60314 341.51591
57.40741 317.01103
89.57183 327.26276
121.04583 272.46574
118.93628 304.68231
114.50124 305.41449
122.29644 299.62896
115.15521 226.27668
98.78135 219.71997
84.73258 217.77191
73.93456 218.57832
67.34008 221.48965
65.41335 235.40658
43.96684 254.36038
72.96096 251.56234
82.19193 255.84701
94.54240 256.11731
106.10322 253.63213
114.86419 250.78645
120.77191 248.51351
44.92556 249.86791
115.17243 307.31304
125.46067 277.92650
124.63464 306.70839
129.48985 310.87068
124.95272 307.49766
117.81464 309.99263
131.10621 312.26899
132.34475 313.65359
120.67401 240.24280
125.24049 244.05085
127.57663 247.55403
76.40431 233.14638
70.05536 228.48301
148.05915 275.13864
214.06924 238.65716
148.17673 312.36208
250.57206 194.01119
184.52935 247.61022
194.63546 248.64760
204.49340 248.53024
217.73576 242.06977
175.99870 245.38356
202.86193 220.62564
190.33385 221.66977
213.70137 222.33030
220.13638 225.98379
225.61467 248.57530
173.45033 386.34714
218.11553 235.70360
253.80851 238.17797
237.12582 240.57425
188.07416 293.68882
151.34103 338.30086
150.08469 346.46284
161.32376 341.41201
168.12430 344.77460
158.23466 346.66626
164.82652 347.60959
179.97866 356.33799
145.84260 309.42280
147.34704 300.32142
234.59817 218.22536
170.58535 267.97984
169.08870 303.04833
170.11809 297.02920
216.81657 290.94073
147.73768 287.05524
211.86665 210.07928
225.79823 212.40958
241.63359 178.18238
165.63561 220.82352
179.44051 225.87113
186.26078 346.93354
238.30102 325.96924
162.00772 308.59168
154.47047 311.93097
177.54565 350.51126
175.45876 350.25577
231.38650 205.38101
169.39717 306.39998
192.16027 212.26364
194.46099 204.19101
202.26523 158.40017
233.82649 191.29008
194.76620 181.07318
240.27226 212.68612
243.77513 203.56897
150.90798 343.01541
159.78528 344.36538
166.58519 346.26458
159.83128 310.19728
176.46476 350.42539
172.37435 352.59045
174.32030 350.06207
157.26884 307.01950
163.45626 348.51621
156.95367 348.12225
149.40131 348.61129
151.59674 376.41941
151.82849 369.31250
151.23334 362.07607
150.36307 354.60545
149.26919 348.74558
163.32322 348.56578
165.45193 351.59054
167.62637 355.44462
169.40198 359.52381
176.71641 330.98358
253.11276 276.36385
168.32022 349.17417
170.33273 350.81852
151.13663 315.98274
166.24656 311.69993
152.71901 314.07691
180.12069 273.15736
195.38871 280.08223
171.61870 300.62333
226.43784 166.02547
218.35757 183.28066
215.68869 201.86180
172.68603 363.82161
169.77380 207.90353
170.70723 180.99098
175.90480 154.59218
212.80633 246.27931
235.71900 255.60754
170.51749 243.23138
229.00647 229.62350
164.12362 262.26828
163.39240 300.97745
244.04504 261.16467
229.06730 263.98910
216.33923 268.99500
196.84136 267.57185
182.64262 263.25332
172.48605 259.01918
150.89396 251.28541
240.27375 282.84293
236.66463 228.08576
143.26814 313.43389
168.76483 279.15693
257.44487 232.99510
164.98330 254.34667
172.61548 300.03471
222.34492 235.90457
164.31943 293.63230
247.45326 300.26278
170.64795 239.40363
156.27589 289.44136
212.85777 357.54846
213.81398 365.05615
250.31342 279.89052
225.42401 341.99941
249.28729 219.21638
175.18840 394.54093
142.61273 314.68588
176.89723 285.80048
244.56013 241.28622
203.85373 242.28754
195.19330 242.76306
174.24798 354.50928
236.00522 301.99152
159.43343 407.47314
187.25516 391.06865
199.36604 380.39560
186.64113 241.77745
178.39835 240.37032
173.02094 239.94378
243.08213 224.68635
180.97739 232.44619
190.37413 229.62228
199.71766 229.25265
208.40808 230.69222
213.38780 232.86365
255.35043 211.32496
209.81576 240.65330
168.58001 325.95347
162.01361 307.48479
151.87278 323.95205
200.35441 371.99537
188.28215 383.28479
159.12564 402.76767
226.42594 347.87229
173.98230 236.68406
156.55347 268.01898
174.23734 400.69106
244.73420 301.33929
156.83860 348.25904
158.79393 353.03069
160.47444 358.90602
161.74754 365.46383
163.42009 370.94873
170.22034 348.79192
171.97844 348.29664
173.47539 347.60450
182.74951 338.26166
221.93242 310.22824
157.44508 256.19392
164.18032 233.68428
170.00371 233.74428
168.45446 349.22528
221.09168 331.49232
155.83186 235.41398
168.94736 378.02661
149.57503 263.94513
162.57603 283.70997
154.65215 384.80921
189.15654 358.63076
180.23570 307.43503
180.16812 369.30632
201.79934 305.09900
187.97545 317.34159
208.21673 319.83359
157.68529 394.76185
168.02811 287.99843
197.35028 363.88341
185.59588 375.59221
196.17251 346.41173
231.58173 317.90936
208.27367 345.01690
237.38721 321.72069
193.63381 329.83800
162.65940 273.35531
160.17941 305.54568
166.04691 306.56278
155.82007 300.39269
172.94604 225.18331
190.80552 218.76191
206.42430 217.39263
218.55149 219.13205
226.22447 222.99115
228.60902 238.28560
253.69069 258.86411
219.95488 253.62833
209.52325 257.37226
195.88778 257.23586
183.17769 254.70889
173.60144 251.67892
167.11779 248.91333
256.19214 254.11808
165.81357 308.42901
155.70397 278.59830
152.97702 307.33287
148.49465 311.35882
153.40045 308.17030
163.35973 311.00368
146.37355 312.59491
145.75145 313.89827
167.26548 240.34380
162.19237 243.87665
159.39389 247.06910
216.13473 234.44420
223.55182 230.10508
92.81920 233.87669
102.69585 233.50771
92.70533 224.65146
82.86559 234.23885
92.89645 243.22771
196.76675 234.96447
208.07568 235.11227
196.92628 225.26435
185.35481 234.72384
196.58244 244.70031
