145.78478 384.20838
140.78772 354.05535
142.63245 365.07376
131.78928 315.43512
140.09718 342.01538
139.81760 327.24081
139.10589 289.78974
76.19875 281.96569
137.56855 261.14111
136.71974 246.19750
137.67876 182.47561
145.50531 388.08155
145.33405 391.95062
145.32948 394.67576
145.66719 395.15965
145.28748 399.85881
144.76877 405.63069
144.32961 411.76248
148.11062 435.32387
141.46927 360.74995
133.91674 359.62108
45.94618 227.06567
99.05077 292.36676
90.60749 292.42363
82.43023 290.94373
72.23852 284.51161
106.16190 290.59560
90.00530 263.34589
99.26804 265.54848
81.18368 263.85559
75.09285 267.09655
64.60068 288.65485
114.79475 447.54618
73.39855 279.22916
43.88933 278.00710
56.32648 280.29933
95.85604 334.18353
132.93919 381.53475
133.48627 390.90620
120.91311 383.71203
112.87300 385.79148
123.78431 390.47130
116.42702 390.31996
101.58987 401.52443
133.44656 353.10765
131.58907 341.19639
64.67300 255.89928
114.40205 309.27533
113.35176 345.94480
112.70477 339.14389
67.93262 328.32980
131.54753 327.45092
85.88669 248.33594
73.68328 249.89283
52.55960 206.59634
121.11670 262.36594
106.87504 270.40484
94.38232 387.13336
60.29392 391.57636
120.49854 354.19681
128.61515 358.87702
102.96711 389.64356
105.30296 390.17428
70.34121 242.26794
113.58637 350.08158
101.34508 251.69498
101.13771 242.53010
86.90384 182.80742
58.90713 220.34149
92.67956 208.08825
60.43188 249.94941
51.02976 235.87821
132.90073 386.52681
122.19410 387.19420
114.49623 388.05116
122.89762 356.32798
104.14562 389.92216
108.98069 393.37285
106.56811 390.42141
124.38971 352.39633
118.25659 392.12868
125.37550 392.84521
134.42366 393.69687
134.16937 432.20790
131.68554 409.65172
132.47461 403.64765
133.59877 398.18879
134.93595 394.10870
118.53033 392.36773
116.62643 394.05964
114.48050 396.59594
112.73745 399.66422
103.66428 371.20336
48.63537 330.99549
142.08050 363.60651
113.13805 391.56747
111.03685 392.33094
131.97062 363.27792
117.11361 356.23058
130.42566 361.26204
105.53911 313.59620
90.27435 318.26537
111.66937 343.31439
65.83286 191.76850
72.41636 210.84100
84.27902 239.18554
109.47090 413.55553
120.40012 248.06724
113.83316 209.81039
110.34391 180.56979
75.77927 288.46578
54.88064 293.59911
110.73816 288.52839
66.30648 269.89542
120.23476 303.46402
118.05620 343.46165
48.81029 299.48213
59.17114 301.04807
69.07915 305.93430
85.57827 306.99842
98.28402 304.97222
107.75549 301.63351
130.47018 291.15922
49.31612 323.29220
60.00032 266.95026
136.91360 359.65983
115.16182 321.10603
43.73215 277.46344
115.02117 297.34614
111.04086 343.15494
69.85043 278.50364
117.52542 335.26201
53.05296 360.59845
110.59196 285.27874
124.21827 330.11603
77.02833 419.04027
81.86672 434.89908
44.22985 327.58668
64.10778 402.13228
47.19873 255.34085
115.68636 460.59749
138.57660 362.75881
107.43093 327.44435
49.12523 280.90273
84.23159 285.69842
91.40589 286.84786
107.25842 394.67070
51.27094 347.25689
135.69962 478.28115
108.63966 462.16729
96.64928 451.24075
138.11495 213.23735
153.52442 480.85562
98.31898 286.76505
104.71434 285.95260
108.70255 285.62629
54.32560 263.41251
103.95451 278.90407
97.13537 276.08228
90.44487 274.92325
83.52165 275.35133
78.70237 276.81420
43.07360 249.43411
79.50003 283.88741
144.51357 370.35792
112.76245 368.02684
120.16151 352.91479
131.47366 368.89765
138.98264 274.58069
90.90206 435.46028
102.86366 448.12657
131.71410 469.94619
70.58119 416.61604
108.50193 282.68148
125.43386 308.86418
150.90361 473.62228
120.96346 471.31496
48.14877 354.36940
125.74961 393.13261
123.88411 396.08984
122.25309 400.23089
121.07315 405.40516
120.04536 424.30469
110.65382 390.15848
108.61574 388.90874
107.06570 387.59711
96.91851 377.22822
61.30655 353.07103
125.58430 296.71242
118.58915 278.34796
113.01857 279.06913
112.93560 391.41909
63.95226 382.94069
126.37829 278.80842
116.68159 435.08556
139.47456 314.82740
131.08364 304.27261
139.23790 303.07872
119.81178 325.28091
149.13984 461.61555
148.19645 447.55925
131.79506 444.10648
96.66433 408.23410
103.53977 350.13192
105.54718 423.36098
80.68335 344.94644
94.67821 358.81815
74.47189 362.24116
130.51556 457.75986
115.19947 330.35369
91.30964 419.94085
102.84660 434.45130
87.90142 391.13399
55.15890 368.25179
77.02089 395.82221
54.01466 379.42820
88.63871 370.15479
120.40791 314.92335
121.24670 349.86744
116.21107 350.75955
124.34250 342.08571
113.03448 268.57465
100.22453 260.37610
88.44656 257.34619
78.20524 258.03286
70.66542 262.25547
64.17398 279.20991
42.66396 302.37077
68.44446 293.47194
76.54001 297.22814
87.89610 298.99818
98.94199 298.24546
107.44907 295.97448
113.41013 293.42923
46.14765 303.92390
116.87099 353.03987
125.19354 319.34912
127.21062 351.28844
132.82578 357.58988
127.90516 353.46193
119.60751 356.17867
134.19420 358.77795
135.95779 361.62784
113.94457 285.82475
118.40994 288.56260
120.97376 290.38912
75.68417 278.15030
70.73030 271.73363
147.66287 317.02828
211.18078 289.28480
151.65932 361.61062
242.64568 240.04385
182.76333 294.62129
192.06818 296.32341
201.40129 297.42384
215.01976 293.31410
175.01934 292.12211
199.81251 268.59255
188.52383 268.64067
210.12650 271.22611
216.50995 275.78617
221.86218 301.12297
183.79948 453.67398
215.33298 287.22722
248.78178 294.88628
232.78179 294.59474
194.94036 345.65651
159.26895 382.22119
157.60235 391.58170
171.97178 384.89511
180.37014 387.64674
168.11478 391.54465
176.09383 391.87962
195.54752 412.64761
148.37315 354.62077
148.68185 342.78267
229.33289 267.38407
172.53735 316.16108
173.08432 351.84408
173.95624 345.33931
225.56137 345.82797
148.36164 328.99195
207.10766 255.18436
220.54737 259.54550
230.84179 219.53500
163.47597 259.72053
178.71744 271.94451
203.67867 400.65395
244.48235 400.24029
166.45699 358.64827
158.76661 361.93168
190.22911 392.08693
187.86385 392.31871
225.69962 252.86596
174.65908 356.09105
188.86120 254.38265
190.90706 245.89623
189.84241 192.22800
224.14391 235.42326
184.01497 218.17789
234.99176 262.68104
237.15321 252.09880
158.57092 387.24521
169.98205 388.43972
178.26408 389.77665
164.39596 360.42313
189.01775 392.19360
183.34120 395.83643
186.53948 392.47819
160.50257 356.20033
174.35083 393.46294
166.34815 393.79066
156.66107 394.36055
162.20247 435.86319
156.87880 411.44097
157.07106 405.19901
156.92160 399.44564
156.64780 395.00580
173.94085 394.11645
175.29949 396.36822
176.79266 399.41136
177.86434 403.09340
190.41800 382.97950
249.90021 342.22594
179.98058 393.51231
181.62270 394.50481
155.83693 365.85531
173.06709 362.28358
157.28226 364.08847
183.58027 322.75961
200.78188 331.03724
176.61207 349.93329
213.59497 203.66512
206.16947 223.97725
210.73011 247.00354
186.49977 422.92080
167.42172 245.96466
162.53950 215.40701
165.97107 185.87850
209.80686 296.56349
231.15524 309.54779
170.11543 289.62688
225.05016 280.79609
164.66833 308.92672
166.01387 348.47885
244.12380 318.12440
224.38046 316.61652
211.82383 319.47227
193.05912 315.61472
179.47418 309.77892
169.56875 304.23309
148.66285 293.62367
246.51264 341.94074
231.95427 280.04824
146.22812 360.69472
171.62720 327.58755
250.01579 289.52990
162.34215 298.28685
178.76247 350.49549
219.62429 287.75665
166.63912 340.38140
248.99635 370.55503
170.99062 286.27124
157.44785 333.38682
225.50758 429.98471
223.92097 440.75045
253.59505 344.47304
238.09883 415.02555
243.76503 271.78107
185.73193 465.12053
146.03254 363.49672
181.84883 335.89618
240.29850 296.91996
200.99211 290.70790
192.86915 290.08151
184.88277 397.52401
247.47921 365.44272
171.21813 478.34500
197.33097 463.41304
208.97030 454.28900
185.23611 288.81401
178.00539 287.36568
173.21787 286.82282
238.39226 277.82264
180.23613 280.70156
188.67764 278.79100
197.08115 279.00050
205.25589 281.02018
210.31532 283.67106
248.62877 262.23597
206.81646 290.27653
179.48660 376.70017
166.01198 357.33941
158.50632 372.48374
211.54127 443.59239
198.63920 454.23667
169.53024 472.19223
235.50697 423.80773
174.02193 284.08102
156.48746 312.35583
185.04436 471.79859
252.50626 369.99244
166.09730 394.54531
167.13688 398.06928
167.91874 402.76889
168.26538 408.48593
175.52122 431.23323
182.46578 391.99636
184.44469 390.96333
186.30053 389.88270
199.21358 390.97022
235.00092 371.35396
156.37926 300.72157
163.31593 277.30679
169.80593 279.42546
180.28883 393.06769
236.40121 399.01073
153.50405 276.16545
179.84863 441.97489
148.19628 306.04921
164.79794 330.23470
164.41084 447.73840
202.00068 418.54563
188.23956 359.62555
191.97674 431.88687
211.81862 360.31128
198.63508 371.13873
221.63433 378.75399
167.33887 461.04649
171.58709 336.48525
209.38641 429.54446
196.21889 442.06489
210.81978 404.22414
245.59975 385.08083
222.94136 409.60946
247.95906 393.40948
207.86543 384.59607
164.09950 320.00750
163.10495 354.20953
170.13557 355.97724
157.43143 345.40301
171.84532 268.38527
188.21970 263.46009
202.65430 263.52877
214.34336 266.63145
222.07745 272.18231
225.04971 290.99300
251.99940 319.58196
216.41891 305.13003
205.92148 307.15076
192.84397 305.34812
180.87242 301.61819
171.80269 297.77432
165.61041 294.12688
249.60964 315.56435
170.56564 358.23216
156.39397 322.64963
155.39301 354.22047
151.74583 359.92640
156.29738 356.68499
168.96788 361.25834
149.52906 360.47595
149.27219 363.06471
167.16194 286.26069
161.00348 288.03912
157.05269 289.74298
213.23437 285.69572
220.23655 281.05001
91.42981 282.30815
100.09785 283.19598
92.30928 273.34176
82.64612 281.30873
90.55244 291.06565
196.99142 284.80592
207.13781 286.27861
197.38058 275.53579
186.70919 283.24307
196.52582 293.90794
