149.23020 310.87362
149.97704 291.03051
149.49937 296.79373
143.51456 257.74158
150.36362 281.72366
150.95277 268.28083
152.71327 234.45754
88.71665 225.18503
154.23888 211.98991
154.80582 199.41928
156.53273 144.95633
149.24216 313.80092
149.34951 316.65101
149.56878 318.56803
149.76132 318.26931
149.84052 322.57101
149.84664 327.53133
149.95873 332.47624
147.16237 346.67001
149.76825 294.93232
140.28252 292.92697
50.91246 182.25457
114.45338 234.08289
105.28981 234.93873
96.26323 234.32957
84.81473 227.83903
122.08802 231.95321
99.78904 209.90152
110.42769 210.61384
90.47183 211.55214
84.71700 214.57674
76.31783 233.12496
112.96450 361.62232
85.31701 222.11112
46.22834 224.36981
64.98366 225.84739
102.96328 273.63020
136.87602 307.98035
138.16233 314.97596
125.99789 307.77548
118.88327 307.73148
129.03052 312.94186
122.09626 311.21184
105.62959 325.74785
142.14482 290.38324
141.38533 281.27520
71.72206 209.01668
123.87564 251.23276
120.54404 282.22708
120.56458 276.51668
74.07897 270.28737
142.42291 268.74795
94.30732 202.69384
81.16074 204.54569
60.20226 167.18916
134.64963 211.20981
119.62960 214.10930
98.12529 316.88938
55.14512 309.80877
126.96183 287.98635
134.29251 291.35907
109.25444 307.77744
111.38242 308.50045
76.03923 198.18447
119.97281 284.74001
111.97963 204.25968
110.37528 196.81864
99.13649 148.33189
67.19386 180.22849
105.11603 169.84461
65.66230 203.29782
57.20689 191.97492
137.22415 311.77552
127.43018 310.47651
120.35682 309.47058
128.89531 289.32057
110.38415 308.16809
115.30122 312.04756
112.38137 308.86457
131.69225 287.63838
123.55109 312.58772
130.57627 314.79439
139.30085 317.09524
134.96400 345.50447
138.04063 330.50269
138.22837 325.63793
138.85052 320.83841
139.70454 316.86698
123.93384 312.57658
122.47598 314.25762
120.88301 316.39509
119.69941 318.88617
109.07969 305.18472
45.89595 262.42755
149.60540 296.03693
118.54676 310.81128
116.93406 311.38536
137.43340 294.99035
122.61433 289.27020
135.93394 293.26651
113.73978 255.65809
97.36083 261.08409
118.77782 279.43410
75.40065 155.55576
82.42331 172.30134
91.17404 195.14327
113.18074 333.68552
131.98075 199.41709
128.55553 169.99878
125.31897 145.10352
88.84866 232.02347
65.76999 238.85486
126.95422 230.04793
75.56813 217.61351
130.74702 246.19162
126.31392 281.23803
53.08839 244.31399
72.48824 246.66412
84.59775 251.46090
102.34502 250.74472
115.25269 247.19336
124.53551 243.47170
143.62065 236.18921
53.65624 264.03778
67.48214 215.85973
144.88099 294.40073
124.08284 261.18860
44.04778 220.12341
131.74128 239.59026
117.90961 278.83891
81.44107 222.43575
126.55385 274.19935
49.23751 285.56434
126.71767 226.76078
134.31300 270.72726
73.43936 336.49888
74.82844 345.64590
46.10320 264.08535
61.99715 322.75218
51.32176 206.49880
111.24852 371.42871
145.67698 295.46379
115.25092 266.82011
56.23912 225.78962
97.61838 229.28665
105.44202 230.00242
113.90715 312.86088
54.75671 282.83103
127.94230 384.67790
100.98557 369.67570
89.04836 359.70130
155.53561 170.97342
147.00101 386.95484
113.01932 229.13026
120.30028 227.65100
124.83271 227.15494
60.09269 212.04862
118.21986 218.85916
110.03739 215.73510
101.85075 215.36074
94.11980 216.88863
89.66502 219.09679
46.00123 198.86905
92.36399 227.41208
149.23192 302.16383
118.70160 301.60417
126.99828 287.27480
136.23870 301.46783
153.51212 222.14221
86.42920 349.70436
98.44230 360.65183
127.29216 378.75030
64.03277 329.93248
124.03317 223.65765
136.73016 251.25388
146.95569 381.26935
113.45259 378.52802
48.78936 284.82141
131.08943 314.70054
129.65874 317.66997
128.52298 321.29829
127.94791 325.66677
122.79692 340.60137
116.53077 309.68787
114.89930 308.64535
113.50678 307.57583
101.60985 310.28004
65.89639 289.52200
137.31656 240.60127
133.49543 221.55989
127.50766 221.40556
118.32171 310.76155
64.98538 310.70773
141.54492 223.27299
117.44510 350.92989
151.53590 256.83251
143.43211 247.52137
152.08333 246.07034
129.53028 265.28527
147.09462 371.65041
147.16803 358.65073
131.80754 357.06883
96.90610 331.05093
109.50227 285.40647
106.45928 342.15489
86.49054 283.68005
99.71139 294.01855
77.92693 297.35600
128.62380 369.34541
123.92382 268.91909
89.09488 339.13766
101.06385 351.03276
88.91749 319.33935
57.01405 298.57155
76.97593 321.39234
53.29455 304.24723
91.51542 304.22032
130.55573 256.06093
128.88816 285.98608
123.07084 285.91727
133.41430 281.19831
126.42779 214.42032
111.31707 209.17353
97.94539 208.06525
86.99700 209.40814
79.50307 212.53084
74.33389 224.23112
44.95107 244.08482
81.72740 237.84887
91.08666 241.47855
103.55729 241.93308
115.06907 239.89207
123.74667 237.18686
129.77164 234.88562
44.66708 240.95130
123.19718 287.20479
136.17724 260.81353
135.53105 288.19797
139.92822 292.15154
135.31573 288.98413
125.38552 289.31188
141.83263 293.47022
142.55744 294.54270
129.77210 227.63281
134.49124 230.55828
137.32240 233.30504
87.22377 220.76083
81.15542 217.95140
159.48645 258.04285
219.24847 229.18774
159.26364 293.32898
259.42342 185.02686
191.65133 236.77047
201.03629 238.01550
210.30909 237.65913
222.78521 231.64798
183.90672 234.17913
208.92905 213.00311
197.74915 213.27248
218.41992 215.06958
224.07073 218.37446
230.57704 236.70220
182.25024 362.41900
223.07029 226.08744
260.69783 226.90952
242.84035 229.95024
198.80223 275.23080
161.54622 308.65459
160.48192 315.77782
172.88022 309.25030
180.24340 309.95592
169.86831 314.47253
177.05245 313.37603
191.60985 327.06633
157.92388 290.66896
159.32847 281.61734
237.99641 213.19378
180.27482 252.24538
180.09188 283.59041
180.62323 277.88744
228.08617 272.45484
159.44176 269.06412
215.80529 206.27748
229.05869 208.48387
251.33244 169.92198
173.63313 213.69779
187.82157 216.53735
199.84038 318.27375
246.65582 311.64874
172.98230 289.09678
165.24094 292.08913
190.36433 311.34799
188.05594 311.92120
234.99228 202.43705
180.21228 286.12294
197.45463 207.44521
199.64080 200.40615
213.41565 150.12001
243.37880 183.39922
205.81734 172.13465
244.35784 207.90319
252.41071 195.12981
161.20301 312.54510
171.39958 312.02931
178.72117 311.65405
170.74841 290.30809
189.19074 311.64935
184.70649 315.20445
186.89889 312.19121
168.61712 288.51237
175.83062 314.66574
168.45330 316.21250
159.67162 317.80856
159.69468 346.01192
161.74649 331.61039
161.29496 326.57768
160.56031 321.63254
159.67757 317.61441
175.68127 314.79220
177.41826 316.64869
179.20903 319.08405
180.66260 321.78041
189.46328 306.38473
258.96725 264.87994
181.03139 313.61208
182.87045 314.35276
161.73785 295.68896
177.02143 290.54417
163.42053 294.01742
189.84105 256.94210
205.62005 262.78013
182.07681 280.87216
236.85807 158.01356
228.59475 175.35774
219.71516 199.03368
183.10660 334.78431
177.19584 202.67185
182.29848 171.20565
187.60424 146.04153
218.14469 235.65832
240.89618 242.48656
179.07977 232.04027
233.05079 221.68600
173.92896 246.99071
174.55163 282.38367
251.64315 247.15029
233.16706 249.66145
220.41703 253.80688
202.50817 252.58186
189.72329 248.73464
180.64257 244.84989
161.74941 236.50460
249.51993 266.81345
241.29472 220.11614
154.71387 294.57344
178.89329 262.23978
263.74814 222.51242
173.85085 240.83192
182.98381 280.25212
226.92551 226.43406
175.05288 275.33203
254.25080 287.96649
179.49845 228.85397
167.51111 271.44283
224.81637 337.77115
223.42631 346.61542
257.67075 266.68081
237.56886 324.25066
256.96523 209.28653
183.66101 372.14859
153.60705 295.64104
187.06586 268.13442
251.66295 230.34926
209.54943 233.20095
201.32863 233.61744
186.33796 316.18005
247.25583 285.32732
166.17329 385.00421
194.89184 370.11724
207.97232 360.34831
193.46974 232.31302
185.98685 230.35405
181.39073 229.51395
248.86544 216.68000
189.14222 221.24308
197.85025 218.35953
206.45467 218.31961
214.31950 220.21958
218.76468 222.75070
263.13954 201.46805
215.24459 231.38837
180.06511 302.70192
173.10973 288.42147
162.46260 302.12755
210.57494 350.85599
197.52885 361.57269
166.78527 379.19995
235.91531 331.23391
182.59929 225.87891
167.15583 251.84756
181.39788 378.91420
253.55717 287.18162
168.41628 316.23660
170.02663 319.35335
171.29000 323.22658
172.20885 327.85584
172.54227 341.44929
182.77678 312.45862
184.42467 311.48404
185.96476 310.48832
196.72856 311.48192
235.18740 291.60620
167.70852 241.20123
173.64314 223.44033
179.15187 223.51233
181.08649 313.43796
234.98067 312.42183
165.71009 224.81350
177.94938 351.69342
160.64540 247.81581
172.99792 266.25994
162.83088 357.46022
200.29700 332.43952
190.85425 286.88170
189.83899 343.29654
214.48184 285.40450
200.15830 295.50515
222.23155 299.06668
165.79781 369.78005
178.20212 270.09638
208.15366 340.49175
195.15637 352.10084
209.25189 320.90664
244.09772 300.70748
221.65631 322.96915
247.81968 306.18434
207.74075 305.59951
172.91135 256.90609
171.57290 286.99259
177.20254 287.18271
167.46619 281.92727
181.25037 216.66532
197.28692 211.82135
211.22365 211.23794
222.33088 213.09075
229.63885 216.56416
233.59994 228.31980
260.29774 246.66222
224.59430 241.13908
214.69704 244.29934
202.02540 244.37482
190.44078 241.98597
181.87304 238.95165
176.05824 236.39266
261.76476 243.23725
176.75748 288.43474
166.65252 261.42897
164.78181 288.79403
159.90628 292.60691
164.92526 289.68161
174.26175 290.41356
157.87610 293.80795
156.82771 294.82504
176.35167 229.47523
171.75401 232.03429
168.87301 234.59395
221.16685 224.59672
227.41011 221.93371
105.07249 221.62533
114.21363 221.40636
105.15174 212.82827
95.69279 221.79560
104.94883 230.50681
204.77485 225.45984
214.68949 225.71794
205.23701 216.59641
194.86644 225.12844
204.29608 234.42301
