187.09310 414.90760
181.71031 376.96640
184.15174 384.60999
172.19512 333.68073
181.23973 364.77296
181.43331 347.16907
182.76437 302.78336
104.14849 295.00014
182.22690 271.57496
181.60732 254.80782
181.42616 186.11879
187.50915 417.95531
188.03518 420.52840
188.60446 422.23763
188.80622 422.27094
188.94550 427.09608
189.24459 432.71830
189.77897 438.37057
189.89616 451.45509
182.48868 381.95547
171.20189 379.82456
58.62338 240.07116
137.97105 306.45729
126.13637 307.86200
114.75934 306.90535
100.20669 298.04022
147.83797 303.19963
116.40586 271.30753
130.39861 273.05580
104.30871 272.97698
97.15009 277.23760
91.09548 304.33774
149.22935 466.95084
100.00150 290.62828
58.03899 293.57206
77.93351 292.83412
126.76059 356.44065
173.10699 412.80109
175.44582 419.68080
162.06956 414.23741
154.37427 415.28129
165.54605 418.84475
157.87118 418.16832
137.39335 425.71007
171.88087 376.33449
169.99614 364.53555
78.23272 262.70932
150.37038 326.47057
145.91193 367.30073
145.79251 359.86500
92.23811 352.47192
170.87688 348.15893
102.14486 254.29049
87.21845 255.93792
67.02764 219.84491
155.57384 270.70010
142.91026 278.57250
127.57959 414.37073
80.98153 401.32715
154.68898 374.49068
164.27964 378.51541
143.35859 416.46466
145.90879 417.02081
80.43588 246.01141
145.91571 370.96664
124.29885 258.70715
121.33947 248.32929
111.06748 193.06303
74.83846 235.19401
118.65485 220.09554
71.47355 255.04491
65.39966 251.09463
174.06074 416.76827
163.70601 416.66650
155.97415 416.71510
157.44489 376.23963
144.65572 416.75559
150.03003 420.19073
147.28322 417.29883
159.64610 373.35572
159.66006 419.45163
167.35084 420.51414
176.96645 421.59284
174.35291 450.51067
175.79194 437.42100
175.65410 431.67442
176.16359 426.19087
177.23470 421.62570
159.84815 419.33955
157.88211 421.22652
155.99647 423.85175
154.61168 426.89769
137.80168 398.75242
64.41570 342.52175
183.19690 383.37158
154.02877 418.38413
151.95848 419.17379
168.73792 383.17077
150.35093 377.01436
166.57396 380.94820
138.43711 332.63177
119.20360 340.12408
144.30679 363.97158
83.32952 203.68457
91.50111 224.08596
97.24536 243.37955
147.18251 435.20831
150.33302 255.04562
147.77932 219.57061
142.81699 187.65634
105.47332 303.67254
79.69917 311.48614
153.97487 300.33693
86.70198 280.08096
158.10458 319.50402
152.22215 365.22399
65.87768 319.28158
87.41271 322.04399
101.90774 328.43993
123.87508 327.41617
140.01680 322.72026
151.47645 317.72198
172.01751 305.49410
68.18967 344.64207
77.47935 276.34272
176.30080 381.43556
150.74277 339.38663
56.89796 289.01928
159.87384 312.44855
143.97697 363.24153
95.06480 290.03592
152.35902 356.11228
71.02346 371.22250
153.65953 295.94514
161.31065 351.10094
103.06926 434.41208
106.92443 445.36528
61.84821 344.37132
88.32057 417.43547
61.26594 270.39057
148.33785 477.70312
178.08574 382.84276
140.65784 347.15996
69.38232 292.82736
115.38625 300.76056
125.48955 301.76288
148.45653 421.44613
72.21267 368.31216
169.29794 492.98624
137.72975 474.82932
124.04525 462.55918
181.57258 219.67757
191.97475 495.59593
135.53781 300.33934
145.02759 297.83549
151.05073 296.72576
69.83796 271.41075
141.92722 286.88924
130.96664 283.54146
120.30046 283.23858
110.63775 284.98695
105.14625 287.41192
55.63121 261.79835
108.67343 298.12388
185.40315 392.65874
148.22175 393.78224
154.38977 373.39830
168.99009 392.64783
182.91909 286.15787
118.97620 450.93624
133.37419 464.28605
167.43398 487.03760
93.23741 426.31646
149.90209 292.29886
164.48821 325.54797
191.13738 489.59018
152.13168 485.63195
67.83347 370.38841
167.61680 420.46428
165.77831 423.85580
164.53067 428.10146
163.94868 433.22163
159.06949 444.06925
151.83053 417.53602
149.95399 416.69379
148.51318 415.86190
130.18872 405.62479
85.49497 376.87277
165.22990 311.72277
159.95910 288.21909
153.85785 288.69420
154.03987 418.49813
88.69456 403.16628
168.68997 289.69449
153.80475 455.01473
181.94234 332.13095
171.98386 320.31889
182.38414 318.02969
156.48977 344.35931
190.56592 478.74165
190.18798 464.30967
171.26191 462.89398
127.85012 430.74552
135.17852 372.10058
140.19178 444.19588
108.60522 369.57393
125.34101 383.43454
100.58131 387.10715
168.02341 476.66299
150.29960 349.59039
119.94334 439.17426
134.98145 453.54973
116.98716 416.09393
77.73376 387.92720
103.78097 417.05747
75.92725 394.55939
117.65178 396.84836
157.87679 332.26414
155.86349 371.32005
149.34762 371.90897
160.40942 364.68487
148.95492 277.03698
128.21605 268.10416
110.75357 265.70772
97.40993 267.19873
89.24686 271.64182
87.52206 291.20117
58.32046 318.82746
97.47150 310.90031
109.20324 315.76704
124.78883 316.41000
139.34961 313.61161
150.33891 309.74829
157.61352 306.45033
60.48494 315.42184
149.95708 373.80710
163.77570 338.07477
163.68919 373.70041
170.25758 378.72095
163.97649 374.77946
153.30070 376.67618
172.52002 380.34261
174.13467 381.79052
157.45210 296.89879
162.85880 300.56461
165.76320 304.01076
102.16369 289.19592
93.36547 282.24238
192.30851 333.43872
270.27276 294.91849
195.76091 379.65356
323.40877 237.52914
236.70684 307.39391
248.77629 307.82608
260.42758 306.20839
275.68193 297.94656
226.32602 304.89058
254.32811 270.91649
240.24078 272.80378
267.41180 272.71324
275.76101 277.28160
286.55393 303.99267
233.23322 466.93275
274.62564 291.02202
327.22823 291.87129
301.13937 293.71603
247.28444 354.92370
201.93717 411.58628
202.03777 418.62431
216.47363 411.92742
227.06433 412.07242
214.36906 416.81723
224.38756 415.19561
245.91825 423.98799
191.96313 376.19270
193.00700 364.25985
293.97353 264.54305
220.91268 325.48418
223.34815 366.57055
223.98044 358.96108
284.92400 350.42428
192.58128 347.85895
263.96609 253.66478
281.54691 256.79366
309.81885 216.96441
209.34905 267.86315
228.21944 278.82829
255.31402 412.25135
313.20687 400.65207
214.89074 373.91354
204.92820 378.07784
242.67585 411.48441
239.94374 412.27787
288.99261 247.64887
224.72614 370.12745
240.33645 256.46726
242.13100 246.24100
255.74952 190.72777
298.58951 233.36395
246.74617 218.52230
302.15228 257.62421
312.59965 249.70323
202.19077 415.61290
215.48200 414.53018
225.80091 413.61454
212.33911 375.72175
241.26153 411.89433
234.79402 416.11328
238.55140 412.69842
207.35131 372.95249
223.22044 416.48513
213.24136 418.50843
201.73976 420.57626
206.09801 450.32129
204.70041 436.47169
203.82602 430.68868
202.80074 425.20410
201.73804 420.64922
223.06983 416.48574
225.11426 418.25200
227.20802 420.71302
228.94843 423.68296
239.73615 397.17145
328.64661 341.09142
230.66150 414.77483
232.68785 415.33597
200.71803 382.87231
221.39682 376.24446
202.70118 380.61713
234.03836 331.29925
254.82610 338.43178
226.77280 363.00335
288.23472 200.74601
277.53787 222.33363
268.47501 243.23536
235.30774 434.17152
212.53377 251.37777
216.00047 218.54251
221.50434 186.28017
270.15186 303.10059
299.89259 310.91824
219.47261 302.40439
288.10603 281.12013
211.91121 318.74574
214.66043 364.66681
315.09332 317.38245
291.26197 320.30115
275.43800 325.86945
252.04593 325.68898
234.75179 322.04763
221.79731 317.53968
194.46704 305.12357
313.54854 342.71877
298.48251 277.99913
188.90310 381.34515
220.17654 338.41601
333.21372 286.83700
212.02789 312.13689
228.44117 362.18954
280.50384 290.49030
215.27578 355.41380
323.02299 370.26292
219.34381 298.34976
203.90493 350.63890
284.62320 434.11500
283.56279 445.41150
325.57794 342.93773
300.60195 416.84945
320.68937 268.71690
235.10038 478.06651
188.34279 382.72161
231.75761 345.95210
312.59828 294.10063
258.83617 300.42235
248.74608 302.01008
236.74541 417.22474
311.56814 366.70560
214.75999 493.30026
248.82121 475.19805
264.52886 462.90975
238.64118 301.50604
228.90117 299.96279
222.48161 299.26058
308.24054 273.57294
230.85433 288.38472
241.52497 284.20476
251.98053 283.35655
262.04154 284.83136
268.17054 287.36135
330.51234 259.37560
265.58080 297.76748
226.76553 392.56312
214.44276 372.91238
203.04095 392.27241
267.45534 451.03293
251.56293 464.59156
214.97503 487.28640
299.28846 425.87087
222.94149 294.48529
202.75239 325.05867
232.72659 486.06022
320.97472 369.25265
213.18437 418.54967
215.13593 421.84193
216.70858 426.04204
218.01234 431.14972
222.32236 443.39553
232.63772 413.59198
234.24665 412.58122
235.56964 411.65525
250.22964 403.68117
295.69678 375.11079
202.95158 311.20595
210.67039 288.27838
218.03346 289.82571
230.82309 414.72143
296.57724 401.94729
199.20158 288.50903
228.15959 454.68945
193.54207 320.00584
212.01284 343.73528
209.59401 462.79157
255.43452 429.58320
239.17619 370.71421
242.79304 443.47503
268.08688 367.90249
251.61998 381.88624
279.39239 385.49370
213.29011 476.76733
220.16401 348.60539
264.56765 438.60637
248.78671 453.32699
265.68986 414.53601
308.13829 386.62680
280.37978 415.92740
313.75802 393.71539
262.50537 395.02789
211.21581 331.61793
210.92542 370.85602
219.71288 371.30367
204.27629 364.26300
219.99046 276.34349
239.89471 267.22995
257.84230 265.04033
272.66189 267.11179
283.04757 272.22619
289.38434 292.12190
328.01038 317.25930
279.54740 309.94238
266.96845 314.40816
250.74485 315.71622
235.43094 313.93733
223.54436 310.67208
215.33786 307.28934
331.65366 313.45450
220.07497 373.13251
202.35093 337.61724
201.33081 373.45154
195.92496 378.71233
202.22917 374.64630
217.38046 376.01079
193.07853 380.24161
192.57928 381.62830
215.21409 298.71015
208.95257 301.08462
204.64393 303.47122
271.73148 289.30577
280.87011 282.73451
124.87025 290.45834
137.33493 289.89044
124.08834 279.14024
112.26310 290.93235
125.54019 301.78107
249.07590 291.63601
262.40220 291.30990
248.27493 280.15541
235.88224 291.84796
249.92099 303.03776
