139.46123 349.35750
131.12604 317.15805
135.43657 326.77551
126.85533 280.77011
130.81688 305.98367
132.41104 291.34145
138.18979 256.10533
78.46719 252.04166
140.04310 233.41413
139.99973 219.74356
143.32224 162.95455
139.66928 353.01929
140.23668 356.48185
141.01219 358.66899
140.96550 358.62065
140.69925 362.89141
140.65319 367.96703
140.98535 373.50588
140.75447 385.41527
132.51804 322.71814
124.96122 321.98024
53.75517 213.97776
103.59619 260.92037
94.39582 262.04297
85.80028 261.50449
75.29781 255.00591
111.51332 258.12413
89.21400 233.84984
99.83560 235.06685
79.79488 235.11229
74.05899 238.42535
68.42168 260.94734
106.96619 405.51008
75.58099 249.09363
49.34169 259.77878
59.97120 252.68513
93.00720 304.58574
127.35212 347.05707
129.56272 355.70062
117.26490 349.18601
110.80047 351.42709
121.23846 355.23958
114.96744 355.10060
97.56847 365.00870
123.31945 316.79048
121.92682 305.99532
61.67465 228.09998
114.05889 278.74873
105.72891 311.55580
106.35141 305.44377
66.26505 302.44579
124.13278 292.39195
79.91109 219.58015
68.48726 221.97234
59.95580 195.06600
120.24889 229.93796
109.24316 239.00046
89.00674 355.07009
62.41468 359.69252
112.93554 318.12172
120.29272 321.55550
103.32210 354.68038
105.69881 354.96201
64.59581 214.89212
106.14021 315.39854
96.58914 221.55144
94.97913 213.56027
91.26077 169.76618
63.16936 206.45771
94.85828 191.11865
57.93913 222.90920
56.14950 221.46312
128.12671 351.87082
119.16336 352.45539
112.75632 353.30846
115.21457 319.83385
104.52190 354.82167
108.58507 357.54845
107.00344 355.14444
115.79141 316.14289
116.91345 356.46164
123.17131 357.13543
131.19957 357.97454
128.00008 384.58454
128.96391 372.33860
129.07543 366.78997
129.81855 361.82823
131.13199 357.94383
116.73681 356.46254
114.88109 358.09459
113.05250 360.43191
111.69340 363.35155
97.34399 340.59936
55.05069 307.21982
133.93196 324.86473
112.31561 355.90881
110.41040 356.60082
123.45049 325.61435
110.04991 321.16077
121.90347 323.68412
104.45181 284.45914
88.57416 290.88453
105.43680 309.56217
71.62763 179.99206
75.44487 195.83581
77.18563 211.51086
105.55462 372.77891
117.04454 217.17034
116.00381 189.69890
114.33258 164.55622
78.99688 259.16839
59.70907 267.33694
116.57482 255.39092
66.41359 241.27038
120.14944 272.18121
110.03561 308.81628
50.85638 278.09792
64.11161 275.41189
74.22247 280.23768
91.07812 279.06217
103.97539 274.90805
113.50071 270.38584
129.95388 258.70948
49.91104 299.55287
60.42558 239.24147
127.66878 322.25800
112.87168 289.24823
52.32362 259.24796
120.49265 265.38708
105.97330 309.76191
71.83557 248.82552
111.16588 301.33388
57.75247 333.05143
116.86882 251.71136
117.33036 295.83810
71.73292 382.11313
76.94564 395.62380
47.94174 304.29703
61.43570 368.72612
52.75804 239.03000
106.50699 417.20247
129.95061 324.41276
104.79902 296.48968
54.51082 253.37978
86.51508 255.80465
94.16608 256.55581
107.10415 358.86855
51.00057 321.26550
124.62957 432.15980
99.68265 418.34046
89.27528 409.03006
141.34996 189.70830
144.12304 435.10957
102.04294 255.56466
109.60571 253.60534
114.53268 252.49092
56.11826 236.27645
108.43572 246.60928
100.18653 245.01998
92.07468 244.80845
84.46413 245.78949
79.89599 247.22301
51.53587 234.16453
81.65306 254.04314
136.42019 334.27651
106.30512 335.74499
112.45678 316.84359
123.06076 334.10258
140.07068 244.23327
83.98199 395.70543
95.03807 406.59799
121.95125 424.55735
68.71460 380.58208
114.18655 249.43300
123.00245 275.54753
142.27527 427.02689
110.70755 426.27855
50.46962 327.87236
123.01899 357.12591
121.08945 360.03158
119.78225 363.82070
119.02139 368.65730
115.39814 379.61082
110.20744 354.98434
108.18498 354.09008
106.53080 353.12660
90.66534 346.98568
59.03404 326.06399
125.32812 264.74316
122.51831 245.26723
117.55117 246.15738
112.51234 355.87256
60.59816 352.15090
129.20887 245.74018
111.01190 392.59846
134.44980 279.25001
128.21088 270.19066
136.28881 267.98827
115.95546 291.99689
141.15667 415.04366
140.93351 399.63553
124.98354 398.47759
90.26159 371.85156
98.55627 318.00700
100.31808 383.78869
77.01179 316.42536
89.27974 328.11119
69.35787 333.15449
121.91131 413.17465
111.44775 297.39715
84.26866 381.96269
96.03170 394.43284
81.17384 358.54456
53.89639 339.86003
71.36613 362.20732
54.45675 349.62697
81.62645 340.30588
118.30642 282.29562
112.62071 314.09576
108.31001 315.52504
115.27774 307.15165
114.41698 236.43793
98.61480 229.94491
85.17658 228.48957
74.81962 230.12786
68.47959 234.06704
66.61563 250.60144
47.30808 281.83851
72.40583 265.87239
80.83841 269.50580
92.65009 269.70008
104.19437 267.25545
113.23063 263.80377
119.29754 260.67388
54.13934 283.13196
109.14142 317.67523
120.89519 285.41533
117.59792 315.19867
123.61351 320.42685
118.65856 316.93654
112.06304 320.47185
124.90154 321.48810
127.03231 323.57913
119.75748 252.33842
123.97068 255.41390
125.81300 257.88892
77.35683 248.28337
70.88171 242.49443
143.22937 280.85495
215.73976 254.41638
144.60334 322.13402
269.27396 212.25038
187.01990 263.25943
197.26122 264.08231
207.44972 263.47797
221.34365 257.66052
178.20915 260.70363
201.77076 236.13196
190.05733 237.04925
212.84669 237.77409
220.18877 241.34518
231.92228 264.02907
182.19638 409.12714
219.90976 251.88909
273.87523 260.06620
245.96996 257.12339
194.17560 305.46720
153.12564 347.34275
153.21588 356.00768
167.81831 350.00342
178.20474 352.41799
165.07225 355.86915
174.82044 355.86696
193.91239 367.03736
140.01215 316.93365
140.84934 306.10231
236.27555 233.60040
172.28986 278.99258
170.02800 312.27182
171.43934 306.08731
229.35257 303.74033
141.84177 292.47158
208.02358 223.36908
224.08313 226.70354
253.94123 192.85997
161.38233 232.51520
180.03316 241.00040
203.24407 356.80977
271.02090 364.35970
162.79836 318.65312
153.88256 321.92571
192.38054 355.46418
189.80367 355.69496
230.90227 220.13804
172.15356 316.22027
187.31121 224.66066
188.96093 216.58371
203.79139 167.70786
241.37281 205.63508
193.83834 190.15189
244.32905 228.92856
256.65096 221.09076
153.30246 352.14691
166.39850 353.18248
176.50409 354.17350
160.73974 320.39196
191.02562 355.58186
184.49676 358.23248
188.40211 355.84063
154.82195 316.36131
173.62224 357.03495
163.99129 357.59409
153.06911 358.21973
155.10788 385.54666
154.78092 372.75033
154.06870 367.13662
153.50095 362.11823
152.88995 358.17126
173.54002 357.01029
175.21932 358.68148
176.99264 361.09135
178.50103 364.05882
187.08725 341.62218
283.19765 309.23670
180.81176 356.53406
182.54823 357.25755
150.13570 326.04584
169.75168 322.14677
151.87160 324.08967
183.82368 284.83211
201.68882 291.56959
174.59116 310.38414
232.76285 177.55364
221.03323 194.94929
212.04898 215.40546
183.24489 374.89144
164.17743 219.45156
168.47995 189.04123
175.18488 163.29006
216.18688 261.45209
244.30507 270.73474
172.28792 258.21632
232.18080 245.55356
164.21039 272.33435
161.22932 309.29103
259.76610 279.25001
235.52843 277.95167
220.62587 281.73448
199.87871 280.39919
184.90938 276.44238
173.63758 271.98332
148.22958 258.66802
258.97560 301.38589
242.12085 244.39266
137.92280 322.36094
170.59574 289.56527
283.52197 259.01177
164.99872 266.87294
177.15040 310.60507
225.57945 251.88137
162.78223 301.82440
279.41469 336.52725
172.49288 254.87259
152.09344 296.15488
237.36869 387.59990
239.83026 402.20253
275.10702 306.44748
254.18676 373.54965
266.05651 238.71747
185.07429 421.65586
138.22692 324.42873
180.89799 297.08687
257.37680 258.44471
205.51097 257.83079
196.90925 258.67549
186.30602 359.58534
259.26468 323.90087
165.48589 434.94291
201.62725 424.47463
219.02021 415.82933
188.56182 257.99487
180.51410 256.41773
175.16233 255.61951
251.98921 241.80113
182.17184 249.04554
191.16220 247.03807
199.69022 246.85853
208.12023 247.94650
213.57757 249.55782
278.40417 232.97665
211.41166 256.17202
174.40479 336.56079
161.89056 317.34152
151.72638 334.52963
219.37893 401.54103
202.87752 412.27981
164.45289 427.00648
256.90702 386.18730
175.49295 252.47347
154.14829 275.69494
183.94682 431.09990
272.63681 331.08046
163.90232 357.54272
165.42358 360.50163
166.60873 364.36478
167.62491 369.23054
170.32325 381.30029
182.95427 355.70758
184.70035 354.88927
186.31334 354.00974
197.83479 348.22576
242.07599 328.29948
155.95863 264.82472
164.22304 247.42135
171.08589 248.56873
181.05775 356.49054
246.46915 355.62247
153.59256 247.52119
176.85199 395.35987
145.72618 270.21628
161.50558 292.41294
158.70212 399.99422
203.65749 374.98723
186.72653 319.03549
191.27945 387.07648
213.43252 317.82296
198.21027 329.38912
225.60503 335.26116
162.18004 415.19314
169.57304 297.80888
213.93634 386.44672
198.21039 398.92337
213.37679 361.22814
257.95541 343.11763
229.25243 365.90922
267.03899 353.62112
209.44454 341.87272
162.19675 282.58067
157.75684 314.44627
166.56725 316.18390
151.28727 307.47159
171.88308 238.89965
188.57675 232.64375
203.74429 231.36250
216.85573 233.47413
226.54596 238.01104
234.40467 254.45288
275.87286 282.93337
225.14446 268.30492
213.66598 271.35350
199.17244 271.49299
185.90232 269.28133
175.61369 265.98041
168.45003 262.75661
284.17726 283.78753
167.55493 318.37490
152.33806 285.64553
148.54343 315.50901
144.32726 320.81489
149.83644 317.30881
165.57481 321.23003
141.61186 321.71502
141.90282 323.71271
168.66403 255.06558
162.85289 257.37792
158.53349 259.36132
217.01028 250.80621
225.25993 245.83108
95.75859 249.69005
105.89233 249.43268
96.06672 240.76679
85.67119 249.89237
95.38030 258.55833
198.52132 252.15412
209.53466 252.02344
198.52493 243.43376
187.69476 252.19789
198.57906 260.85651
