158.63215 384.93492
160.63721 337.76440
160.90529 350.76418
152.44244 301.34994
160.64580 325.90168
160.91016 311.24668
161.47549 276.58564
89.89871 275.52793
161.40969 248.28681
161.31264 232.63676
161.42594 176.18533
158.58426 388.73048
158.64577 392.09626
158.86527 394.19746
158.81743 394.66503
158.77240 398.08778
158.70305 402.20134
158.73996 406.84096
161.43355 423.53462
160.74845 344.21052
151.84386 344.69831
53.41763 234.06230
117.20488 286.46908
107.00099 287.23677
97.43762 286.41376
85.55236 280.15309
126.16950 283.73803
104.08749 253.81310
115.65810 255.23163
93.45433 255.81105
86.54885 260.32640
76.76066 287.96888
123.87982 441.19845
86.70426 272.66622
48.91501 283.77083
66.27976 281.33353
109.81011 331.91705
146.63451 382.44764
147.96059 391.35606
135.30314 385.27594
127.41227 388.44222
138.76612 391.38024
131.19803 391.89139
114.04454 403.56276
152.22203 337.59510
150.89549 326.29062
73.35427 253.15315
130.81849 303.34396
129.08917 336.65706
128.24311 330.87163
79.20483 331.43212
151.55398 312.65574
97.32678 240.12911
83.23596 244.46035
62.38545 212.32367
140.80735 250.15659
125.62424 260.11268
106.09290 392.59154
62.55008 392.23830
137.00482 343.10434
145.33080 346.38446
117.41517 393.56647
119.76167 393.41465
78.34304 237.79987
128.71335 342.15393
116.29073 241.26140
114.64335 231.80172
102.57779 182.88186
68.77555 222.39341
108.36781 204.35586
67.95295 248.68116
59.21086 239.81938
147.03522 387.57756
136.98331 388.64596
129.21288 390.25734
139.54833 345.30573
118.61823 393.48343
123.70084 395.07853
121.03082 393.37918
141.41074 338.38856
132.93164 393.03173
140.28956 393.06822
148.99955 393.53606
147.72691 423.03953
146.93354 405.72686
147.13925 401.13764
147.81485 397.24912
148.89117 394.00543
132.84581 393.19179
131.22556 394.66085
129.51054 396.71959
128.14263 399.35934
117.62156 372.74560
49.89560 335.88490
160.84487 347.30625
127.19815 393.20450
125.46683 394.04319
148.14519 350.77258
132.40847 349.17915
146.82139 348.63337
119.65152 310.21169
102.75185 317.83796
126.58223 336.33172
77.90936 194.81903
84.34232 210.00830
94.26749 231.32156
122.93837 411.07999
137.80305 234.58620
133.14679 203.28074
129.48926 177.31646
89.73620 284.23853
65.66613 296.41616
132.22857 280.85003
76.80129 266.48741
138.21252 295.50776
134.96354 331.53287
55.83251 304.34705
71.62501 303.61622
83.94933 307.31291
103.37298 305.81041
118.05386 301.44112
129.22519 295.96430
151.63243 279.53933
57.51845 328.34814
69.21534 265.97362
155.75883 343.86728
131.68492 314.14015
46.67146 284.35321
137.57239 289.51496
125.71465 337.50009
82.34755 273.66532
134.50875 324.59593
54.74252 363.59771
132.71352 276.85897
142.84142 317.24177
82.12096 416.89126
84.07721 430.51382
50.17941 332.34606
70.20137 402.09313
53.83820 260.34359
122.40445 452.45047
156.99004 346.93189
122.27525 322.86987
58.35118 284.20721
98.78619 279.33089
107.09878 280.44049
122.08190 396.54949
60.24592 351.66212
141.34917 467.54272
111.51648 453.99226
98.77034 444.60249
161.26670 203.70354
162.33941 469.48775
115.70782 279.98972
124.03460 278.61992
129.70692 277.86518
62.67196 264.44640
123.49181 268.64368
114.80723 265.22873
106.18033 264.19409
97.48997 265.66408
92.09374 268.39160
48.68275 256.82846
93.43951 277.45261
160.87210 360.57211
127.79713 365.85666
136.88037 340.90265
146.96639 361.52455
161.55011 262.79423
95.33923 431.19855
108.34367 441.93726
140.19727 459.78661
72.75512 414.52530
129.76701 273.45544
144.98427 297.37529
161.88594 461.51438
125.21992 461.97735
54.39782 357.80543
140.18004 393.39550
138.52437 395.79368
137.33418 398.87886
136.56251 402.92676
133.94101 418.01567
125.08757 392.58826
123.09487 391.90922
121.49504 391.06301
109.81395 381.82377
72.39726 356.82944
145.10083 286.60533
140.27903 267.74471
134.17109 269.27937
127.23597 393.16050
72.77726 385.02324
148.55838 266.89834
128.46724 429.51758
161.14625 299.46793
152.00877 291.03687
161.32483 288.49539
137.59797 315.40698
161.67136 450.16664
161.56178 436.20941
144.43072 435.45174
105.26109 408.77904
117.09084 346.88197
115.82330 420.81834
93.59446 345.62525
107.38763 358.45083
85.45697 364.57476
141.20463 448.82581
131.50731 322.52560
97.52522 418.00157
110.59134 430.29784
96.83045 394.44977
63.67142 371.42985
85.16732 396.93431
60.22898 381.15478
99.44606 373.49677
138.56471 305.59337
138.23249 336.43919
132.41225 340.21357
142.40832 328.25519
132.59759 257.74713
116.06499 250.22646
101.37233 248.60195
89.22082 251.22982
80.84752 257.11364
75.43624 277.43147
47.93694 307.80913
81.79927 292.40827
91.66705 295.58134
105.00159 295.87501
117.99304 293.52321
128.38536 289.69755
135.56355 285.73684
47.62320 309.97367
132.64422 343.62679
144.63740 307.05738
145.20377 336.40021
150.93491 342.39443
145.37778 338.66395
135.55091 347.22450
152.69456 343.24013
153.95690 346.32450
136.25907 277.10748
141.21774 279.26755
143.90246 280.50303
89.06678 270.59512
82.21366 266.20729
170.00249 301.38090
237.20357 276.96064
170.01445 344.59074
269.09585 234.52820
208.42397 286.32866
218.58048 287.57694
228.20176 287.19679
241.20019 280.61297
199.46971 283.40979
221.82923 253.44563
210.01693 254.78475
232.94534 255.33363
240.34726 259.90298
248.98125 287.60800
199.77486 441.29662
240.77298 273.42879
276.45383 284.98329
259.42799 279.23707
214.10802 332.29907
170.90915 383.07396
169.88805 391.87423
182.76700 386.74007
191.17921 390.13591
179.68842 392.53100
187.73471 393.43174
207.86567 403.40627
169.12284 337.58992
170.65160 326.31070
251.96656 250.58731
193.04087 303.47833
193.65845 336.68808
194.68991 330.99613
245.64164 332.14512
170.35662 312.67318
227.65977 239.29158
242.00780 242.76238
259.52023 212.74203
183.45582 248.31970
199.95923 259.74855
215.84157 392.50129
266.04886 393.69065
185.60199 343.03156
177.10841 346.36660
202.35453 395.26032
200.01330 395.14545
246.54858 235.64784
194.05562 342.28438
208.83693 240.21321
209.91742 231.32816
220.34459 183.33482
253.37716 222.75570
214.13720 204.68214
257.18438 245.56695
263.83157 240.34698
170.51221 388.09386
181.22645 389.89972
189.52319 391.82200
183.03136 345.24957
201.15474 395.20232
195.83272 396.61534
198.71537 395.10077
180.67405 338.28576
186.28262 394.49937
178.35822 394.13624
169.22355 394.06057
175.13093 423.00490
171.14117 406.28092
170.74412 401.60621
170.12860 397.69793
169.22824 394.44465
186.25218 394.54481
188.01715 395.97283
189.69353 398.01935
191.07844 400.66096
204.34815 372.68013
277.60236 337.45650
192.38324 394.80366
194.06358 395.60124
174.13157 350.86170
190.35500 349.28733
175.51122 348.67244
204.31016 310.51144
221.46474 318.32967
196.46346 336.54556
244.40396 195.28818
237.67770 210.45427
230.45590 230.58748
199.30714 410.91629
185.87092 233.67459
189.56136 203.47415
193.57995 177.57283
236.47275 285.10628
260.08969 295.38558
193.44846 280.61571
249.55792 265.03619
185.60067 295.56956
187.37330 331.58433
269.86455 305.43045
253.64072 303.59900
240.70363 307.84196
220.98637 305.83036
206.45306 300.91194
195.38886 295.63368
171.55316 279.61236
268.78651 329.46060
256.49442 263.67473
165.75541 343.81904
191.86906 314.23948
278.40447 285.45334
186.97367 289.61882
197.42968 337.74103
245.03773 273.58096
188.08844 324.68442
273.65140 365.13713
193.09695 276.66247
179.38905 317.28844
243.71445 417.70700
242.90227 431.43358
277.17652 333.74215
256.71849 403.15303
270.32334 261.15803
201.73358 452.66946
164.71995 346.88931
201.36960 323.14120
267.63032 281.10636
227.37527 281.05377
218.74425 281.56972
197.45606 398.01510
266.50891 352.74661
183.30167 467.65138
213.85270 454.34664
227.27193 445.21661
210.12439 280.49726
201.73289 278.65420
196.04249 277.75942
262.80000 261.10454
202.60865 268.88959
211.49390 265.64522
220.40582 265.00191
229.30234 266.62420
234.94279 269.30103
274.90487 257.50731
233.20981 279.22928
194.43682 365.80892
185.64971 340.80390
175.06799 361.46822
229.60263 431.85393
216.17631 442.39804
183.65083 459.91098
255.24884 415.67268
196.04821 273.55666
178.19537 297.40651
199.66695 462.13268
273.52734 359.21304
178.42763 394.33122
180.08776 396.71940
181.26204 399.82095
182.17700 403.93928
188.61567 417.79738
194.43230 394.24902
196.18577 393.55508
197.69959 392.75866
211.96614 381.75241
253.22278 357.63590
178.38763 286.73987
184.97542 267.44332
191.49512 269.05773
192.50964 394.85995
252.96414 385.78487
175.24983 266.67158
194.73054 429.46196
170.84203 291.05090
185.37711 315.50785
178.77993 435.41344
217.48620 408.99507
205.98477 347.15115
207.11997 420.85265
230.66521 346.11223
215.68021 358.74865
238.93758 365.13465
182.22529 448.91980
191.66873 322.63179
226.35903 418.36914
213.21091 430.56512
226.07659 394.78396
263.03151 372.43690
239.27220 397.40478
267.60228 382.49093
223.39192 373.83057
184.77687 305.65453
183.89745 336.37427
190.19479 340.18241
179.45439 328.29655
192.73835 256.96403
209.25824 249.69822
224.17104 248.22343
236.61786 250.50749
245.29111 255.91321
251.09269 276.32930
278.40527 309.15893
243.88348 292.64700
233.46558 295.99108
220.05734 295.81473
207.13427 292.97047
196.89616 289.14555
189.70732 285.40706
278.75649 311.34813
189.96568 343.64430
178.00637 307.08483
176.36683 336.38251
170.73628 342.32021
176.34663 338.63810
187.08897 347.21204
168.90466 343.15989
167.79984 346.20425
189.48176 276.85021
183.93470 279.10829
180.41198 280.85302
238.21465 271.45678
244.86596 265.63656
106.85788 272.42309
117.66082 272.50922
107.05043 262.15424
95.98393 272.29447
106.61738 282.58813
219.86794 273.13837
231.23536 273.35231
219.55975 263.01725
208.46551 272.93121
220.17499 283.25761
