180.04546 416.99546
177.81289 376.14106
179.11814 386.70577
169.53898 333.38708
177.69381 363.44355
178.21314 346.15650
180.50625 303.92735
103.83639 297.94980
181.40627 274.94153
181.46475 258.25598
183.50203 191.60609
180.07664 421.17507
180.20470 425.10382
180.49109 427.61765
180.55930 427.57349
180.44508 432.67338
180.35633 438.71298
180.36166 445.35667
180.36606 458.16767
178.27151 382.17738
168.27618 380.68773
61.35340 247.70614
136.31638 312.33530
123.80902 312.63232
112.38272 310.76421
99.31197 301.83896
147.04098 309.51209
118.78477 273.82163
133.16428 275.80117
106.15090 275.71272
98.55511 280.37648
88.92714 309.23876
139.87423 478.13264
100.55914 293.78216
56.40543 302.95686
77.17314 299.44718
124.93895 361.24193
166.32708 414.30454
168.00364 424.46067
153.89130 417.69519
145.35973 421.16857
157.77771 424.50251
149.48618 425.02883
130.43538 434.22927
168.47525 375.46630
166.83634 363.32059
81.42222 269.33586
149.06252 330.16521
144.56499 369.34501
144.52294 362.30530
90.73977 358.87551
168.11396 347.27395
106.55487 257.96636
91.21733 261.21315
70.88393 225.74310
158.50773 271.85626
145.60217 281.91989
121.11760 422.90027
71.27921 421.37347
153.00650 376.54133
161.67122 380.53536
134.17159 426.26421
136.71137 426.33238
85.43709 252.68031
144.45553 374.04842
128.39638 260.52706
126.05544 250.38812
115.75289 197.48112
77.61345 239.45835
121.63699 222.92073
75.44274 262.98843
67.36967 256.97850
166.87336 420.03470
155.75840 421.39355
147.30236 423.16857
155.49822 378.64215
135.44915 426.30245
140.76184 428.86829
138.19012 426.37866
157.64325 373.61242
151.35889 426.43338
159.53650 426.56187
169.28458 427.09752
165.67082 457.25891
166.60271 444.56102
167.10305 437.78131
168.02544 431.87264
169.32349 427.08876
151.26814 426.41130
149.08799 428.57314
146.85707 431.63247
145.13045 435.37492
133.23357 405.11696
60.19286 358.33523
178.64436 384.44357
145.20363 426.37113
142.93627 427.47275
165.22393 385.46111
148.61323 380.94483
163.55212 383.05556
137.12565 337.12940
117.85025 345.11500
142.88849 367.30123
87.99874 208.44317
94.69611 227.29616
102.60815 247.77245
139.53068 443.27201
154.22238 255.29926
149.87254 222.75432
146.57338 192.49531
103.68098 307.33905
76.26059 317.31661
154.08139 306.54160
87.67905 285.10635
156.72806 322.32709
150.67356 365.77591
64.80317 327.23875
82.39800 326.92577
96.21365 332.62638
118.88766 332.07837
136.10432 327.91782
148.85252 322.65700
170.08978 306.74025
66.17817 353.82197
78.66219 282.84860
172.56113 381.53224
149.32156 342.73275
56.14788 300.82952
158.19983 316.54755
142.65217 367.46210
95.39282 293.90286
151.03537 357.28569
63.77348 389.43010
155.18660 302.09162
159.17481 351.06481
92.34423 450.15658
95.50915 464.11535
57.69999 357.14008
78.14692 434.08199
61.73964 277.90295
137.97589 490.68563
174.15993 383.78967
139.26598 351.46836
68.95165 300.77384
113.83252 304.07785
123.95058 306.15208
138.89737 430.69899
68.20967 379.51092
158.58492 507.61702
126.60384 491.08468
112.44212 479.94506
182.42405 223.58535
181.71126 510.30370
134.71907 305.96025
145.03437 304.29035
151.78421 303.22877
71.71288 279.54394
144.46972 291.28938
133.58141 286.86740
122.48562 285.69800
112.15189 287.16764
106.16320 289.82940
56.99332 271.25688
107.62999 301.02773
179.42187 396.77004
144.26705 399.06957
152.89194 374.79702
164.27218 396.66601
181.34276 288.94581
108.14732 465.92983
122.78082 478.42515
157.20288 499.24602
82.35909 446.22338
151.85110 297.72159
162.55934 326.64787
180.98570 501.47024
141.23740 500.78769
61.38956 385.37782
159.50285 426.55395
157.35285 430.25437
155.75463 434.95720
154.59723 440.93031
150.96127 451.28967
142.84409 425.61243
140.69334 424.79934
139.00265 423.84874
124.77496 413.21419
81.57133 386.15068
163.64092 313.58826
161.72787 292.01847
155.84401 293.23402
145.24655 426.41137
81.34468 416.05819
169.52731 291.85341
145.20632 464.64958
178.97395 331.68570
169.60587 320.61830
179.68697 318.20316
154.94484 346.16808
180.51489 488.84656
180.45956 472.76612
162.16435 471.56994
119.87614 441.10521
133.18442 377.26849
131.87561 454.52210
105.78892 375.53808
121.84813 389.54925
96.13697 395.22554
158.35965 487.06806
149.05108 352.54037
110.84858 451.41829
125.58989 465.49679
109.82537 426.02390
71.40715 401.10170
95.81316 428.82156
67.19550 411.17826
112.45018 404.70195
156.30835 334.47691
154.05020 371.50627
147.89408 373.67416
158.11263 364.04312
151.84441 279.60600
131.32246 270.35450
113.50481 268.27268
99.62490 270.49174
91.03897 275.89579
87.48141 296.70032
55.54861 329.80189
94.46499 315.22507
105.53675 319.93704
121.26665 321.27909
136.75040 319.34455
148.85807 315.61761
157.00833 311.85199
58.25652 329.30036
148.34109 376.42179
161.69720 338.60123
161.11155 373.00622
167.32283 378.91019
161.68616 374.66473
151.51013 379.80189
169.16012 380.42051
170.74919 382.72597
158.60238 302.60615
163.27832 305.23483
165.21952 307.25163
102.97127 291.87897
94.33596 285.97365
188.84150 333.58657
266.39141 299.36787
189.97956 381.16145
322.68496 248.05273
233.64174 311.86486
245.71829 312.72785
257.25909 311.50972
271.77803 303.25806
223.16090 308.60772
251.14073 276.03375
237.19153 277.56286
263.99182 277.80021
271.96120 282.12273
283.31969 310.75044
224.92632 480.41672
270.43839 295.49377
326.21151 304.42817
298.14179 300.80281
241.02232 362.81752
194.47960 413.79432
193.38297 423.94099
208.54903 416.65209
218.24120 419.81242
204.92995 423.44821
214.21282 423.58829
236.12242 436.48420
187.58757 375.83819
188.71064 363.57068
291.42537 270.41965
216.92484 330.87344
216.67004 370.36023
217.67512 363.23511
278.96578 361.11543
188.76385 347.43636
262.00564 259.05491
279.28696 262.46346
308.81020 225.87996
207.24629 272.20497
225.11824 283.01635
246.09721 425.23057
317.28272 424.52639
207.99988 377.45279
198.40744 381.15469
230.71846 424.34531
228.11362 424.38632
286.77981 253.71974
217.81485 375.15442
238.41490 261.45036
240.57629 251.44544
254.60720 197.47807
297.10610 240.58188
245.23060 223.68812
299.60743 264.21628
311.26633 258.37777
194.10641 419.54643
206.69783 420.41515
216.20793 421.78391
205.36545 379.50165
229.36497 424.37126
223.32667 427.01216
226.64683 424.46196
201.34692 374.37840
212.62387 424.86171
203.36749 425.39755
192.65038 426.52994
196.00619 458.10362
194.54117 444.13725
194.04953 437.32034
193.44065 431.33803
192.59007 426.49956
212.48202 424.83667
214.40085 427.03829
216.29239 430.11275
217.85679 433.94063
230.80052 406.70015
330.43061 360.61944
219.36203 424.65405
221.28304 425.65981
194.47903 385.99940
214.01369 382.07542
196.34882 383.65049
229.64501 338.15622
249.53329 346.68674
220.27321 368.41237
286.88378 208.45476
275.93144 228.35693
266.66075 248.91565
225.41413 445.26963
210.97998 256.05687
215.28376 223.17899
221.44314 192.46933
266.58139 308.52802
297.08784 318.92220
216.10945 305.49625
284.80410 286.38531
208.26441 322.84162
208.51166 366.64327
311.98433 329.47719
288.22033 328.73877
272.11386 334.27761
248.56753 332.77586
231.45501 327.78379
218.49812 322.20375
191.74853 306.91367
309.94940 356.44581
295.63353 284.22129
184.10490 381.79262
215.38779 343.43603
333.03214 301.81849
208.73694 315.95396
221.98061 368.63330
276.47034 295.35679
209.42994 358.01755
326.45167 392.36068
215.73471 301.11502
199.10359 351.55385
283.33142 453.56796
284.49614 467.80688
325.00679 359.64593
300.87126 437.16211
319.17443 279.20470
227.88050 493.16676
183.30714 383.94893
226.38974 352.55749
309.48660 302.35542
255.62653 304.80501
245.74112 306.33013
225.22793 428.88297
308.62051 382.39265
206.00048 508.96345
244.59448 494.10146
262.92191 483.51635
235.59622 305.58972
225.78200 303.45601
219.16525 302.27946
305.24634 280.74244
226.93957 292.65479
237.63150 289.56753
248.08070 289.14254
258.01875 290.49708
263.99296 292.53152
329.83775 271.86823
262.03534 302.14145
218.41240 400.24682
207.57399 375.77858
195.62418 397.27633
264.38836 469.42735
246.65985 481.59771
205.87866 500.63783
302.35396 449.55243
219.22213 297.62040
198.97948 327.03539
226.05002 503.07351
321.36574 388.21396
203.29905 425.37251
205.07008 429.10087
206.33459 433.86834
207.32113 439.93832
212.14287 452.80443
221.65944 423.83947
223.63011 423.04491
225.41499 422.14588
240.93604 415.15954
290.61701 388.81083
199.73959 313.98248
207.44599 291.71553
214.55231 293.13785
219.50119 424.63300
293.64649 418.94538
196.64277 291.92242
219.01762 466.55225
190.36980 320.79649
206.93043 346.82346
199.78045 472.60312
248.06250 443.79575
232.06870 378.69500
234.50388 456.95842
261.31539 377.63645
243.93347 391.39766
272.98750 397.78327
203.73747 488.35642
214.66853 353.27293
259.21442 454.61157
242.05429 468.35953
258.69521 428.75944
306.16982 404.02500
275.74038 431.91687
314.90332 414.05561
254.75329 406.88774
206.92362 335.04945
204.83021 372.33050
212.86517 374.70722
199.12665 364.65247
217.10205 280.28603
237.31221 271.82053
255.25677 269.99923
269.89903 272.13326
279.89876 277.26591
285.99108 297.99235
327.04361 331.77453
276.30434 316.79062
264.00864 321.14533
247.70831 321.68451
232.31297 318.99816
220.25444 314.90636
211.89076 310.93126
332.30286 330.81692
213.08981 377.45845
198.16941 339.00021
196.03096 373.68079
190.41426 379.56616
196.46120 375.48233
210.13661 380.77527
187.89856 380.88477
187.14428 383.04043
211.64677 301.55990
205.44773 304.34680
201.46067 306.74470
267.52243 294.07757
276.99053 287.45307
128.97980 295.52860
141.96129 295.84892
129.66124 284.26860
115.89045 295.19450
128.14667 306.92191
245.11845 296.17329
257.04079 296.01629
245.04366 285.76115
233.31702 296.23793
245.22402 306.62528
