146.24068 329.39889
141.88901 298.97330
142.72088 308.32413
133.85371 265.01840
141.51255 288.44400
141.35915 274.62112
141.41940 241.33390
81.19601 240.34970
141.03734 216.86230
140.70300 203.37802
140.20495 152.18944
146.23879 332.45538
146.04911 335.44931
145.82921 337.30570
146.16984 341.59101
146.29235 345.94951
146.25390 351.17107
146.12166 356.47566
145.35794 364.46081
142.22323 304.13589
133.68588 303.73420
49.27329 202.25356
104.97065 248.22838
95.92267 249.48912
87.49232 249.06452
77.25472 243.73231
112.98650 245.44508
91.55062 219.50398
102.00406 220.17590
82.12441 221.83119
76.23488 226.22169
68.94585 249.86068
112.02205 382.93632
78.37132 237.75180
43.56177 246.59987
59.25214 242.73066
96.35634 289.01564
133.40064 327.36283
134.20424 334.83229
121.13761 329.90827
112.61010 332.13300
124.15627 334.75846
116.19611 335.05206
100.73909 347.11132
134.23091 298.89039
132.77654 288.75415
62.88575 216.87389
115.54276 263.73004
112.90593 295.07578
112.30637 289.44919
68.53679 288.02307
133.12220 275.91824
82.80431 205.72423
70.89776 209.36870
56.87554 183.98816
121.90842 213.82512
111.19155 224.31387
92.51061 337.71028
54.47858 340.51051
119.98902 300.85480
127.60884 303.91599
101.09093 335.19285
103.64514 335.51445
66.09559 202.81901
112.43180 299.01006
99.37232 206.47610
97.73158 198.53151
89.85495 159.15704
62.03597 193.92768
95.03753 178.45047
57.61002 212.21283
53.75411 208.62314
133.63770 331.54348
122.62809 332.52182
114.32179 333.63676
122.10881 302.51974
102.40746 335.35429
107.54832 338.71399
105.00893 335.70210
124.33669 298.34180
117.68464 336.05036
125.54633 336.17923
134.96402 336.71347
132.65500 364.48238
132.39007 355.48560
133.07545 350.14844
134.05982 344.87989
135.14100 340.83366
117.72057 338.26395
115.72398 339.95626
113.45256 342.45367
111.65137 345.32110
102.83994 323.35555
44.46362 290.93614
142.48364 306.21688
111.88683 337.11039
109.76344 337.76893
130.69960 307.82279
115.70658 304.51453
129.22217 305.94162
105.79554 269.49542
90.54726 276.20129
110.78311 293.57653
69.55972 169.29830
75.02879 183.34958
79.64711 197.89280
109.37766 354.20439
118.85812 200.88994
116.03732 177.11634
112.65885 153.99516
80.83632 247.27147
59.15549 257.02218
118.39108 242.85645
67.86427 230.48743
121.87432 257.23551
118.42524 291.92439
48.80666 264.64903
64.51997 263.90237
75.49399 267.26908
92.75689 265.23257
105.60632 260.81659
115.12780 255.99884
133.03008 244.03660
49.11290 285.33511
60.63699 228.81219
137.55158 303.85587
115.83979 273.75543
42.80480 245.54647
122.24585 250.69560
110.04107 293.89807
73.90275 237.90629
118.02447 285.08495
48.08242 315.45383
118.89571 239.43541
125.46782 279.48064
72.78031 362.16739
75.72247 373.61414
42.94488 289.10428
60.22271 349.87614
48.56330 226.19105
111.62133 392.70376
138.76757 305.92630
107.57132 280.99920
52.29436 244.51553
88.78447 243.65088
96.01737 244.28579
105.66273 339.91210
50.46119 305.86933
129.02980 404.62919
102.61082 393.55574
90.56638 385.56892
140.25330 176.79924
147.39373 405.77696
103.63805 243.25183
111.18897 241.34394
116.28531 240.33560
54.53236 226.59634
110.17875 232.57621
101.97350 230.28311
94.19301 230.44057
86.91605 232.35367
82.62538 234.67393
44.94559 221.72021
84.21033 242.09582
143.10855 315.65351
112.19966 318.38846
120.02112 299.45765
130.06137 316.09002
141.36395 228.79893
86.53016 374.35790
98.81287 383.65459
127.56450 398.61276
64.07874 359.85634
116.17488 236.62920
127.40805 260.27650
146.74846 399.31519
114.91277 400.23071
45.79554 311.50152
125.67473 339.54968
123.73227 342.61454
122.01279 346.64352
120.77472 351.39985
119.77599 360.33688
109.67618 335.32610
107.71163 334.54873
106.13629 333.75070
95.42188 329.78680
61.07014 310.40949
127.63001 249.94424
123.86897 231.02070
119.27394 232.56443
111.58671 336.01940
61.80629 334.73676
130.69634 230.27835
115.42249 371.75421
141.40887 263.30460
133.36219 255.07252
141.41534 252.77022
120.95250 276.12745
146.25825 389.63504
145.81267 376.63697
130.05988 376.65538
93.91801 353.20294
102.63228 301.85516
104.10416 364.00318
80.97897 300.86098
93.77272 311.63213
73.19676 316.88728
127.73747 389.28678
115.50025 281.58763
87.78455 362.26473
100.01668 373.22462
85.03064 340.81222
53.38509 323.25120
74.40743 344.12859
50.77990 332.03104
86.15851 323.50779
121.86402 266.87582
121.43430 296.63598
115.88609 298.54297
125.14762 290.08423
116.22140 221.53881
101.02696 215.30364
87.91060 214.63899
77.43125 217.32038
70.63437 222.36645
67.43661 240.21587
41.95256 267.71641
73.53711 254.06424
82.21843 256.74061
94.11530 256.51602
105.53387 253.88213
114.58472 250.29848
120.73392 246.96306
43.20346 267.98310
115.98388 300.80742
127.07772 269.62069
127.80608 297.50592
132.94184 302.24725
127.92218 299.02506
118.47606 303.53079
134.65880 303.20287
135.81517 305.25064
121.73316 239.55978
125.43149 241.40355
127.52742 242.97741
80.23230 236.30785
73.02029 231.17539
149.36131 264.49074
208.36911 235.17244
151.45449 303.06878
237.62885 196.23532
183.38483 244.83669
192.61151 245.27700
201.32161 244.42406
212.13313 238.62682
175.31623 242.75706
195.89986 216.43036
185.04285 217.87695
205.93661 217.83472
212.17822 221.50379
220.02423 244.52564
181.17812 380.89814
211.28867 232.37150
246.55307 239.56750
229.76968 237.30280
191.27209 285.81649
158.84755 326.85332
157.45726 334.48159
170.60864 328.87206
178.36264 330.97654
167.00015 334.11189
174.42776 334.23002
189.95614 344.21582
149.69273 298.33949
150.47282 288.16404
224.77479 213.24409
170.64566 261.89728
173.07250 293.23252
173.73156 287.51104
220.28264 282.78600
149.89741 275.33849
203.14877 203.20769
216.04129 206.37587
227.79248 178.75734
161.82021 213.32243
175.78326 222.55101
197.72399 334.21367
244.17544 334.06928
166.18653 299.44085
158.36278 302.94235
188.86025 334.52916
186.42798 334.83673
220.61177 200.13375
174.09016 297.10211
185.45844 204.73539
186.71054 196.88079
191.66703 156.19917
221.81031 189.26585
186.16357 176.10994
229.63944 209.01201
232.26712 203.21773
158.45038 331.12763
168.88539 331.72848
176.56529 332.62623
164.10857 301.24580
187.62286 334.69202
182.88174 338.10251
185.10802 335.00037
160.83104 297.11891
172.58372 335.32262
165.25899 335.64050
156.34106 336.42810
158.26957 363.74788
159.43835 355.08359
158.89893 349.75988
157.97969 344.57811
156.68032 340.63571
172.91011 337.69168
175.09118 339.35759
177.44614 341.80080
179.26862 344.59401
185.73682 320.48638
251.31032 283.51046
178.30954 336.48880
180.63830 337.16852
155.34114 307.05508
171.27211 302.88506
156.75494 305.09775
180.92143 266.95938
196.88399 272.58030
175.82400 291.56738
213.39558 165.03359
207.17709 179.82716
205.94897 195.55632
181.56745 351.92146
164.26324 200.36189
164.67974 175.78260
168.11847 152.34857
208.34805 242.38093
229.75709 250.86883
169.80458 240.60751
220.88448 225.55800
163.66860 255.86759
166.55995 290.44517
240.78152 258.07230
224.34575 257.98849
213.02079 261.91163
195.31575 261.04910
182.05210 257.55571
171.93301 253.41453
150.42659 243.48885
241.74712 278.66349
227.86778 224.22265
147.00331 303.49062
170.37341 271.95653
248.89561 238.27869
164.29419 248.48407
176.97762 291.83266
215.41060 232.66678
167.06263 283.56665
249.39126 308.40775
169.22059 237.20411
158.43928 278.41977
222.63577 357.40881
222.21434 369.35670
250.42958 281.70872
235.60479 343.92814
239.47604 219.93348
182.62511 390.75506
146.25544 305.63501
179.30301 278.65518
237.03313 238.67504
200.31115 238.90073
192.68269 239.95722
184.82106 339.26586
241.92262 299.18593
165.93636 403.68773
193.85623 391.14394
206.67722 382.41663
184.83245 239.62074
177.23620 238.48559
172.00248 238.00002
233.67984 222.17997
177.66896 230.04384
185.74151 227.06111
193.92546 226.30183
201.82406 227.40223
206.53680 229.38395
244.15925 215.02735
205.19212 237.07910
175.60571 316.25186
165.89917 298.04723
156.72358 315.29322
208.52761 370.70795
195.94958 380.98955
166.21371 397.53354
234.52618 354.42976
171.85239 234.30597
156.94434 259.31792
180.72951 398.51060
249.00204 304.26296
165.58909 339.12700
167.65950 342.09273
169.46749 346.02914
170.77876 350.70256
171.13667 358.68282
180.77311 334.47341
182.76433 333.63541
184.42641 332.73850
193.97221 326.38572
230.00251 304.48936
156.82401 249.04778
162.36220 229.59554
168.01272 230.79797
178.67301 335.22420
231.48200 328.85944
154.16714 229.41594
176.75046 369.89570
149.97174 254.49683
164.28744 274.78476
161.80264 375.70504
197.84129 349.96787
185.10859 299.16198
188.08606 361.45536
207.82798 296.47582
194.91383 308.20774
217.15388 311.91305
165.02147 388.18349
170.64017 279.79497
205.49647 358.61819
193.35440 370.48909
206.05220 336.95532
240.18403 316.68863
218.23020 339.41990
245.02499 325.14106
203.59155 319.48860
163.43291 265.56821
163.66019 295.25441
170.10842 296.91214
158.86803 288.99883
169.56460 220.35802
184.99564 213.33421
198.82668 211.74503
210.04281 213.54181
217.53114 217.97460
221.61839 234.90078
249.77887 260.29143
215.44671 248.87732
206.37320 251.94888
194.17117 252.43683
182.37769 250.65363
173.05791 247.82598
166.49781 244.82401
250.73560 260.42726
170.32243 299.14003
156.96482 268.64544
156.54156 296.50685
151.88983 301.59052
156.88111 298.06339
168.11171 302.01216
150.00642 302.64392
149.29391 304.73636
166.13417 237.57709
161.29332 239.64469
158.40821 241.20007
209.19892 230.94654
215.85589 226.13311
97.28354 235.69746
106.70821 235.04749
97.12682 226.82100
87.73682 236.29620
97.37630 244.63971
190.83710 231.93299
200.37432 231.61190
190.62196 223.69151
181.32031 232.22904
191.10289 240.27007
